1.387317115331792028e+00 1.387317115331792028e+00 1.387317115331792028e+00 1.387317115331792028e+00 1.387317115331792028e+00 1.387317115331792028e+00 1.387317115331792028e+00 1.389611957581560198e+00 1.389611957581560198e+00 1.389611957581560198e+00 1.389611957581560198e+00 1.376805112332250891e+00 1.387317115331792028e+00 1.389611957581560198e+00 1.389611957581560198e+00 1.389611957581560198e+00 1.376805112332250891e+00 1.387317115331792028e+00 1.387317115331792028e+00 1.387317115331792028e+00
1.389611957581560198e+00 1.389611957581560198e+00 1.389611957581560198e+00 1.389611957581560198e+00 1.389611957581560198e+00 1.389611957581560198e+00 1.389611957581560198e+00 1.505955625955174515e+00 1.424713535004778153e+00 8.194637775137491031e-01 8.194637775137491031e-01 1.389611957581560198e+00 1.389611957581560198e+00 1.505955625955174515e+00 1.424713535004778153e+00 8.194637775137491031e-01 1.389611957581560198e+00 1.389611957581560198e+00 1.389611957581560198e+00 1.389611957581560198e+00
8.799484350806676680e-01 8.194637775137491031e-01 8.275293500523792645e-01 8.275293500523792645e-01 8.799484350806676680e-01 8.194637775137491031e-01 8.194637775137491031e-01 8.275293500523792645e-01 1.029751765900189353e+00 1.029751765900189353e+00 1.041912591481560568e+00 1.041912591481560568e+00 1.446813238656150746e+00 1.420264849476479574e+00 8.275293500523792645e-01 7.929667924424613767e-01 7.929667924424613767e-01 1.041912591481560568e+00 1.041912591481560568e+00 8.275293500523792645e-01
1.446813238656150746e+00 8.799484350806676680e-01 8.194637775137491031e-01 1.446813238656150746e+00 8.799484350806676680e-01 8.799484350806676680e-01 8.194637775137491031e-01 1.041912591481560568e+00 1.041912591481560568e+00 1.193931229416546058e+00 1.193931229416546058e+00 1.376805112332250891e+00 1.387317115331792028e+00 1.420264849476479574e+00 1.088012546557757254e+00 1.376805112332250891e+00 1.376805112332250891e+00 1.387317115331792028e+00 1.029751765900189353e+00 7.929667924424613767e-01
1.193931229416546058e+00 1.446813238656150746e+00 1.446813238656150746e+00 1.446813238656150746e+00 1.713851666243001004e+00 1.088012546557757254e+00 1.259980764519020857e+00 1.041912591481560568e+00 1.424713535004778153e+00 2.602848582009876566e+00 1.424713535004778153e+00 2.008636780975051828e+00 1.389611957581560198e+00 1.505955625955174515e+00 1.424713535004778153e+00 1.597914220750751513e+00 1.193931229416546058e+00 1.210639152220601478e+00 1.193931229416546058e+00 1.193931229416546058e+00
1.712137505363503065e+00 1.712137505363503065e+00 1.477343376944341591e+00 1.843223737640834026e+00 1.581441769891193783e+00 1.424713535004778153e+00 1.597914220750751513e+00 1.968956793050150811e+00 2.851247380433852729e+00 1.713851666243001004e+00 1.700793118262584258e+01 3.746987263688904335e+00 3.746987263688904335e+00 4.891711749614450433e+00 1.651591775012920316e+00 2.008636780975051828e+00 1.424713535004778153e+00 1.424713535004778153e+00 1.573971356588292903e+00 1.618000300284643700e+00
1.649450794251297481e+00 1.843223737640834026e+00 1.713851666243001004e+00 1.739782124245339068e+00 3.257341658757411107e+00 1.651591775012920316e+00 1.839278370931845874e+00 1.618000300284643700e+00 4.174549447486939791e+00 1.843223737640834026e+00 1.446813238656150746e+00 1.446813238656150746e+00 1.446813238656150746e+00 1.446813238656150746e+00 1.446813238656150746e+00 1.446813238656150746e+00 1.946536966844907068e+00 1.467420236836313618e+00 1.477343376944341591e+00 1.376805112332250891e+00
1.616491159975947722e+00 1.499262358286829633e+00 1.458926882373738687e+00 1.739782124245339068e+00 1.446813238656150746e+00 2.019986880851456945e+00 1.843223737640834026e+00 1.843223737640834026e+00 1.983571548087455172e+00 1.618000300284643700e+00 1.618000300284643700e+00 1.712137505363503065e+00 1.552502558760601836e+00 1.477343376944341591e+00 1.296705423024358650e+00 1.467420236836313618e+00 8.194637775137491031e-01 1.651591775012920316e+00 1.616491159975947722e+00 1.376805112332250891e+00
1.227766707674468272e+00 1.465331695658469213e+00 1.446813238656150746e+00 1.465856837589404549e+00 1.446813238656150746e+00 1.704811188160465507e+00 1.713851666243001004e+00 1.739782124245339068e+00 1.654362616489111870e+00 1.713851666243001004e+00 1.651591775012920316e+00 1.649450794251297481e+00 1.610382995712599463e+00 1.428638813283731324e+00 1.486901096129977340e+00 1.088012546557757254e+00 8.194637775137491031e-01 8.194637775137491031e-01 1.227766707674468272e+00 1.389611957581560198e+00
1.210639152220601478e+00 1.453419187518271594e+00 1.446813238656150746e+00 1.420264849476479574e+00 1.543729889934378097e+00 1.467420236836313618e+00 1.505955625955174515e+00 1.968956793050150811e+00 1.637802992244726141e+00 1.651591775012920316e+00 1.661365178350659333e+00 1.505955625955174515e+00 1.843223737640834026e+00 1.376805112332250891e+00 1.183977265424331238e+00 1.088012546557757254e+00 8.194637775137491031e-01 1.376805112332250891e+00 1.376805112332250891e+00 1.420264849476479574e+00
1.467420236836313618e+00 1.668985090247356640e+00 1.424713535004778153e+00 1.420264849476479574e+00 1.543729889934378097e+00 1.041912591481560568e+00 3.828335101811628061e+00 3.746987263688904335e+00 2.334562811205733723e+00 2.217504978625618683e+00 2.188432695577267939e+00 1.613239526013614977e+00 1.376805112332250891e+00 1.420264849476479574e+00 1.219432676772934654e+00 8.799484350806676680e-01 8.194637775137491031e-01 1.376805112332250891e+00 1.418620097608169095e+00 1.210639152220601478e+00
1.651591775012920316e+00 1.618000300284643700e+00 1.614938673901893829e+00 1.453419187518271594e+00 1.465331695658469213e+00 1.458926882373738687e+00 1.446813238656150746e+00 4.552038690949930633e+00 3.603806964844276983e+00 3.176741896148019606e+00 2.602848582009876566e+00 1.968956793050150811e+00 1.685770120633136360e+00 1.567251086698256746e+00 1.505955625955174515e+00 1.713851666243001004e+00 1.376805112332250891e+00 1.247064098548694711e+00 1.183977265424331238e+00 1.088012546557757254e+00
1.844177061917319449e+00 1.691919853496202997e+00 1.843223737640834026e+00 1.418620097608169095e+00 1.389611957581560198e+00 1.712137505363503065e+00 1.843223737640834026e+00 1.713851666243001004e+00 2.019986880851456945e+00 1.446813238656150746e+00 1.713851666243001004e+00 1.668985090247356640e+00 2.008636780975051828e+00 2.188432695577267939e+00 1.505955625955174515e+00 1.618000300284643700e+00 1.247064098548694711e+00 1.184489755918717746e+00 1.088012546557757254e+00 8.275293500523792645e-01
1.688825717131746451e+00 1.843223737640834026e+00 1.713851666243001004e+00 1.486901096129977340e+00 1.505955625955174515e+00 1.713851666243001004e+00 1.567251086698256746e+00 1.552502558760601836e+00 1.669770284651644232e+00 1.552502558760601836e+00 1.713851666243001004e+00 1.843223737640834026e+00 1.424713535004778153e+00 1.424713535004778153e+00 1.651591775012920316e+00 1.467420236836313618e+00 1.505955625955174515e+00 1.259980764519020857e+00 1.088012546557757254e+00 8.275293500523792645e-01
1.559734512072415757e+00 1.477343376944341591e+00 1.612386125062475362e+00 1.461945197618328640e+00 1.503913736818593749e+00 1.572010446177020793e+00 1.688825717131746451e+00 1.649450794251297481e+00 1.649450794251297481e+00 1.503913736818593749e+00 1.505955625955174515e+00 2.894856176065979003e+00 1.700793118262584258e+01 1.618000300284643700e+00 2.048147418484377535e+00 2.048147418484377535e+00 1.817216895669084620e+00 1.477343376944341591e+00 1.612386125062475362e+00 8.799484350806676680e-01
1.467420236836313618e+00 1.572010446177020793e+00 1.424351470704003475e+00 1.543729889934378097e+00 1.041912591481560568e+00 2.008636780975051828e+00 2.008636780975051828e+00 1.505955625955174515e+00 1.424713535004778153e+00 4.891711749614450433e+00 5.131704492908861326e+00 2.880429059817323889e+00 1.446813238656150746e+00 1.867209682411902438e+00 1.704811188160465507e+00 1.713851666243001004e+00 1.610382995712599463e+00 1.446813238656150746e+00 1.420264849476479574e+00 1.088012546557757254e+00
1.029751765900189353e+00 8.194637775137491031e-01 8.194637775137491031e-01 1.843223737640834026e+00 1.713851666243001004e+00 7.983471340943921746e+00 3.746987263688904335e+00 3.089395634115661426e+00 2.880429059817323889e+00 1.713851666243001004e+00 1.651591775012920316e+00 1.989500886307329353e+00 1.843223737640834026e+00 1.843223737640834026e+00 1.616491159975947722e+00 1.688825717131746451e+00 1.552502558760601836e+00 1.477343376944341591e+00 1.420264849476479574e+00 1.088012546557757254e+00
8.799484350806676680e-01 8.799484350806676680e-01 8.194637775137491031e-01 8.275293500523792645e-01 1.446813238656150746e+00 1.446813238656150746e+00 1.446813238656150746e+00 1.472597238142925757e+00 8.799484350806676680e-01 8.194637775137491031e-01 8.194637775137491031e-01 1.467420236836313618e+00 1.855762719382618497e+00 1.610382995712599463e+00 1.567251086698256746e+00 1.477343376944341591e+00 1.505955625955174515e+00 1.503913736818593749e+00 1.505955625955174515e+00 8.799484350806676680e-01
1.088012546557757254e+00 1.041912591481560568e+00 8.275293500523792645e-01 8.194637775137491031e-01 8.194637775137491031e-01 8.799484350806676680e-01 8.194637775137491031e-01 8.194637775137491031e-01 8.799484350806676680e-01 8.799484350806676680e-01 1.088012546557757254e+00 8.194637775137491031e-01 8.194637775137491031e-01 8.194637775137491031e-01 1.503913736818593749e+00 1.503913736818593749e+00 1.389611957581560198e+00 1.424713535004778153e+00 8.275293500523792645e-01 8.275293500523792645e-01
1.088012546557757254e+00 8.275293500523792645e-01 8.275293500523792645e-01 1.376805112332250891e+00 1.296705423024358650e+00 8.799484350806676680e-01 8.194637775137491031e-01 8.275293500523792645e-01 7.929667924424613767e-01 7.929667924424613767e-01 8.275293500523792645e-01 1.446813238656150746e+00 7.929667924424613767e-01 8.194637775137491031e-01 1.446813238656150746e+00 1.446813238656150746e+00 1.446813238656150746e+00 1.446813238656150746e+00 1.446813238656150746e+00 1.376805112332250891e+00
