7.926180828709767923e-01 7.926180828709767923e-01 7.926180828709767923e-01 7.926180828709767923e-01 7.926180828709767923e-01 7.926180828709767923e-01 1.065758935661741846e+00 1.065758935661741846e+00 1.088012546557757254e+00 8.275293500523792645e-01 8.275293500523792645e-01 8.275293500523792645e-01 1.088012546557757254e+00 1.065758935661741846e+00 1.016275563087950751e+00 1.328583675907910155e+00 1.381511869361276901e+00 1.381393823623835448e+00 1.476926833500099345e+00 1.381393823623835448e+00
7.926180828709767923e-01 7.926180828709767923e-01 7.926180828709767923e-01 7.926180828709767923e-01 7.926180828709767923e-01 1.065758935661741846e+00 1.088012546557757254e+00 8.275293500523792645e-01 8.275293500523792645e-01 8.275293500523792645e-01 1.088012546557757254e+00 1.505955625955174515e+00 1.651591775012920316e+00 1.573991048200984011e+00 1.477343376944341591e+00 1.418620097608169095e+00 1.446987275405187345e+00 1.503913736818593749e+00 1.381393823623835448e+00 1.088012546557757254e+00
7.926180828709767923e-01 7.926180828709767923e-01 7.926180828709767923e-01 7.926180828709767923e-01 1.264205647332570237e+00 1.264205647332570237e+00 1.088012546557757254e+00 8.275293500523792645e-01 1.088012546557757254e+00 1.424713535004778153e+00 1.424713535004778153e+00 4.187183093749625584e+01 6.768862682073961423e+01 2.008636780975051828e+00 1.424713535004778153e+00 1.381511869361276901e+00 1.381393823623835448e+00 1.453419187518271594e+00 1.381393823623835448e+00 8.275293500523792645e-01
1.016275563087950751e+00 7.926180828709767923e-01 7.926180828709767923e-01 7.926180828709767923e-01 1.328583675907910155e+00 1.193931229416546058e+00 1.088012546557757254e+00 1.088012546557757254e+00 1.424713535004778153e+00 5.185261557817540279e+01 8.669826862958356628e+01 1.615310368925458420e+02 1.576917264683239921e+02 7.867319395615963629e+01 6.768862682073961423e+01 1.636866787662233591e+00 1.328583675907910155e+00 1.381393823623835448e+00 1.088012546557757254e+00 8.275293500523792645e-01
1.016275563087950751e+00 8.275293500523792645e-01 7.926180828709767923e-01 1.065758935661741846e+00 7.926180828709767923e-01 1.088012546557757254e+00 1.505955625955174515e+00 1.424713535004778153e+00 3.171406661039327446e+01 3.670716319662184901e+01 3.670716319662184901e+01 1.217000096430795821e+02 1.649042478387283666e+02 1.619588780855702339e+02 1.565807271484344199e+02 1.651591775012920316e+00 1.597914220750751513e+00 1.505955625955174515e+00 1.088012546557757254e+00 7.926180828709767923e-01
1.088012546557757254e+00 1.088012546557757254e+00 1.016275563087950751e+00 1.016275563087950751e+00 1.088012546557757254e+00 1.424713535004778153e+00 9.949153702031004798e+00 1.573991048200984011e+00 1.477343376944341591e+00 1.477343376944341591e+00 1.713851666243001004e+00 1.713851666243001004e+00 1.657832046562924688e+02 1.665474644541448583e+02 1.445277892569100118e+02 1.651591775012920316e+00 1.727598891278980586e+00 1.499262358286829633e+00 1.184489755918717746e+00 7.926180828709767923e-01
1.088012546557757254e+00 1.088012546557757254e+00 1.016275563087950751e+00 1.088012546557757254e+00 1.424713535004778153e+00 3.135924228654838330e+01 1.573991048200984011e+00 1.065758935661741846e+00 1.065758935661741846e+00 1.651591775012920316e+00 1.088012546557757254e+00 6.748749237057340622e+01 1.657832046562924688e+02 1.664218353935301309e+02 1.664218353935301309e+02 1.651591775012920316e+00 1.453296330911048928e+00 1.549835168263192786e+00 1.381393823623835448e+00 8.275293500523792645e-01
1.088012546557757254e+00 1.088012546557757254e+00 1.088012546557757254e+00 1.505955625955174515e+00 1.559725071308526800e+01 1.651591775012920316e+00 1.665309886536630923e+00 1.065758935661741846e+00 1.065758935661741846e+00 1.088012546557757254e+00 1.088012546557757254e+00 1.559725071308526800e+01 1.657832046562924688e+02 1.663612884833478063e+02 1.664218353935301309e+02 1.573991048200984011e+00 1.328583675907910155e+00 1.381393823623835448e+00 1.088012546557757254e+00 8.275293500523792645e-01
1.088012546557757254e+00 1.088012546557757254e+00 5.036829051992705075e+01 5.433796044358945920e+01 1.069332519000678019e+02 1.651591775012920316e+00 1.573991048200984011e+00 1.713851666243001004e+00 1.193931229416546058e+00 1.424713535004778153e+00 1.299096397799066871e+01 8.669826862958356628e+01 1.657832046562924688e+02 1.662156510412373507e+02 1.012587344022272475e+02 1.453296330911048928e+00 1.328583675907910155e+00 1.381393823623835448e+00 1.088012546557757254e+00 8.275293500523792645e-01
1.088012546557757254e+00 1.088012546557757254e+00 8.669826862958356628e+01 1.154949942904592035e+02 1.576917264683239921e+02 8.924460166548530538e+01 2.008636780975051828e+00 1.505955625955174515e+00 1.424713535004778153e+00 1.559725071308526800e+01 8.669826862958356628e+01 1.217000096430795821e+02 1.632187172630656846e+02 1.664218353935301309e+02 1.651591775012920316e+00 1.264205647332570237e+00 1.381511869361276901e+00 1.442365982927015677e+00 1.088012546557757254e+00 7.926180828709767923e-01
1.088012546557757254e+00 6.748749237057340622e+01 1.657832046562924688e+02 1.665474644541448583e+02 1.646517777633367814e+02 1.327695510869750990e+02 1.520743399756959491e+02 6.768862682073961423e+01 1.300806703358726679e+01 1.345651919032489374e+01 1.945311533786203695e+00 9.103675792292530389e+01 1.650456317050905568e+02 1.012587344022272475e+02 1.573991048200984011e+00 1.381511869361276901e+00 1.505955625955174515e+00 1.193931229416546058e+00 1.088012546557757254e+00 1.088012546557757254e+00
1.381393823623835448e+00 1.465856837589404549e+00 1.713851666243001004e+00 1.657832046562924688e+02 1.665474644541448583e+02 1.665474644541448583e+02 1.591420615232930516e+02 1.573991048200984011e+00 1.703408393921115316e+00 1.713851666243001004e+00 1.713851666243001004e+00 4.505760695901905422e+01 1.310108562688255347e+02 6.551390329448364014e+01 1.264205647332570237e+00 1.065758935661741846e+00 1.065758935661741846e+00 1.088012546557757254e+00 1.088012546557757254e+00 1.088012546557757254e+00
1.065758935661741846e+00 1.088012546557757254e+00 1.465856837589404549e+00 1.713851666243001004e+00 9.564407232010385940e+01 9.564407232010385940e+01 1.573991048200984011e+00 1.573991048200984011e+00 1.616491159975947722e+00 1.477343376944341591e+00 1.556827975410163045e+00 3.380360517074772275e+01 1.310108562688255347e+02 1.651591775012920316e+00 1.264205647332570237e+00 1.065758935661741846e+00 1.088012546557757254e+00 1.088012546557757254e+00 1.259980764519020857e+00 1.381393823623835448e+00
1.088012546557757254e+00 1.088012546557757254e+00 1.088012546557757254e+00 1.386069819795936464e+00 5.632631492420827612e+01 1.446987275405187345e+00 1.567251086698256746e+00 1.557003118191639057e+00 1.477343376944341591e+00 1.549835168263192786e+00 1.476926833500099345e+00 8.669826862958356628e+01 1.576917264683239921e+02 1.651591775012920316e+00 1.328583675907910155e+00 1.193931229416546058e+00 1.088012546557757254e+00 1.453296330911048928e+00 1.424713535004778153e+00 1.381393823623835448e+00
8.275293500523792645e-01 8.275293500523792645e-01 1.065758935661741846e+00 1.065758935661741846e+00 1.088012546557757254e+00 1.088012546557757254e+00 1.088012546557757254e+00 1.503913736818593749e+00 1.486901096129977340e+00 1.505955625955174515e+00 8.275293500523792645e-01 1.657832046562924688e+02 1.618027542057685366e+02 1.651591775012920316e+00 1.328583675907910155e+00 1.381393823623835448e+00 1.088012546557757254e+00 1.184489755918717746e+00 1.465121978560540494e+00 1.088012546557757254e+00
7.926180828709767923e-01 8.275293500523792645e-01 8.275293500523792645e-01 1.065758935661741846e+00 1.088012546557757254e+00 1.088012546557757254e+00 1.088012546557757254e+00 1.065758935661741846e+00 1.065758935661741846e+00 8.275293500523792645e-01 6.748749237057340622e+01 1.657832046562924688e+02 1.356220107981356193e+02 1.651591775012920316e+00 1.381511869361276901e+00 1.381393823623835448e+00 1.193931229416546058e+00 1.184489755918717746e+00 1.088012546557757254e+00 1.088012546557757254e+00
8.275293500523792645e-01 8.275293500523792645e-01 1.016275563087950751e+00 1.264205647332570237e+00 1.088012546557757254e+00 1.184489755918717746e+00 1.065758935661741846e+00 1.088012546557757254e+00 1.088012546557757254e+00 1.016275563087950751e+00 6.748749237057340622e+01 1.547677796186151227e+02 1.356220107981356193e+02 1.651591775012920316e+00 1.573991048200984011e+00 1.328583675907910155e+00 1.193931229416546058e+00 1.193931229416546058e+00 1.088012546557757254e+00 8.275293500523792645e-01
7.926180828709767923e-01 1.065758935661741846e+00 1.065758935661741846e+00 1.193931229416546058e+00 1.088012546557757254e+00 1.193931229416546058e+00 1.088012546557757254e+00 1.088012546557757254e+00 1.088012546557757254e+00 1.088012546557757254e+00 1.713851666243001004e+00 1.657832046562924688e+02 1.650456317050905568e+02 1.651591775012920316e+00 1.573991048200984011e+00 1.328583675907910155e+00 1.381393823623835448e+00 1.381393823623835448e+00 1.088012546557757254e+00 8.275293500523792645e-01
8.275293500523792645e-01 1.065758935661741846e+00 1.065758935661741846e+00 1.065758935661741846e+00 1.088012546557757254e+00 1.088012546557757254e+00 1.193931229416546058e+00 1.193931229416546058e+00 1.088012546557757254e+00 1.088012546557757254e+00 1.556827975410163045e+00 1.713851666243001004e+00 1.650456317050905568e+02 1.651591775012920316e+00 1.573991048200984011e+00 1.328583675907910155e+00 1.381393823623835448e+00 1.381393823623835448e+00 8.275293500523792645e-01 7.926180828709767923e-01
7.926180828709767923e-01 8.275293500523792645e-01 8.275293500523792645e-01 8.275293500523792645e-01 1.065758935661741846e+00 1.088012546557757254e+00 1.328583675907910155e+00 1.381393823623835448e+00 1.193931229416546058e+00 1.418620097608169095e+00 1.381393823623835448e+00 4.434012045073966846e+00 6.042226346181723073e+01 1.651591775012920316e+00 1.557003118191639057e+00 1.264205647332570237e+00 1.381393823623835448e+00 1.088012546557757254e+00 8.275293500523792645e-01 7.926180828709767923e-01
