8.275293500523792645e-01 8.275293500523792645e-01 7.929667924424613767e-01 7.929667924424613767e-01 1.227766707674468272e+00 1.503913736818593749e+00 1.549835168263192786e+00 1.193931229416546058e+00 1.193931229416546058e+00 1.424713535004778153e+00 1.424713535004778153e+00 1.651591775012920316e+00 1.378501574633052451e+00 1.420264849476479574e+00 1.041912591481560568e+00 1.041912591481560568e+00 1.227766707674468272e+00 1.376805112332250891e+00 1.420264849476479574e+00 1.088012546557757254e+00
8.275293500523792645e-01 8.275293500523792645e-01 8.275293500523792645e-01 7.929667924424613767e-01 8.275293500523792645e-01 1.465121978560540494e+00 1.424713535004778153e+00 7.867319395615963629e+01 6.768862682073961423e+01 9.798816819033650916e+01 1.576917264683239921e+02 1.651591775012920316e+00 1.520915860855592605e+00 1.387317115331792028e+00 1.387317115331792028e+00 1.155024761676956446e+00 1.651591775012920316e+00 1.378501574633052451e+00 1.442365982927015677e+00 1.088012546557757254e+00
8.275293500523792645e-01 8.275293500523792645e-01 8.275293500523792645e-01 7.929667924424613767e-01 8.275293500523792645e-01 1.543729889934378097e+00 1.154949942904592035e+02 1.664142389863376650e+02 1.665474644541448583e+02 1.576917264683239921e+02 1.271785979670221707e+02 1.651591775012920316e+00 1.376805112332250891e+00 1.376805112332250891e+00 1.184277813070984342e+00 1.065758935661741846e+00 1.088012546557757254e+00 1.577818801921960779e+00 1.505955625955174515e+00 1.192872812303656493e+00
8.275293500523792645e-01 8.275293500523792645e-01 7.929667924424613767e-01 7.929667924424613767e-01 1.088012546557757254e+00 6.748749237057340622e+01 1.657832046562924688e+02 1.663612884833478063e+02 1.664218353935301309e+02 1.636419541190276448e+02 4.054045686805537230e+01 1.376805112332250891e+00 1.376805112332250891e+00 1.247064098548694711e+00 1.184489755918717746e+00 1.088012546557757254e+00 1.088012546557757254e+00 1.567251086698256746e+00 1.649450794251297481e+00 1.713851666243001004e+00
8.275293500523792645e-01 8.275293500523792645e-01 7.929667924424613767e-01 7.929667924424613767e-01 1.543729889934378097e+00 8.669826862958356628e+01 1.657832046562924688e+02 1.664218353935301309e+02 1.636419541190276448e+02 1.573991048200984011e+00 1.376805112332250891e+00 1.376805112332250891e+00 1.387317115331792028e+00 1.193931229416546058e+00 1.088012546557757254e+00 1.193931229416546058e+00 8.275293500523792645e-01 8.275293500523792645e-01 1.465121978560540494e+00 1.192872812303656493e+00
8.275293500523792645e-01 8.275293500523792645e-01 8.275293500523792645e-01 8.275293500523792645e-01 6.748749237057340622e+01 1.657832046562924688e+02 1.663612884833478063e+02 1.664218353935301309e+02 1.573991048200984011e+00 1.668985090247356640e+00 1.065758935661741846e+00 1.247064098548694711e+00 1.192872812303656493e+00 1.184489755918717746e+00 1.088012546557757254e+00 8.275293500523792645e-01 7.929667924424613767e-01 8.275293500523792645e-01 8.275293500523792645e-01 1.088012546557757254e+00
8.275293500523792645e-01 8.275293500523792645e-01 8.275293500523792645e-01 8.275293500523792645e-01 1.713851666243001004e+00 1.180347318711234976e+02 1.636419541190276448e+02 1.636419541190276448e+02 1.651591775012920316e+00 1.520915860855592605e+00 1.155024761676956446e+00 1.420264849476479574e+00 1.041912591481560568e+00 1.155024761676956446e+00 1.192872812303656493e+00 1.016275563087950751e+00 7.929667924424613767e-01 7.929667924424613767e-01 7.929667924424613767e-01 8.275293500523792645e-01
8.275293500523792645e-01 8.275293500523792645e-01 8.275293500523792645e-01 7.929667924424613767e-01 8.275293500523792645e-01 3.380360517074772275e+01 1.053511825278631164e+02 1.461392804098372551e+02 7.809143859274388433e+01 2.008636780975051828e+00 1.193931229416546058e+00 1.424713535004778153e+00 1.424713535004778153e+00 1.651591775012920316e+00 1.376805112332250891e+00 1.016275563087950751e+00 1.016275563087950751e+00 8.275293500523792645e-01 8.275293500523792645e-01 8.275293500523792645e-01
8.275293500523792645e-01 8.275293500523792645e-01 8.275293500523792645e-01 7.929667924424613767e-01 8.275293500523792645e-01 1.192872812303656493e+00 1.713851666243001004e+00 9.103675792292530389e+01 1.626518216624890556e+02 1.320744298183437309e+02 8.410100337358655054e+01 9.798816819033650916e+01 6.768862682073961423e+01 6.768862682073961423e+01 2.888270255419664068e+01 1.193931229416546058e+00 1.387317115331792028e+00 1.016275563087950751e+00 7.929667924424613767e-01 8.275293500523792645e-01
8.275293500523792645e-01 8.275293500523792645e-01 8.275293500523792645e-01 8.275293500523792645e-01 7.929667924424613767e-01 1.376805112332250891e+00 1.387317115331792028e+00 1.713851666243001004e+00 1.447826234980627191e+02 1.370085202927404282e+02 1.657832046562924688e+02 1.657832046562924688e+02 1.496563303881040383e+02 1.658932323873407881e+02 1.252215593997238443e+02 2.888270255419664068e+01 1.573991048200984011e+00 1.387317115331792028e+00 1.713851666243001004e+00 8.275293500523792645e-01
8.275293500523792645e-01 8.275293500523792645e-01 8.275293500523792645e-01 8.275293500523792645e-01 7.929667924424613767e-01 1.447759880441468416e+00 1.192872812303656493e+00 2.234077539705114468e+00 6.410636410565942356e+01 1.490310026159603467e+02 1.657832046562924688e+02 1.658593927668708830e+02 1.663612884833478063e+02 1.657832046562924688e+02 1.327695510869750990e+02 1.651591775012920316e+00 1.577818801921960779e+00 1.505955625955174515e+00 1.713851666243001004e+00 7.929667924424613767e-01
8.275293500523792645e-01 8.275293500523792645e-01 8.275293500523792645e-01 8.275293500523792645e-01 7.929667924424613767e-01 1.381511869361276901e+00 1.155024761676956446e+00 1.184277813070984342e+00 6.748749237057340622e+01 1.657832046562924688e+02 1.664142389863376650e+02 1.663612884833478063e+02 1.664218353935301309e+02 1.659997423171993205e+02 1.650456317050905568e+02 1.327695510869750990e+02 1.651591775012920316e+00 1.520915860855592605e+00 1.713851666243001004e+00 1.088012546557757254e+00
8.275293500523792645e-01 8.275293500523792645e-01 8.275293500523792645e-01 8.275293500523792645e-01 7.929667924424613767e-01 7.929667924424613767e-01 1.041912591481560568e+00 1.088012546557757254e+00 1.500829608427698929e+02 1.657832046562924688e+02 1.663612884833478063e+02 1.387401141858892117e+02 1.115120867170807628e+02 1.053511825278631164e+02 1.636419541190276448e+02 1.650456317050905568e+02 1.651591775012920316e+00 1.573991048200984011e+00 1.728342133174092021e+00 1.543729889934378097e+00
8.275293500523792645e-01 8.275293500523792645e-01 8.275293500523792645e-01 8.275293500523792645e-01 7.929667924424613767e-01 1.065758935661741846e+00 7.929667924424613767e-01 1.543729889934378097e+00 1.266189656191406243e+02 1.664142389863376650e+02 1.664218353935301309e+02 1.573991048200984011e+00 2.743394252917593334e+01 1.713851666243001004e+00 1.216789091809828705e+02 1.410046750402263740e+02 8.924460166548530538e+01 2.008636780975051828e+00 1.505955625955174515e+00 1.088012546557757254e+00
8.275293500523792645e-01 8.275293500523792645e-01 8.275293500523792645e-01 8.275293500523792645e-01 7.929667924424613767e-01 7.929667924424613767e-01 1.088012546557757254e+00 6.321898427646260643e+01 1.664142389863376650e+02 1.663612884833478063e+02 1.664218353935301309e+02 1.728504791554716702e+00 1.713851666243001004e+00 1.543729889934378097e+00 9.985660739341928149e+01 1.014572679778440261e+02 7.066659754653775849e+01 5.023337133609960148e+00 1.685770120633136360e+00 1.065758935661741846e+00
8.275293500523792645e-01 8.275293500523792645e-01 8.275293500523792645e-01 8.275293500523792645e-01 7.929667924424613767e-01 1.016275563087950751e+00 6.748749237057340622e+01 1.657832046562924688e+02 1.665474644541448583e+02 1.664218353935301309e+02 1.252215593997238443e+02 2.008636780975051828e+00 1.505955625955174515e+00 1.970498582547777389e+01 6.355425149825219933e+01 7.809208693162618431e+01 1.573991048200984011e+00 1.668985090247356640e+00 3.430362723589596374e+00 1.065758935661741846e+00
8.275293500523792645e-01 8.275293500523792645e-01 8.275293500523792645e-01 8.275293500523792645e-01 7.929667924424613767e-01 8.275293500523792645e-01 1.713851666243001004e+00 1.657832046562924688e+02 1.665474644541448583e+02 1.664218353935301309e+02 1.327695510869750990e+02 7.867319395615963629e+01 9.798816819033650916e+01 6.355425149825219933e+01 1.014572679778440261e+02 1.304828330148743021e+01 1.728504791554716702e+00 1.376805112332250891e+00 1.713851666243001004e+00 1.549835168263192786e+00
8.275293500523792645e-01 8.275293500523792645e-01 8.275293500523792645e-01 8.275293500523792645e-01 8.275293500523792645e-01 8.275293500523792645e-01 1.713851666243001004e+00 1.659997423171993205e+02 1.650456317050905568e+02 1.664218353935301309e+02 1.636419541190276448e+02 1.576917264683239921e+02 1.576917264683239921e+02 1.289203340815529657e+02 1.651591775012920316e+00 1.477343376944341591e+00 1.447759880441468416e+00 1.227766707674468272e+00 1.184277813070984342e+00 1.088012546557757254e+00
8.275293500523792645e-01 8.275293500523792645e-01 8.275293500523792645e-01 8.275293500523792645e-01 8.275293500523792645e-01 7.929667924424613767e-01 8.275293500523792645e-01 1.723274296545236339e+00 6.621084178654916741e+01 6.706932911946690012e+01 4.370246988271712496e+01 8.372147463562482983e+01 3.670716319662184901e+01 6.706932911946690012e+01 1.376805112332250891e+00 1.420264849476479574e+00 1.465121978560540494e+00 1.065758935661741846e+00 1.505955625955174515e+00 8.275293500523792645e-01
8.275293500523792645e-01 8.275293500523792645e-01 8.275293500523792645e-01 8.275293500523792645e-01 8.275293500523792645e-01 8.275293500523792645e-01 8.275293500523792645e-01 1.227766707674468272e+00 1.227766707674468272e+00 2.873290675441464259e+01 3.387224808234146423e+01 2.873290675441464259e+01 2.665531767927086904e+01 1.736323393251412828e+00 1.065758935661741846e+00 1.155024761676956446e+00 1.193931229416546058e+00 8.275293500523792645e-01 8.275293500523792645e-01 8.275293500523792645e-01
