1.063879079389938198e+00 1.063879079389938198e+00 1.063879079389938198e+00 1.063879079389938198e+00 1.406847842370277490e+00 1.363262116195477658e+00 1.738885747550350080e+00 2.688077425020713562e+00 2.112176858536840562e+00 7.867319395615963629e+01 9.828934731957308202e+01 7.812955769777929049e+01 7.867319395615963629e+01 1.635618759024197288e+01 2.318211495902166241e+00 1.406847842370277490e+00 1.063879079389938198e+00 1.184489755918717746e+00 1.184489755918717746e+00 1.184489755918717746e+00
1.063879079389938198e+00 1.063879079389938198e+00 1.063879079389938198e+00 1.063879079389938198e+00 1.377353748697675906e+00 1.184489755918717746e+00 5.631321889499330524e+01 1.154949942904592035e+02 1.658593927668708830e+02 1.381932190932051583e+02 1.621850987615252109e+02 1.625760806492600636e+02 1.658593927668708830e+02 1.239110884094783813e+02 1.239110884094783813e+02 1.851459101751287584e+00 1.063879079389938198e+00 1.063879079389938198e+00 1.184489755918717746e+00 1.063879079389938198e+00
1.063879079389938198e+00 1.063879079389938198e+00 1.063879079389938198e+00 1.063879079389938198e+00 1.063879079389938198e+00 1.414546928672917758e+00 5.631321889499330524e+01 1.655202429410645095e+02 1.658593927668708830e+02 1.663370479960022124e+02 1.658593927668708830e+02 1.658593927668708830e+02 1.663370479960022124e+02 1.663370479960022124e+02 1.327695510869750990e+02 1.239110884094783813e+02 1.680114372176631621e+00 1.063879079389938198e+00 1.063879079389938198e+00 1.063879079389938198e+00
1.063879079389938198e+00 1.063879079389938198e+00 1.063879079389938198e+00 1.063879079389938198e+00 1.184489755918717746e+00 1.738885747550350080e+00 9.985660739341928149e+01 1.655202429410645095e+02 1.634658636049823315e+02 1.655272499856333468e+02 1.639272485836730766e+02 1.639272485836730766e+02 1.639272485836730766e+02 1.223718728795579693e+02 1.604712096076513319e+02 1.576917264683239921e+02 6.487835599880581583e+01 1.406847842370277490e+00 1.418620097608169095e+00 1.363262116195477658e+00
1.063879079389938198e+00 1.063879079389938198e+00 1.063879079389938198e+00 1.063879079389938198e+00 1.184489755918717746e+00 2.595790864473602522e+00 4.685484925577176796e+01 9.587937328682480143e+01 1.631810463651280543e+02 6.672804525599504188e+01 1.266810348694855151e+02 1.882919817122053141e+00 2.971084949120381680e+00 2.595790864473602522e+00 1.591224734564654000e+02 1.655202429410645095e+02 1.327695510869750990e+02 1.851459101751287584e+00 1.377353748697675906e+00 1.363262116195477658e+00
1.063879079389938198e+00 1.063879079389938198e+00 1.063879079389938198e+00 1.063879079389938198e+00 1.184489755918717746e+00 1.549638141722645024e+00 1.861534432205737444e+00 1.573991048200984011e+00 2.971084949120381680e+00 1.573991048200984011e+00 2.971084949120381680e+00 1.485298920225552655e+00 1.499262358286829633e+00 1.556827975410163045e+00 1.223718728795579693e+02 1.655202429410645095e+02 1.327695510869750990e+02 3.022001161594239704e+00 1.406847842370277490e+00 1.363262116195477658e+00
1.063879079389938198e+00 1.063879079389938198e+00 1.063879079389938198e+00 1.063879079389938198e+00 1.063879079389938198e+00 1.406847842370277490e+00 1.465121978560540494e+00 1.498269044047211507e+00 1.549638141722645024e+00 1.556827975410163045e+00 1.499262358286829633e+00 1.406847842370277490e+00 1.406847842370277490e+00 1.465121978560540494e+00 9.103675792292530389e+01 1.547677796186151227e+02 1.655272499856333468e+02 1.327695510869750990e+02 1.377353748697675906e+00 1.363262116195477658e+00
1.063879079389938198e+00 1.063879079389938198e+00 1.063879079389938198e+00 1.063879079389938198e+00 1.063879079389938198e+00 1.063879079389938198e+00 1.063879079389938198e+00 1.184489755918717746e+00 1.465121978560540494e+00 1.486901096129977340e+00 1.184489755918717746e+00 1.396932309464962607e+00 1.184489755918717746e+00 1.465121978560540494e+00 6.654935562586543085e+01 1.655202429410645095e+02 1.663370479960022124e+02 1.327695510869750990e+02 1.377353748697675906e+00 1.363262116195477658e+00
1.063879079389938198e+00 1.063879079389938198e+00 1.063879079389938198e+00 1.063879079389938198e+00 1.063879079389938198e+00 1.063879079389938198e+00 1.063879079389938198e+00 1.063879079389938198e+00 1.184489755918717746e+00 1.063879079389938198e+00 1.063879079389938198e+00 1.396932309464962607e+00 1.184489755918717746e+00 1.465121978560540494e+00 9.985660739341928149e+01 1.655202429410645095e+02 1.663370479960022124e+02 1.655272499856333468e+02 1.377353748697675906e+00 1.184489755918717746e+00
1.063879079389938198e+00 1.063879079389938198e+00 1.063879079389938198e+00 1.063879079389938198e+00 1.063879079389938198e+00 1.063879079389938198e+00 1.063879079389938198e+00 1.063879079389938198e+00 1.063879079389938198e+00 1.063879079389938198e+00 1.063879079389938198e+00 1.573991048200984011e+00 1.414546928672917758e+00 1.738885747550350080e+00 1.154949942904592035e+02 1.658593927668708830e+02 1.655272499856333468e+02 6.551390329448364014e+01 1.377353748697675906e+00 1.184489755918717746e+00
1.063879079389938198e+00 1.063879079389938198e+00 1.063879079389938198e+00 1.063879079389938198e+00 1.063879079389938198e+00 1.063879079389938198e+00 2.112176858536840562e+00 2.112176858536840562e+00 2.112176858536840562e+00 7.867319395615963629e+01 4.295673182032287230e+01 2.688077425020713562e+00 5.631321889499330524e+01 5.838085912533531285e+01 1.658593927668708830e+02 1.663370479960022124e+02 1.655272499856333468e+02 6.551390329448364014e+01 1.377353748697675906e+00 1.063879079389938198e+00
1.063879079389938198e+00 1.063879079389938198e+00 2.112176858536840562e+00 2.112176858536840562e+00 9.828934731957308202e+01 7.867319395615963629e+01 7.867319395615963629e+01 1.520743399756959491e+02 1.154949942904592035e+02 1.634508384687595139e+02 1.239110884094783813e+02 1.520743399756959491e+02 1.154949942904592035e+02 1.658593927668708830e+02 1.663370479960022124e+02 1.663370479960022124e+02 1.655272499856333468e+02 1.076530584924807243e+02 1.851459101751287584e+00 1.063879079389938198e+00
1.414546928672917758e+00 3.405801832169770194e+01 7.867319395615963629e+01 1.621850987615252109e+02 1.625760806492600636e+02 1.658593927668708830e+02 1.621850987615252109e+02 1.625760806492600636e+02 1.658593927668708830e+02 1.663370479960022124e+02 1.658593927668708830e+02 1.658593927668708830e+02 1.658593927668708830e+02 1.663370479960022124e+02 1.663370479960022124e+02 1.663370479960022124e+02 1.655272499856333468e+02 1.327695510869750990e+02 3.022001161594239704e+00 1.377353748697675906e+00
1.738885747550350080e+00 1.655202429410645095e+02 1.655202429410645095e+02 1.655202429410645095e+02 1.658593927668708830e+02 1.655202429410645095e+02 1.658593927668708830e+02 1.657678458903137084e+02 1.663370479960022124e+02 1.663370479960022124e+02 1.663370479960022124e+02 1.655272499856333468e+02 1.639272485836730766e+02 1.639272485836730766e+02 1.639272485836730766e+02 1.639272485836730766e+02 1.631810463651280543e+02 1.633661759688600910e+02 1.485298920225552655e+00 1.377353748697675906e+00
6.320562403593707046e+01 1.435103335522312022e+02 1.653132469404190488e+02 1.655272499856333468e+02 1.653132469404190488e+02 1.655272499856333468e+02 1.655202429410645095e+02 1.657678458903137084e+02 1.655272499856333468e+02 1.655272499856333468e+02 1.634658636049823315e+02 1.655272499856333468e+02 1.631810463651280543e+02 1.573991048200984011e+00 2.971084949120381680e+00 2.595790864473602522e+00 1.266810348694855151e+02 1.591689025231679189e+01 1.862945816219350847e+00 1.396932309464962607e+00
5.695435679533189699e+01 1.239816756734093985e+02 1.637609507451726927e+02 1.655202429410645095e+02 1.663370479960022124e+02 1.655272499856333468e+02 1.655272499856333468e+02 1.639272485836730766e+02 1.631810463651280543e+02 6.672804525599504188e+01 6.672804525599504188e+01 1.882919817122053141e+00 1.573991048200984011e+00 1.725850874895348941e+00 1.779762007241049160e+00 1.556827975410163045e+00 2.595790864473602522e+00 1.573991048200984011e+00 1.406847842370277490e+00 1.418620097608169095e+00
1.362689268881539562e+01 4.685484925577176796e+01 9.826430256239798666e+01 6.672804525599504188e+01 9.564407232010385940e+01 6.672804525599504188e+01 6.672804525599504188e+01 1.573991048200984011e+00 1.725850874895348941e+00 1.725850874895348941e+00 1.725850874895348941e+00 1.549638141722645024e+00 1.777310865901138515e+00 1.498269044047211507e+00 1.499262358286829633e+00 1.649450794251297481e+00 1.646465261905201372e+00 1.498269044047211507e+00 1.418620097608169095e+00 1.363262116195477658e+00
1.603166054381250927e+00 1.603166054381250927e+00 1.603166054381250927e+00 3.017587306008669312e+00 3.387224808234146423e+01 1.549638141722645024e+00 1.725850874895348941e+00 1.801805322589336456e+00 1.603166054381250927e+00 1.649450794251297481e+00 1.649450794251297481e+00 1.498269044047211507e+00 1.406847842370277490e+00 1.406847842370277490e+00 1.406847842370277490e+00 1.406847842370277490e+00 1.406847842370277490e+00 1.396932309464962607e+00 1.519785198799185277e+00 1.063879079389938198e+00
1.503913736818593749e+00 1.649450794251297481e+00 1.503913736818593749e+00 1.649450794251297481e+00 1.527047385685228909e+00 1.406847842370277490e+00 1.649450794251297481e+00 1.703559103100833028e+00 1.549638141722645024e+00 1.556827975410163045e+00 1.486901096129977340e+00 1.486901096129977340e+00 1.486901096129977340e+00 1.461945197618328640e+00 1.184489755918717746e+00 1.184489755918717746e+00 1.184489755918717746e+00 1.503913736818593749e+00 1.184489755918717746e+00 1.063879079389938198e+00
1.184489755918717746e+00 1.063879079389938198e+00 1.465121978560540494e+00 1.465121978560540494e+00 1.406847842370277490e+00 1.377353748697675906e+00 1.184489755918717746e+00 1.461945197618328640e+00 1.465121978560540494e+00 1.486901096129977340e+00 1.184489755918717746e+00 1.063879079389938198e+00 1.063879079389938198e+00 1.063879079389938198e+00 1.063879079389938198e+00 1.063879079389938198e+00 1.063879079389938198e+00 1.063879079389938198e+00 1.063879079389938198e+00 1.063879079389938198e+00
