1.184489755918717746e+00 1.184489755918717746e+00 1.184489755918717746e+00 1.227284189987412288e+00 1.184489755918717746e+00 1.184489755918717746e+00 1.465121978560540494e+00 1.465121978560540494e+00 1.637802992244726141e+00 2.667650965011393094e+00 5.610638976879079109e+01 7.812955769777929049e+01 9.543383595437261135e+01 6.700093826634748950e+00 2.008636780975051828e+00 1.637802992244726141e+00 1.377353748697675906e+00 1.363262116195477658e+00 1.227284189987412288e+00 1.184489755918717746e+00
1.184489755918717746e+00 1.184489755918717746e+00 1.184489755918717746e+00 1.227284189987412288e+00 1.385135393780003277e+00 1.637802992244726141e+00 2.667650965011393094e+00 2.667650965011393094e+00 1.610955046804664903e+02 1.381932190932051583e+02 1.657678458903137084e+02 1.557538219626451905e+02 1.520743399756959491e+02 1.520743399756959491e+02 1.239110884094783813e+02 2.008636780975051828e+00 2.520884110506633746e+00 1.377353748697675906e+00 1.227284189987412288e+00 1.227284189987412288e+00
1.184489755918717746e+00 1.184489755918717746e+00 1.184489755918717746e+00 1.184489755918717746e+00 2.667650965011393094e+00 5.610638976879079109e+01 1.167662100686281974e+02 1.381932190932051583e+02 1.657678458903137084e+02 1.647790648665894082e+02 1.607295869256602998e+02 1.655202429410645095e+02 1.657678458903137084e+02 1.655202429410645095e+02 1.557377537491570365e+02 5.023337133609960148e+00 2.767036585130219883e+00 1.377353748697675906e+00 1.414546928672917758e+00 1.227284189987412288e+00
1.184489755918717746e+00 1.184489755918717746e+00 1.184489755918717746e+00 1.414546928672917758e+00 1.978902454484273932e+01 1.154949942904592035e+02 1.657678458903137084e+02 1.657678458903137084e+02 1.655272499856333468e+02 1.655272499856333468e+02 1.612211550609718813e+02 6.672804525599504188e+01 1.318324640660608793e+02 1.318324640660608793e+02 1.655272499856333468e+02 1.239110884094783813e+02 4.295673182032287230e+01 1.851459101751287584e+00 1.377353748697675906e+00 1.227284189987412288e+00
1.184489755918717746e+00 1.227284189987412288e+00 1.385135393780003277e+00 8.420333023060393884e+00 6.581641490767972869e+01 1.655202429410645095e+02 1.640969538751526784e+02 1.655272499856333468e+02 9.344021568531366029e+01 1.573991048200984011e+00 1.556766901582339102e+00 1.779762007241049160e+00 1.861534432205737444e+00 2.889886561194960901e+00 1.612211550609718813e+02 1.591224734564654000e+02 1.382012394078375053e+02 1.239110884094783813e+02 1.855762719382618497e+00 1.377353748697675906e+00
1.184489755918717746e+00 1.184489755918717746e+00 2.667650965011393094e+00 5.610638976879079109e+01 1.128200902852604344e+02 1.600860775565182053e+02 1.655272499856333468e+02 1.266810348694855151e+02 1.573991048200984011e+00 1.714320257895221911e+00 1.591852000651819976e+00 1.649450794251297481e+00 1.556827975410163045e+00 1.556827975410163045e+00 2.889886561194960901e+00 1.318324640660608793e+02 1.628084826989739042e+02 1.382012394078375053e+02 1.239110884094783813e+02 1.855762719382618497e+00
1.184489755918717746e+00 1.184489755918717746e+00 1.978902454484273932e+01 1.154949942904592035e+02 1.490582263619681953e+02 1.549049877884021953e+02 1.573991048200984011e+00 1.556766901582339102e+00 1.556766901582339102e+00 1.556766901582339102e+00 1.512521136725514026e+00 1.527047385685228909e+00 1.465121978560540494e+00 1.465121978560540494e+00 1.556827975410163045e+00 2.889886561194960901e+00 1.318324640660608793e+02 1.655202429410645095e+02 1.239110884094783813e+02 3.022001161594239704e+00
1.227284189987412288e+00 1.363262116195477658e+00 6.581641490767972869e+01 1.655202429410645095e+02 1.625136284296176257e+02 6.396534902893753127e+01 1.573991048200984011e+00 1.512521136725514026e+00 1.512521136725514026e+00 1.649450794251297481e+00 1.418620097608169095e+00 1.227284189987412288e+00 1.227284189987412288e+00 1.227284189987412288e+00 1.184489755918717746e+00 1.556827975410163045e+00 9.103675792292530389e+01 1.626738029280040223e+02 1.410046750402263740e+02 1.239110884094783813e+02
1.184489755918717746e+00 1.465121978560540494e+00 5.695435679533189699e+01 1.548161583749702856e+02 1.655272499856333468e+02 2.520884110506633746e+00 1.556766901582339102e+00 1.581441769891193783e+00 1.414546928672917758e+00 1.363262116195477658e+00 1.227284189987412288e+00 1.227284189987412288e+00 1.227284189987412288e+00 1.184489755918717746e+00 1.396932309464962607e+00 1.363262116195477658e+00 3.380360517074772275e+01 1.223718728795579693e+02 1.628084826989739042e+02 1.633748435192055695e+02
1.184489755918717746e+00 1.700793118262584258e+01 6.654935562586543085e+01 1.275952241542884451e+02 4.001111543386646474e+01 2.403388899268595669e+00 1.634014261287071834e+00 1.573991048200984011e+00 1.573991048200984011e+00 1.414546928672917758e+00 1.227284189987412288e+00 1.184489755918717746e+00 1.227284189987412288e+00 1.227284189987412288e+00 1.227284189987412288e+00 1.363262116195477658e+00 1.585361183052727796e+01 9.103675792292530389e+01 1.655202429410645095e+02 1.625136284296176257e+02
1.184489755918717746e+00 5.036829051992705075e+01 1.187892953254136756e+02 1.600860775565182053e+02 1.289252133437348213e+01 1.556766901582339102e+00 1.714320257895221911e+00 1.556827975410163045e+00 1.527047385685228909e+00 1.556827975410163045e+00 1.363262116195477658e+00 1.396932309464962607e+00 1.363262116195477658e+00 1.363262116195477658e+00 1.363262116195477658e+00 1.385135393780003277e+00 1.322001884458372878e+01 1.154949942904592035e+02 1.657678458903137084e+02 1.655272499856333468e+02
1.184489755918717746e+00 1.585361183052727796e+01 1.605137952561151735e+02 1.589827125785407134e+02 1.573991048200984011e+00 1.573991048200984011e+00 1.512521136725514026e+00 1.465121978560540494e+00 1.527047385685228909e+00 1.512521136725514026e+00 1.418620097608169095e+00 1.512521136725514026e+00 1.414546928672917758e+00 1.363262116195477658e+00 1.418620097608169095e+00 1.414546928672917758e+00 6.581641490767972869e+01 1.655202429410645095e+02 1.640969538751526784e+02 1.655272499856333468e+02
1.184489755918717746e+00 6.581641490767972869e+01 1.626738029280040223e+02 1.616408209849107322e+02 1.851459101751287584e+00 1.556766901582339102e+00 1.581441769891193783e+00 1.363262116195477658e+00 1.418620097608169095e+00 1.385135393780003277e+00 1.414546928672917758e+00 1.418620097608169095e+00 1.461945197618328640e+00 1.465121978560540494e+00 1.465121978560540494e+00 5.610638976879079109e+01 1.128200902852604344e+02 1.600860775565182053e+02 1.655272499856333468e+02 6.551390329448364014e+01
1.363262116195477658e+00 1.585361183052727796e+01 1.626738029280040223e+02 1.603795405169178991e+02 6.487835599880581583e+01 1.377353748697675906e+00 1.418620097608169095e+00 1.227284189987412288e+00 1.184489755918717746e+00 1.465121978560540494e+00 1.556827975410163045e+00 1.512521136725514026e+00 1.461945197618328640e+00 1.385135393780003277e+00 5.610638976879079109e+01 1.167662100686281974e+02 1.490582263619681953e+02 1.549049877884021953e+02 1.276865156037861198e+02 1.573991048200984011e+00
1.363262116195477658e+00 5.695435679533189699e+01 1.239816756734093985e+02 1.492624996796671155e+02 6.551390329448364014e+01 1.851459101751287584e+00 1.377353748697675906e+00 1.184489755918717746e+00 1.461945197618328640e+00 1.385135393780003277e+00 1.465121978560540494e+00 1.377353748697675906e+00 1.184489755918717746e+00 1.978902454484273932e+01 1.520743399756959491e+02 1.490582263619681953e+02 1.549049877884021953e+02 1.276865156037861198e+02 1.573991048200984011e+00 1.801805322589336456e+00
1.465121978560540494e+00 2.889886561194960901e+00 1.223718728795579693e+02 1.310108562688255347e+02 1.520743399756959491e+02 2.008636780975051828e+00 2.008636780975051828e+00 1.637802992244726141e+00 1.637802992244726141e+00 2.667650965011393094e+00 6.700093826634748950e+00 2.008636780975051828e+00 2.667650965011393094e+00 1.520743399756959491e+02 1.605137952561151735e+02 1.549049877884021953e+02 9.344021568531366029e+01 1.573991048200984011e+00 1.573991048200984011e+00 1.591852000651819976e+00
1.861534432205737444e+00 1.556827975410163045e+00 9.103675792292530389e+01 1.123607347445802844e+02 1.655202429410645095e+02 1.539426461125748915e+02 1.239110884094783813e+02 9.828934731957308202e+01 9.828934731957308202e+01 1.188827095952271549e+02 1.539426461125748915e+02 9.091113850637437110e+01 1.539426461125748915e+02 1.034912205430962615e+02 9.708598353259604608e+01 6.672804525599504188e+01 1.573991048200984011e+00 1.556766901582339102e+00 1.396932309464962607e+00 1.512521136725514026e+00
1.573991048200984011e+00 1.556827975410163045e+00 3.380360517074772275e+01 1.318324640660608793e+02 1.269806902008491392e+02 1.276865156037861198e+02 8.540335018504183040e+01 8.540335018504183040e+01 9.400597223050003493e+01 8.078144539834059401e+01 1.591224734564654000e+02 1.617069377011030724e+02 9.344021568531366029e+01 1.573991048200984011e+00 1.556766901582339102e+00 1.556766901582339102e+00 1.396932309464962607e+00 1.512521136725514026e+00 1.227284189987412288e+00 1.184489755918717746e+00
1.465121978560540494e+00 1.649450794251297481e+00 1.556827975410163045e+00 2.889886561194960901e+00 5.433388249685651061e+01 2.039399433123972205e+00 2.089727677953236107e+00 2.889886561194960901e+00 2.889886561194960901e+00 2.889886561194960901e+00 2.889886561194960901e+00 7.930634038954970322e+01 1.573991048200984011e+00 1.653940013900391692e+00 1.512521136725514026e+00 1.649450794251297481e+00 1.377353748697675906e+00 1.227284189987412288e+00 1.227284189987412288e+00 1.227284189987412288e+00
1.184489755918717746e+00 1.227284189987412288e+00 1.184489755918717746e+00 1.556827975410163045e+00 1.911338484303447549e+00 1.861534432205737444e+00 1.702179912717475263e+00 1.527047385685228909e+00 1.527047385685228909e+00 1.527047385685228909e+00 1.861534432205737444e+00 1.573991048200984011e+00 1.573991048200984011e+00 1.512521136725514026e+00 1.465121978560540494e+00 1.227284189987412288e+00 1.227284189987412288e+00 1.184489755918717746e+00 1.184489755918717746e+00 1.227284189987412288e+00
