1.465121978560540494e+00 1.495996579475277866e+00 1.486901096129977340e+00 1.581441769891193783e+00 1.184489755918717746e+00 1.063879079389938198e+00 1.136531542442944520e+00 1.184489755918717746e+00 1.063879079389938198e+00 1.063879079389938198e+00 1.063879079389938198e+00 1.063879079389938198e+00 1.063879079389938198e+00 1.136531542442944520e+00 1.844177061917319449e+00 2.141124647513314105e+00 2.141124647513314105e+00 2.141124647513314105e+00 2.141124647513314105e+00 2.141124647513314105e+00
1.465121978560540494e+00 1.465121978560540494e+00 1.184489755918717746e+00 1.379117986227147208e+00 1.499262358286829633e+00 1.063879079389938198e+00 1.063879079389938198e+00 1.063879079389938198e+00 1.063879079389938198e+00 1.063879079389938198e+00 1.063879079389938198e+00 1.063879079389938198e+00 1.063879079389938198e+00 1.136531542442944520e+00 1.844177061917319449e+00 2.141124647513314105e+00 2.141124647513314105e+00 2.141124647513314105e+00 2.141124647513314105e+00 2.141124647513314105e+00
1.184489755918717746e+00 1.184489755918717746e+00 1.063879079389938198e+00 1.063879079389938198e+00 1.063879079389938198e+00 1.063879079389938198e+00 1.063879079389938198e+00 1.063879079389938198e+00 1.063879079389938198e+00 1.063879079389938198e+00 1.063879079389938198e+00 1.063879079389938198e+00 1.063879079389938198e+00 1.136531542442944520e+00 1.855762719382618497e+00 1.938315804912018381e+00 2.096362393494902943e+00 1.884913438208039249e+00 1.884913438208039249e+00 1.884913438208039249e+00
1.063879079389938198e+00 1.363262116195477658e+00 1.461945197618328640e+00 3.072487991952096920e+01 5.023337133609960148e+00 3.022001161594239704e+00 3.667928003520253277e+00 1.063879079389938198e+00 1.063879079389938198e+00 1.063879079389938198e+00 1.063879079389938198e+00 1.063879079389938198e+00 1.063879079389938198e+00 1.184489755918717746e+00 1.461945197618328640e+00 2.096362393494902943e+00 1.911338484303447549e+00 1.801805322589336456e+00 1.779762007241049160e+00 1.779762007241049160e+00
1.363262116195477658e+00 1.465121978560540494e+00 5.631321889499330524e+01 1.154949942904592035e+02 1.576917264683239921e+02 1.289252133437348213e+01 2.971084949120381680e+00 2.112176858536840562e+00 4.825641050396996867e+00 2.520884110506633746e+00 3.277427390222937831e+00 1.063879079389938198e+00 2.889886561194960901e+00 1.461945197618328640e+00 2.112176858536840562e+00 2.382148819793305172e+00 1.580255397721491262e+00 1.495996579475277866e+00 1.649450794251297481e+00 1.649450794251297481e+00
1.495996579475277866e+00 2.153201632256614673e+01 1.154949942904592035e+02 1.488452148241422606e+02 1.034912205430962615e+02 1.573991048200984011e+00 1.668985090247356640e+00 1.573991048200984011e+00 1.861534432205737444e+00 1.573991048200984011e+00 1.668985090247356640e+00 1.634014261287071834e+00 1.668985090247356640e+00 1.016527583167101234e+01 6.700093826634748950e+00 2.008636780975051828e+00 1.680114372176631621e+00 1.379117986227147208e+00 1.527047385685228909e+00 1.465121978560540494e+00
1.527047385685228909e+00 4.260544821293724738e+01 1.435103335522312022e+02 1.603795405169178991e+02 1.034912205430962615e+02 1.801805322589336456e+00 1.861534432205737444e+00 1.779762007241049160e+00 1.779762007241049160e+00 1.861534432205737444e+00 1.861534432205737444e+00 1.779762007241049160e+00 1.861534432205737444e+00 4.434012045073966846e+00 7.508900267350504976e+00 1.635618759024197288e+01 3.022001161594239704e+00 1.379117986227147208e+00 1.363262116195477658e+00 1.063879079389938198e+00
1.527047385685228909e+00 1.585361183052727796e+01 1.386490894052933243e+02 6.486277402084417076e+01 1.573991048200984011e+00 1.844177061917319449e+00 1.860508047975898860e+00 1.809061481435945140e+00 1.668985090247356640e+00 1.844177061917319449e+00 1.860508047975898860e+00 1.703559103100833028e+00 1.603166054381250927e+00 1.556827975410163045e+00 1.585361183052727796e+01 9.518374372677726569e+01 3.737336571020379239e+01 1.851459101751287584e+00 1.063879079389938198e+00 1.063879079389938198e+00
1.649450794251297481e+00 2.889886561194960901e+00 1.345651919032489374e+01 1.573991048200984011e+00 1.668985090247356640e+00 1.844177061917319449e+00 1.860508047975898860e+00 1.814528435854409150e+00 1.549638141722645024e+00 1.556827975410163045e+00 1.495996579475277866e+00 1.580255397721491262e+00 1.495996579475277866e+00 1.649450794251297481e+00 5.036829051992705075e+01 1.441546353927389248e+02 8.924460166548530538e+01 3.567048582370623677e+01 1.379117986227147208e+00 1.363262116195477658e+00
1.603166054381250927e+00 1.556827975410163045e+00 1.573991048200984011e+00 1.691919853496202997e+00 1.779762007241049160e+00 1.779762007241049160e+00 1.860508047975898860e+00 1.618865528087227279e+00 1.549638141722645024e+00 1.379117986227147208e+00 1.495996579475277866e+00 1.340260142566326174e+01 1.063879079389938198e+00 4.269324745164909984e+01 5.838085912533531285e+01 1.275952241542884451e+02 1.150559654290155578e+02 1.289252133437348213e+01 1.809182104033370431e+00 1.573971356588292903e+00
1.580255397721491262e+00 1.556827975410163045e+00 1.556827975410163045e+00 1.703931897868478318e+00 1.580255397721491262e+00 1.603166054381250927e+00 1.649450794251297481e+00 1.649450794251297481e+00 2.671999861061136183e+00 1.680114372176631621e+00 2.889886561194960901e+00 5.631321889499330524e+01 7.867319395615963629e+01 1.188827095952271549e+02 1.274677662843789392e+02 1.019695740816321177e+02 4.001111543386646474e+01 1.573991048200984011e+00 1.573991048200984011e+00 1.549638141722645024e+00
1.465121978560540494e+00 1.649450794251297481e+00 1.527047385685228909e+00 1.136531542442944520e+00 1.597361131034422232e+00 1.649450794251297481e+00 1.649450794251297481e+00 1.527047385685228909e+00 1.527047385685228909e+00 2.008636780975051828e+00 8.420333023060393884e+00 1.585361183052727796e+01 1.576917264683239921e+02 1.557377537491570365e+02 1.019695740816321177e+02 2.655548642609144494e+01 1.573991048200984011e+00 2.019986880851456945e+00 1.603166054381250927e+00 1.668985090247356640e+00
1.184489755918717746e+00 1.063879079389938198e+00 1.063879079389938198e+00 1.136531542442944520e+00 1.580255397721491262e+00 1.465121978560540494e+00 1.649450794251297481e+00 1.573991048200984011e+00 1.861534432205737444e+00 2.889886561194960901e+00 1.860508047975898860e+00 9.518374372677726569e+01 1.019695740816321177e+02 9.344021568531366029e+01 1.573991048200984011e+00 1.911338484303447549e+00 1.549638141722645024e+00 1.580255397721491262e+00 1.649450794251297481e+00 1.377353748697675906e+00
1.063879079389938198e+00 1.063879079389938198e+00 1.063879079389938198e+00 1.063879079389938198e+00 1.063879079389938198e+00 1.063879079389938198e+00 1.136531542442944520e+00 1.498269044047211507e+00 1.654362616489111870e+00 1.556827975410163045e+00 4.260544821293724738e+01 6.462470530261282420e+01 7.809208693162618431e+01 1.573991048200984011e+00 1.379117986227147208e+00 1.580255397721491262e+00 1.495996579475277866e+00 1.495996579475277866e+00 1.465121978560540494e+00 1.465121978560540494e+00
2.141124647513314105e+00 1.377353748697675906e+00 1.063879079389938198e+00 1.063879079389938198e+00 1.063879079389938198e+00 1.063879079389938198e+00 1.136531542442944520e+00 1.136531542442944520e+00 1.465121978560540494e+00 1.649450794251297481e+00 1.585361183052727796e+01 6.462470530261282420e+01 1.573991048200984011e+00 1.379117986227147208e+00 1.379117986227147208e+00 1.581441769891193783e+00 1.379117986227147208e+00 1.379117986227147208e+00 1.184489755918717746e+00 1.063879079389938198e+00
2.141124647513314105e+00 1.860508047975898860e+00 1.573971356588292903e+00 1.063879079389938198e+00 1.063879079389938198e+00 1.063879079389938198e+00 1.063879079389938198e+00 1.063879079389938198e+00 1.184489755918717746e+00 1.465121978560540494e+00 2.922606853051856390e+01 1.304828330148743021e+01 1.379117986227147208e+00 1.379117986227147208e+00 1.581441769891193783e+00 1.184489755918717746e+00 1.136531542442944520e+00 1.379117986227147208e+00 1.363262116195477658e+00 1.063879079389938198e+00
2.141124647513314105e+00 1.983571548087455172e+00 1.063879079389938198e+00 1.063879079389938198e+00 1.063879079389938198e+00 1.063879079389938198e+00 1.063879079389938198e+00 1.063879079389938198e+00 1.184489755918717746e+00 1.978902454484273932e+01 1.960195249323110289e+01 1.573991048200984011e+00 1.379117986227147208e+00 1.495996579475277866e+00 1.184489755918717746e+00 1.063879079389938198e+00 1.136531542442944520e+00 1.379117986227147208e+00 1.374563143922642894e+00 1.184489755918717746e+00
2.141124647513314105e+00 1.938315804912018381e+00 1.860508047975898860e+00 1.063879079389938198e+00 1.063879079389938198e+00 1.063879079389938198e+00 1.063879079389938198e+00 1.063879079389938198e+00 1.465121978560540494e+00 1.585361183052727796e+01 1.289252133437348213e+01 1.379117986227147208e+00 1.499262358286829633e+00 1.363262116195477658e+00 1.063879079389938198e+00 1.063879079389938198e+00 1.063879079389938198e+00 1.184489755918717746e+00 1.184489755918717746e+00 1.184489755918717746e+00
2.141124647513314105e+00 1.938315804912018381e+00 1.860508047975898860e+00 1.581441769891193783e+00 1.063879079389938198e+00 1.063879079389938198e+00 1.063879079389938198e+00 1.465121978560540494e+00 2.153201632256614673e+01 1.730658372971860715e+01 2.382148819793305172e+00 1.379117986227147208e+00 1.581441769891193783e+00 1.063879079389938198e+00 1.063879079389938198e+00 1.063879079389938198e+00 1.063879079389938198e+00 1.063879079389938198e+00 1.063879079389938198e+00 1.063879079389938198e+00
2.141124647513314105e+00 1.809061481435945140e+00 1.860508047975898860e+00 1.063879079389938198e+00 1.063879079389938198e+00 1.063879079389938198e+00 1.184489755918717746e+00 1.527047385685228909e+00 1.585361183052727796e+01 2.352045200404990766e+01 1.851459101751287584e+00 1.377353748697675906e+00 1.465121978560540494e+00 1.063879079389938198e+00 1.063879079389938198e+00 1.063879079389938198e+00 1.063879079389938198e+00 1.063879079389938198e+00 1.063879079389938198e+00 1.063879079389938198e+00
