7.926180828709767923e-01 7.926180828709767923e-01 7.926180828709767923e-01 7.926180828709767923e-01 1.264205647332570237e+00 1.328583675907910155e+00 1.088012546557757254e+00 1.259980764519020857e+00 1.193931229416546058e+00 1.259980764519020857e+00 1.418620097608169095e+00 1.573991048200984011e+00 1.654362616489111870e+00 1.668985090247356640e+00 1.549835168263192786e+00 1.088012546557757254e+00 8.275293500523792645e-01 7.926180828709767923e-01 7.926180828709767923e-01 8.275293500523792645e-01
7.926180828709767923e-01 7.926180828709767923e-01 7.926180828709767923e-01 7.926180828709767923e-01 7.926180828709767923e-01 1.193931229416546058e+00 1.088012546557757254e+00 1.505955625955174515e+00 1.573991048200984011e+00 1.420264849476479574e+00 1.381393823623835448e+00 1.610382995712599463e+00 1.567251086698256746e+00 1.556827975410163045e+00 1.381393823623835448e+00 1.193931229416546058e+00 8.275293500523792645e-01 7.926180828709767923e-01 7.926180828709767923e-01 7.926180828709767923e-01
7.926180828709767923e-01 7.926180828709767923e-01 7.926180828709767923e-01 7.926180828709767923e-01 1.065758935661741846e+00 8.275293500523792645e-01 8.275293500523792645e-01 2.232063320542093887e+00 1.651591775012920316e+00 1.735012659923115930e+00 1.424713535004778153e+00 2.188432695577267939e+00 1.503913736818593749e+00 1.505955625955174515e+00 1.424713535004778153e+00 2.188432695577267939e+00 1.065758935661741846e+00 7.926180828709767923e-01 8.275293500523792645e-01 7.926180828709767923e-01
7.926180828709767923e-01 7.926180828709767923e-01 7.926180828709767923e-01 7.926180828709767923e-01 7.926180828709767923e-01 8.275293500523792645e-01 1.387317115331792028e+00 1.713851666243001004e+00 1.867209682411902438e+00 1.499262358286829633e+00 1.713851666243001004e+00 3.184459989641003297e+00 4.567262306759756996e+01 1.635618759024197288e+01 4.087464666376169120e+00 1.651591775012920316e+00 1.573991048200984011e+00 1.573991048200984011e+00 1.016275563087950751e+00 1.088012546557757254e+00
7.926180828709767923e-01 7.926180828709767923e-01 7.926180828709767923e-01 7.926180828709767923e-01 7.926180828709767923e-01 7.926180828709767923e-01 1.420264849476479574e+00 1.465856837589404549e+00 1.725850874895348941e+00 1.725850874895348941e+00 1.713851666243001004e+00 1.713851666243001004e+00 1.713851666243001004e+00 3.593988602231331697e+01 1.635618759024197288e+01 2.008636780975051828e+00 1.651591775012920316e+00 1.573991048200984011e+00 1.387317115331792028e+00 1.453419187518271594e+00
7.926180828709767923e-01 7.926180828709767923e-01 7.926180828709767923e-01 7.926180828709767923e-01 1.573991048200984011e+00 1.264205647332570237e+00 1.381511869361276901e+00 1.567251086698256746e+00 1.610382995712599463e+00 1.477343376944341591e+00 1.649450794251297481e+00 1.386069819795936464e+00 1.713851666243001004e+00 2.409758665593427995e+00 6.847481669462442078e+00 5.023337133609960148e+00 1.651591775012920316e+00 1.696826258116640007e+00 1.723274296545236339e+00 1.713851666243001004e+00
7.926180828709767923e-01 7.926180828709767923e-01 7.926180828709767923e-01 7.926180828709767923e-01 1.477343376944341591e+00 1.387317115331792028e+00 1.387317115331792028e+00 1.499262358286829633e+00 1.477343376944341591e+00 1.549835168263192786e+00 1.476926833500099345e+00 1.088012546557757254e+00 1.465121978560540494e+00 1.713851666243001004e+00 4.282040186413215821e+01 1.031557607456119285e+01 1.651591775012920316e+00 1.844177061917319449e+00 1.691919853496202997e+00 1.860508047975898860e+00
7.926180828709767923e-01 7.926180828709767923e-01 7.926180828709767923e-01 7.926180828709767923e-01 1.328583675907910155e+00 1.381511869361276901e+00 1.387317115331792028e+00 1.420264849476479574e+00 1.476926833500099345e+00 1.420264849476479574e+00 1.442365982927015677e+00 1.065758935661741846e+00 8.275293500523792645e-01 1.988753819868922523e+00 1.300806703358726679e+01 1.573991048200984011e+00 1.989500886307329353e+00 1.989500886307329353e+00 1.573991048200984011e+00 1.860508047975898860e+00
7.926180828709767923e-01 7.926180828709767923e-01 7.926180828709767923e-01 7.926180828709767923e-01 1.328583675907910155e+00 1.184489755918717746e+00 1.387317115331792028e+00 1.567251086698256746e+00 1.505955625955174515e+00 1.723274296545236339e+00 1.505955625955174515e+00 1.065758935661741846e+00 1.088012546557757254e+00 1.559725071308526800e+01 4.587044181884359517e+01 1.651591775012920316e+00 2.168410840578099297e+00 1.989500886307329353e+00 1.703408393921115316e+00 1.549835168263192786e+00
7.926180828709767923e-01 7.926180828709767923e-01 7.926180828709767923e-01 7.926180828709767923e-01 1.065758935661741846e+00 1.065758935661741846e+00 1.065758935661741846e+00 1.461945197618328640e+00 1.503913736818593749e+00 1.649450794251297481e+00 1.703408393921115316e+00 1.556827975410163045e+00 1.088012546557757254e+00 1.700793118262584258e+01 1.300806703358726679e+01 2.019986880851456945e+00 2.048147418484377535e+00 1.573991048200984011e+00 1.668985090247356640e+00 1.420264849476479574e+00
7.926180828709767923e-01 7.926180828709767923e-01 7.926180828709767923e-01 7.926180828709767923e-01 8.275293500523792645e-01 8.275293500523792645e-01 1.065758935661741846e+00 1.184489755918717746e+00 1.465121978560540494e+00 1.641758097122694160e+00 1.573991048200984011e+00 1.442365982927015677e+00 1.088012546557757254e+00 1.573991048200984011e+00 1.477343376944341591e+00 1.387317115331792028e+00 1.387317115331792028e+00 1.557003118191639057e+00 1.549835168263192786e+00 1.505955625955174515e+00
7.926180828709767923e-01 7.926180828709767923e-01 7.926180828709767923e-01 7.926180828709767923e-01 7.926180828709767923e-01 7.926180828709767923e-01 8.275293500523792645e-01 8.275293500523792645e-01 1.184489755918717746e+00 1.603166054381250927e+00 1.713851666243001004e+00 1.505955625955174515e+00 9.949153702031004798e+00 1.596997760664392807e+00 1.065758935661741846e+00 1.088012546557757254e+00 1.088012546557757254e+00 1.453296330911048928e+00 1.486901096129977340e+00 1.184489755918717746e+00
7.926180828709767923e-01 7.926180828709767923e-01 7.926180828709767923e-01 7.926180828709767923e-01 7.926180828709767923e-01 7.926180828709767923e-01 7.926180828709767923e-01 7.926180828709767923e-01 1.477343376944341591e+00 1.503913736818593749e+00 1.641758097122694160e+00 1.988400131975591734e+00 1.573991048200984011e+00 1.264205647332570237e+00 1.065758935661741846e+00 1.088012546557757254e+00 8.275293500523792645e-01 1.065758935661741846e+00 1.065758935661741846e+00 1.088012546557757254e+00
7.926180828709767923e-01 7.926180828709767923e-01 7.926180828709767923e-01 7.926180828709767923e-01 8.275293500523792645e-01 7.926180828709767923e-01 7.926180828709767923e-01 7.926180828709767923e-01 1.065758935661741846e+00 1.461945197618328640e+00 1.465121978560540494e+00 3.490991747720875615e+00 1.477343376944341591e+00 1.065758935661741846e+00 1.088012546557757254e+00 8.275293500523792645e-01 8.275293500523792645e-01 1.088012546557757254e+00 8.275293500523792645e-01 1.088012546557757254e+00
7.926180828709767923e-01 7.926180828709767923e-01 7.926180828709767923e-01 7.926180828709767923e-01 7.926180828709767923e-01 7.926180828709767923e-01 7.926180828709767923e-01 8.275293500523792645e-01 1.088012546557757254e+00 1.424713535004778153e+00 9.949153702031004798e+00 1.573991048200984011e+00 1.328583675907910155e+00 1.381393823623835448e+00 1.088012546557757254e+00 8.275293500523792645e-01 8.275293500523792645e-01 8.275293500523792645e-01 8.275293500523792645e-01 8.275293500523792645e-01
7.926180828709767923e-01 7.926180828709767923e-01 7.926180828709767923e-01 7.926180828709767923e-01 8.275293500523792645e-01 1.016275563087950751e+00 1.016275563087950751e+00 1.016275563087950751e+00 1.424713535004778153e+00 9.949153702031004798e+00 1.573991048200984011e+00 1.557003118191639057e+00 1.264205647332570237e+00 1.381393823623835448e+00 1.088012546557757254e+00 8.275293500523792645e-01 8.275293500523792645e-01 8.275293500523792645e-01 8.275293500523792645e-01 8.275293500523792645e-01
7.926180828709767923e-01 7.926180828709767923e-01 7.926180828709767923e-01 7.926180828709767923e-01 7.926180828709767923e-01 7.926180828709767923e-01 1.193931229416546058e+00 1.381393823623835448e+00 1.970498582547777389e+01 4.587044181884359517e+01 1.264205647332570237e+00 1.065758935661741846e+00 1.065758935661741846e+00 1.088012546557757254e+00 1.088012546557757254e+00 1.016275563087950751e+00 1.016275563087950751e+00 8.275293500523792645e-01 8.275293500523792645e-01 8.275293500523792645e-01
7.926180828709767923e-01 7.926180828709767923e-01 7.926180828709767923e-01 7.926180828709767923e-01 7.926180828709767923e-01 7.926180828709767923e-01 1.465121978560540494e+00 1.978902454484273932e+01 5.676137305385945808e+01 1.573991048200984011e+00 1.420264849476479574e+00 1.184489755918717746e+00 1.065758935661741846e+00 8.275293500523792645e-01 8.275293500523792645e-01 1.065758935661741846e+00 7.926180828709767923e-01 8.275293500523792645e-01 8.275293500523792645e-01 8.275293500523792645e-01
7.926180828709767923e-01 7.926180828709767923e-01 7.926180828709767923e-01 7.926180828709767923e-01 7.926180828709767923e-01 7.926180828709767923e-01 1.088012546557757254e+00 1.700793118262584258e+01 1.573991048200984011e+00 1.264205647332570237e+00 1.420264849476479574e+00 1.088012546557757254e+00 8.275293500523792645e-01 8.275293500523792645e-01 8.275293500523792645e-01 1.088012546557757254e+00 1.088012546557757254e+00 8.275293500523792645e-01 7.926180828709767923e-01 8.275293500523792645e-01
7.926180828709767923e-01 7.926180828709767923e-01 7.926180828709767923e-01 7.926180828709767923e-01 7.926180828709767923e-01 1.016275563087950751e+00 8.275293500523792645e-01 2.409758665593427995e+00 1.573991048200984011e+00 1.381511869361276901e+00 1.442365982927015677e+00 1.088012546557757254e+00 8.275293500523792645e-01 8.275293500523792645e-01 7.926180828709767923e-01 7.926180828709767923e-01 8.275293500523792645e-01 8.275293500523792645e-01 7.926180828709767923e-01 8.275293500523792645e-01
