1.486901096129977340e+00 1.486901096129977340e+00 1.512521136725514026e+00 1.381393823623835448e+00 1.381393823623835448e+00 1.184489755918717746e+00 1.184489755918717746e+00 1.184489755918717746e+00 1.184489755918717746e+00 1.184489755918717746e+00 1.184489755918717746e+00 1.184489755918717746e+00 1.184489755918717746e+00 1.184489755918717746e+00 1.844177061917319449e+00 2.141124647513314105e+00 2.141124647513314105e+00 2.141124647513314105e+00 2.141124647513314105e+00 2.141124647513314105e+00
1.486901096129977340e+00 1.597361131034422232e+00 1.486901096129977340e+00 1.381393823623835448e+00 1.637802992244726141e+00 1.573991048200984011e+00 1.184489755918717746e+00 1.184489755918717746e+00 1.184489755918717746e+00 1.573991048200984011e+00 1.499262358286829633e+00 1.184489755918717746e+00 1.184489755918717746e+00 1.184489755918717746e+00 1.844177061917319449e+00 2.141124647513314105e+00 2.141124647513314105e+00 2.141124647513314105e+00 2.141124647513314105e+00 2.141124647513314105e+00
6.700093826634748950e+00 2.008636780975051828e+00 2.667650965011393094e+00 2.667650965011393094e+00 6.700093826634748950e+00 2.008636780975051828e+00 1.637802992244726141e+00 1.637802992244726141e+00 1.637802992244726141e+00 1.637802992244726141e+00 1.637802992244726141e+00 1.556766901582339102e+00 1.418620097608169095e+00 1.184489755918717746e+00 1.844177061917319449e+00 1.861534432205737444e+00 1.861534432205737444e+00 1.977123848935656181e+00 1.977123848935656181e+00 1.861534432205737444e+00
1.700793118262584258e+01 7.867319395615963629e+01 1.167662100686281974e+02 1.602693086180471198e+02 1.239110884094783813e+02 1.077582321730176318e+02 9.828934731957308202e+01 7.867319395615963629e+01 9.828934731957308202e+01 7.812955769777929049e+01 6.700093826634748950e+00 1.855762719382618497e+00 1.573991048200984011e+00 1.499262358286829633e+00 1.801805322589336456e+00 1.801805322589336456e+00 1.801805322589336456e+00 1.779762007241049160e+00 1.801805322589336456e+00 1.779762007241049160e+00
2.889886561194960901e+00 3.491367026046177102e+01 8.078144539834059401e+01 1.591224734564654000e+02 1.655202429410645095e+02 1.658593927668708830e+02 1.657678458903137084e+02 1.621850987615252109e+02 1.625760806492600636e+02 1.539426461125748915e+02 1.520743399756959491e+02 5.023337133609960148e+00 2.008636780975051828e+00 1.872320102627173855e+00 1.573991048200984011e+00 1.512521136725514026e+00 1.801805322589336456e+00 1.714320257895221911e+00 1.703931897868478318e+00 1.556827975410163045e+00
1.556827975410163045e+00 1.779762007241049160e+00 1.861534432205737444e+00 4.685484925577176796e+01 7.930634038954970322e+01 6.672804525599504188e+01 6.672804525599504188e+01 6.672804525599504188e+01 6.672804525599504188e+01 1.612211550609718813e+02 1.612211550609718813e+02 1.595644072389307837e+02 7.867319395615963629e+01 6.700093826634748950e+00 2.008636780975051828e+00 1.855762719382618497e+00 1.703559103100833028e+00 1.703559103100833028e+00 1.614938673901893829e+00 1.649450794251297481e+00
1.465121978560540494e+00 1.703559103100833028e+00 1.556827975410163045e+00 1.646465261905201372e+00 1.779762007241049160e+00 1.779762007241049160e+00 1.779762007241049160e+00 1.779762007241049160e+00 1.779762007241049160e+00 1.861534432205737444e+00 2.889886561194960901e+00 1.591224734564654000e+02 1.655202429410645095e+02 1.239110884094783813e+02 1.289252133437348213e+01 1.634014261287071834e+00 1.703559103100833028e+00 1.703559103100833028e+00 1.649450794251297481e+00 1.527047385685228909e+00
1.184489755918717746e+00 1.465121978560540494e+00 1.465121978560540494e+00 1.465121978560540494e+00 1.703559103100833028e+00 1.646465261905201372e+00 1.703559103100833028e+00 1.556766901582339102e+00 1.649450794251297481e+00 1.556827975410163045e+00 1.556827975410163045e+00 2.889886561194960901e+00 1.318324640660608793e+02 1.461392804098372551e+02 8.924460166548530538e+01 1.851459101751287584e+00 1.597361131034422232e+00 1.703559103100833028e+00 1.649450794251297481e+00 1.556827975410163045e+00
1.184489755918717746e+00 1.184489755918717746e+00 1.184489755918717746e+00 1.184489755918717746e+00 1.573991048200984011e+00 1.499262358286829633e+00 1.703559103100833028e+00 1.668985090247356640e+00 1.614938673901893829e+00 1.649450794251297481e+00 1.465121978560540494e+00 3.380360517074772275e+01 1.318324640660608793e+02 1.489591053636436015e+02 1.327695510869750990e+02 5.023337133609960148e+00 1.872320102627173855e+00 1.597361131034422232e+00 1.649450794251297481e+00 1.649450794251297481e+00
1.184489755918717746e+00 1.184489755918717746e+00 1.184489755918717746e+00 1.184489755918717746e+00 1.377353748697675906e+00 1.597361131034422232e+00 1.597361131034422232e+00 1.597361131034422232e+00 1.556827975410163045e+00 1.381393823623835448e+00 1.381393823623835448e+00 2.889886561194960901e+00 6.410636410565942356e+01 1.655202429410645095e+02 1.539426461125748915e+02 6.487835599880581583e+01 3.022001161594239704e+00 1.556766901582339102e+00 1.499262358286829633e+00 1.527047385685228909e+00
1.184489755918717746e+00 1.184489755918717746e+00 1.184489755918717746e+00 1.184489755918717746e+00 1.184489755918717746e+00 1.573991048200984011e+00 1.597361131034422232e+00 1.556766901582339102e+00 1.499262358286829633e+00 1.381393823623835448e+00 1.573991048200984011e+00 5.010036806292913703e+00 6.581641490767972869e+01 1.655202429410645095e+02 1.651799289809427478e+02 1.327695510869750990e+02 1.573991048200984011e+00 1.512521136725514026e+00 1.418620097608169095e+00 1.381393823623835448e+00
1.184489755918717746e+00 1.184489755918717746e+00 1.184489755918717746e+00 1.184489755918717746e+00 1.184489755918717746e+00 1.184489755918717746e+00 1.465121978560540494e+00 1.465121978560540494e+00 1.527047385685228909e+00 1.381393823623835448e+00 1.573991048200984011e+00 1.512521136725514026e+00 1.585361183052727796e+01 1.655202429410645095e+02 1.655272499856333468e+02 6.551390329448364014e+01 1.573991048200984011e+00 1.418620097608169095e+00 1.381393823623835448e+00 1.381393823623835448e+00
1.184489755918717746e+00 1.184489755918717746e+00 1.184489755918717746e+00 1.184489755918717746e+00 1.377353748697675906e+00 1.184489755918717746e+00 1.184489755918717746e+00 1.465121978560540494e+00 1.486901096129977340e+00 1.381393823623835448e+00 1.512521136725514026e+00 1.527047385685228909e+00 6.581641490767972869e+01 1.655202429410645095e+02 1.655272499856333468e+02 6.551390329448364014e+01 1.556766901582339102e+00 1.418620097608169095e+00 1.381393823623835448e+00 1.184489755918717746e+00
1.983571548087455172e+00 1.573991048200984011e+00 1.184489755918717746e+00 1.184489755918717746e+00 1.184489755918717746e+00 1.184489755918717746e+00 1.184489755918717746e+00 1.184489755918717746e+00 1.184489755918717746e+00 1.461945197618328640e+00 1.486901096129977340e+00 1.649450794251297481e+00 5.838085912533531285e+01 1.655202429410645095e+02 1.637274080715876607e+02 2.520884110506633746e+00 1.556766901582339102e+00 1.527047385685228909e+00 1.381393823623835448e+00 1.184489755918717746e+00
2.141124647513314105e+00 1.983571548087455172e+00 1.573971356588292903e+00 1.184489755918717746e+00 1.184489755918717746e+00 1.184489755918717746e+00 1.184489755918717746e+00 1.184489755918717746e+00 1.184489755918717746e+00 1.184489755918717746e+00 1.461945197618328640e+00 1.149180540690015384e+01 1.128200902852604344e+02 1.490582263619681953e+02 1.655272499856333468e+02 1.573991048200984011e+00 1.668985090247356640e+00 1.614938673901893829e+00 1.527047385685228909e+00 1.184489755918717746e+00
2.141124647513314105e+00 1.817216895669084620e+00 1.668985090247356640e+00 1.381393823623835448e+00 1.184489755918717746e+00 1.184489755918717746e+00 1.184489755918717746e+00 1.184489755918717746e+00 1.573991048200984011e+00 1.377353748697675906e+00 1.381393823623835448e+00 1.585361183052727796e+01 1.154949942904592035e+02 1.600860775565182053e+02 6.487835599880581583e+01 1.597361131034422232e+00 1.634014261287071834e+00 1.573991048200984011e+00 1.556827975410163045e+00 1.381393823623835448e+00
2.141124647513314105e+00 1.925618473074414139e+00 1.377353748697675906e+00 1.381393823623835448e+00 1.184489755918717746e+00 1.184489755918717746e+00 1.184489755918717746e+00 1.184489755918717746e+00 1.556766901582339102e+00 1.418620097608169095e+00 1.381393823623835448e+00 5.838085912533531285e+01 1.655202429410645095e+02 1.651799289809427478e+02 2.520884110506633746e+00 1.714320257895221911e+00 1.703559103100833028e+00 1.649450794251297481e+00 1.649450794251297481e+00 1.381393823623835448e+00
2.141124647513314105e+00 1.781781099127246026e+00 1.649450794251297481e+00 1.527047385685228909e+00 1.184489755918717746e+00 1.184489755918717746e+00 1.184489755918717746e+00 1.184489755918717746e+00 1.573991048200984011e+00 1.527047385685228909e+00 4.358399248473287457e+01 1.655202429410645095e+02 1.658593927668708830e+02 1.655272499856333468e+02 4.295673182032287230e+01 1.851459101751287584e+00 1.597361131034422232e+00 1.649450794251297481e+00 1.556827975410163045e+00 1.527047385685228909e+00
1.925618473074414139e+00 1.668985090247356640e+00 1.649450794251297481e+00 1.184489755918717746e+00 1.184489755918717746e+00 1.184489755918717746e+00 1.184489755918717746e+00 1.184489755918717746e+00 1.418620097608169095e+00 1.381393823623835448e+00 1.585361183052727796e+01 1.655202429410645095e+02 1.658593927668708830e+02 1.655272499856333468e+02 2.623336839379324381e+00 1.573991048200984011e+00 1.512521136725514026e+00 1.465121978560540494e+00 1.465121978560540494e+00 1.184489755918717746e+00
2.096362393494902943e+00 1.654362616489111870e+00 1.527047385685228909e+00 1.184489755918717746e+00 1.184489755918717746e+00 1.184489755918717746e+00 1.184489755918717746e+00 1.184489755918717746e+00 1.377353748697675906e+00 1.381393823623835448e+00 5.695435679533189699e+01 1.239816756734093985e+02 1.617069377011030724e+02 1.655272499856333468e+02 1.556766901582339102e+00 2.039399433123972205e+00 1.377353748697675906e+00 1.381393823623835448e+00 1.184489755918717746e+00 1.184489755918717746e+00
