1.381850648499671763e+00 1.381850648499671763e+00 1.381850648499671763e+00 1.016275563087950751e+00 1.016275563087950751e+00 1.738885747550350080e+00 3.670716319662184901e+01 3.670716319662184901e+01 1.300806703358726679e+01 8.107474044079802766e+00 1.635618759024197288e+01 3.022001161594239704e+00 1.634014261287071834e+00 1.381850648499671763e+00 1.363262116195477658e+00 1.016275563087950751e+00 1.016275563087950751e+00 1.016275563087950751e+00 1.016275563087950751e+00 1.016275563087950751e+00
1.381850648499671763e+00 1.381850648499671763e+00 1.381850648499671763e+00 1.381850648499671763e+00 1.016275563087950751e+00 1.300806703358726679e+01 1.381850648499671763e+00 1.381850648499671763e+00 1.674632831454367032e+00 2.461041569273326513e+00 1.340332173047589492e+01 1.289252133437348213e+01 1.381850648499671763e+00 1.556827975410163045e+00 1.519785198799185277e+00 1.363262116195477658e+00 1.016275563087950751e+00 1.152808635873795007e+00 1.184489755918717746e+00 1.152808635873795007e+00
1.381850648499671763e+00 1.381850648499671763e+00 1.381850648499671763e+00 1.381850648499671763e+00 1.381850648499671763e+00 1.381850648499671763e+00 1.381850648499671763e+00 1.328583675907910155e+00 1.381850648499671763e+00 1.556827975410163045e+00 1.700793118262584258e+01 1.404673640237849241e+01 1.381850648499671763e+00 1.381850648499671763e+00 1.465121978560540494e+00 1.363262116195477658e+00 1.152808635873795007e+00 1.184489755918717746e+00 1.152808635873795007e+00 1.152808635873795007e+00
1.381850648499671763e+00 1.381850648499671763e+00 1.016275563087950751e+00 1.016275563087950751e+00 1.152808635873795007e+00 1.328583675907910155e+00 1.328583675907910155e+00 1.184489755918717746e+00 1.184489755918717746e+00 1.184489755918717746e+00 1.585361183052727796e+01 1.289252133437348213e+01 1.328583675907910155e+00 1.461945197618328640e+00 1.184489755918717746e+00 1.184489755918717746e+00 1.152808635873795007e+00 1.152808635873795007e+00 1.152808635873795007e+00 1.016275563087950751e+00
1.152808635873795007e+00 1.381850648499671763e+00 1.381850648499671763e+00 1.328583675907910155e+00 1.381850648499671763e+00 1.503247505797598249e+00 1.442365982927015677e+00 1.184489755918717746e+00 1.152808635873795007e+00 1.184489755918717746e+00 1.700793118262584258e+01 1.031557607456119285e+01 1.328583675907910155e+00 1.184489755918717746e+00 1.184489755918717746e+00 1.152808635873795007e+00 1.152808635873795007e+00 1.184489755918717746e+00 1.016275563087950751e+00 1.381850648499671763e+00
1.152808635873795007e+00 1.016275563087950751e+00 1.016275563087950751e+00 1.016275563087950751e+00 1.016275563087950751e+00 1.328583675907910155e+00 1.184489755918717746e+00 1.184489755918717746e+00 1.152808635873795007e+00 1.184489755918717746e+00 1.700793118262584258e+01 1.404673640237849241e+01 1.727598891278980586e+00 1.381850648499671763e+00 1.152808635873795007e+00 1.184489755918717746e+00 1.184489755918717746e+00 1.016275563087950751e+00 1.016275563087950751e+00 1.381850648499671763e+00
1.016275563087950751e+00 1.016275563087950751e+00 1.016275563087950751e+00 1.016275563087950751e+00 1.152808635873795007e+00 1.184489755918717746e+00 1.381511869361276901e+00 1.363262116195477658e+00 1.152808635873795007e+00 1.363262116195477658e+00 1.700793118262584258e+01 1.404673640237849241e+01 2.318211495902166241e+00 1.328583675907910155e+00 1.184489755918717746e+00 1.184489755918717746e+00 1.184489755918717746e+00 1.016275563087950751e+00 1.016275563087950751e+00 1.016275563087950751e+00
1.016275563087950751e+00 1.016275563087950751e+00 1.016275563087950751e+00 1.152808635873795007e+00 1.152808635873795007e+00 1.152808635873795007e+00 1.381511869361276901e+00 1.363262116195477658e+00 1.658565112332420322e+00 1.674632831454367032e+00 4.434012045073966846e+00 1.404673640237849241e+01 1.573991048200984011e+00 1.328583675907910155e+00 1.152808635873795007e+00 1.184489755918717746e+00 1.184489755918717746e+00 1.016275563087950751e+00 1.016275563087950751e+00 1.016275563087950751e+00
1.016275563087950751e+00 1.016275563087950751e+00 1.152808635873795007e+00 1.152808635873795007e+00 1.152808635873795007e+00 1.381850648499671763e+00 1.418620097608169095e+00 1.503913736818593749e+00 1.549835168263192786e+00 1.628404057373007419e+00 4.434012045073966846e+00 1.573991048200984011e+00 1.381850648499671763e+00 1.328583675907910155e+00 1.184489755918717746e+00 1.184489755918717746e+00 1.184489755918717746e+00 1.016275563087950751e+00 1.016275563087950751e+00 1.016275563087950751e+00
1.152808635873795007e+00 1.152808635873795007e+00 1.016275563087950751e+00 1.016275563087950751e+00 1.016275563087950751e+00 1.152808635873795007e+00 1.503913736818593749e+00 1.503913736818593749e+00 1.503913736818593749e+00 1.760501691013634629e+00 1.081867755395407293e+01 1.573991048200984011e+00 1.668985090247356640e+00 1.573991048200984011e+00 1.328583675907910155e+00 1.184489755918717746e+00 1.152808635873795007e+00 1.184489755918717746e+00 1.016275563087950751e+00 1.016275563087950751e+00
1.152808635873795007e+00 1.016275563087950751e+00 1.016275563087950751e+00 1.152808635873795007e+00 1.760501691013634629e+00 2.571274987276933643e+01 5.017786120545409290e+01 7.867319395615963629e+01 7.867319395615963629e+01 7.812955769777929049e+01 4.295673182032287230e+01 2.168410840578099297e+00 1.658565112332420322e+00 1.381850648499671763e+00 1.381511869361276901e+00 1.363262116195477658e+00 1.184489755918717746e+00 1.184489755918717746e+00 1.152808635873795007e+00 1.016275563087950751e+00
1.184489755918717746e+00 1.016275563087950751e+00 1.152808635873795007e+00 7.867319395615963629e+01 7.867319395615963629e+01 1.077487239664430803e+02 1.154949942904592035e+02 1.658593927668708830e+02 1.658593927668708830e+02 1.658932323873407881e+02 1.239110884094783813e+02 1.239110884094783813e+02 1.696826258116640007e+00 8.231867246124080495e+00 1.549835168263192786e+00 1.442365982927015677e+00 1.363262116195477658e+00 1.152808635873795007e+00 1.016275563087950751e+00 1.152808635873795007e+00
1.016275563087950751e+00 1.016275563087950751e+00 1.738885747550350080e+00 1.655202429410645095e+02 1.658932323873407881e+02 1.658932323873407881e+02 1.658932323873407881e+02 1.658932323873407881e+02 1.663370479960022124e+02 1.663370479960022124e+02 1.655272499856333468e+02 6.551390329448364014e+01 1.635618759024197288e+01 2.008636780975051828e+00 1.503913736818593749e+00 1.503913736818593749e+00 1.503913736818593749e+00 1.503913736818593749e+00 1.760501691013634629e+00 3.257797046730943613e+00
1.184489755918717746e+00 1.184489755918717746e+00 1.585361183052727796e+01 1.547677796186151227e+02 1.663370479960022124e+02 1.663370479960022124e+02 1.663370479960022124e+02 1.663370479960022124e+02 1.387401141858892117e+02 1.387401141858892117e+02 4.370246988271712496e+01 4.888912653482567805e+01 1.300806703358726679e+01 5.830790076872103711e+00 1.738885747550350080e+00 4.282040186413215821e+01 7.867319395615963629e+01 7.867319395615963629e+01 7.867319395615963629e+01 1.635618759024197288e+01
1.152808635873795007e+00 1.363262116195477658e+00 8.525862822357768778e+01 1.547677796186151227e+02 1.663370479960022124e+02 1.663370479960022124e+02 1.387401141858892117e+02 1.387401141858892117e+02 1.381850648499671763e+00 1.603166054381250927e+00 1.381850648499671763e+00 1.381850648499671763e+00 1.603166054381250927e+00 1.674632831454367032e+00 2.461041569273326513e+00 3.491367026046177102e+01 9.400597223050003493e+01 1.370085202927404282e+02 1.370085202927404282e+02 1.576917264683239921e+02
1.152808635873795007e+00 1.184489755918717746e+00 3.380360517074772275e+01 1.547677796186151227e+02 1.644982717327636124e+02 1.387401141858892117e+02 1.381850648499671763e+00 1.381850648499671763e+00 1.381850648499671763e+00 1.381850648499671763e+00 1.381850648499671763e+00 1.381850648499671763e+00 1.658565112332420322e+00 1.797262453028828588e+00 1.674632831454367032e+00 1.674632831454367032e+00 3.428801894367502001e+01 4.685484925577176796e+01 4.888912653482567805e+01 1.300806703358726679e+01
1.184489755918717746e+00 1.016275563087950751e+00 3.380360517074772275e+01 4.370246988271712496e+01 4.370246988271712496e+01 1.381850648499671763e+00 1.381850648499671763e+00 1.418620097608169095e+00 1.184489755918717746e+00 1.184489755918717746e+00 1.152808635873795007e+00 1.184489755918717746e+00 1.461945197618328640e+00 1.465121978560540494e+00 1.649450794251297481e+00 7.833660920246491521e+00 1.381850648499671763e+00 1.381850648499671763e+00 1.381850648499671763e+00 1.381850648499671763e+00
1.016275563087950751e+00 1.016275563087950751e+00 1.381850648499671763e+00 1.381850648499671763e+00 1.381850648499671763e+00 1.453296330911048928e+00 1.328583675907910155e+00 1.184489755918717746e+00 1.152808635873795007e+00 1.152808635873795007e+00 1.152808635873795007e+00 1.152808635873795007e+00 1.184489755918717746e+00 1.465121978560540494e+00 1.184489755918717746e+00 1.465121978560540494e+00 1.381850648499671763e+00 1.328583675907910155e+00 1.363262116195477658e+00 1.184489755918717746e+00
1.152808635873795007e+00 1.152808635873795007e+00 1.152808635873795007e+00 1.152808635873795007e+00 1.152808635873795007e+00 1.152808635873795007e+00 1.152808635873795007e+00 1.152808635873795007e+00 1.152808635873795007e+00 1.152808635873795007e+00 1.152808635873795007e+00 1.152808635873795007e+00 1.152808635873795007e+00 1.152808635873795007e+00 1.152808635873795007e+00 1.152808635873795007e+00 1.328583675907910155e+00 1.152808635873795007e+00 1.152808635873795007e+00 1.152808635873795007e+00
1.016275563087950751e+00 1.152808635873795007e+00 1.152808635873795007e+00 1.152808635873795007e+00 1.152808635873795007e+00 1.381850648499671763e+00 1.381850648499671763e+00 1.381850648499671763e+00 1.381850648499671763e+00 1.381850648499671763e+00 1.381850648499671763e+00 1.381850648499671763e+00 1.152808635873795007e+00 1.152808635873795007e+00 1.152808635873795007e+00 1.152808635873795007e+00 1.152808635873795007e+00 1.152808635873795007e+00 1.152808635873795007e+00 1.152808635873795007e+00
