8.275293500523792645e-01 8.275293500523792645e-01 8.275293500523792645e-01 8.275293500523792645e-01 1.065758935661741846e+00 1.376805112332250891e+00 1.376805112332250891e+00 1.376805112332250891e+00 1.193931229416546058e+00 1.418620097608169095e+00 1.597914220750751513e+00 1.503913736818593749e+00 1.573991048200984011e+00 1.376805112332250891e+00 1.193931229416546058e+00 1.193931229416546058e+00 1.184489755918717746e+00 1.193931229416546058e+00 1.193931229416546058e+00 8.275293500523792645e-01
8.275293500523792645e-01 8.275293500523792645e-01 8.275293500523792645e-01 8.275293500523792645e-01 8.275293500523792645e-01 1.065758935661741846e+00 1.381511869361276901e+00 1.376805112332250891e+00 1.381393823623835448e+00 1.381393823623835448e+00 1.424713535004778153e+00 1.424713535004778153e+00 1.636866787662233591e+00 1.381511869361276901e+00 1.381393823623835448e+00 1.381393823623835448e+00 1.259980764519020857e+00 1.713851666243001004e+00 1.713851666243001004e+00 8.275293500523792645e-01
8.275293500523792645e-01 8.275293500523792645e-01 8.275293500523792645e-01 8.275293500523792645e-01 8.275293500523792645e-01 1.065758935661741846e+00 1.065758935661741846e+00 1.503913736818593749e+00 1.381393823623835448e+00 1.424713535004778153e+00 1.376805112332250891e+00 2.102065806023516004e+00 1.573991048200984011e+00 1.603166054381250927e+00 1.505955625955174515e+00 1.424713535004778153e+00 1.636866787662233591e+00 1.376805112332250891e+00 1.713851666243001004e+00 8.275293500523792645e-01
8.275293500523792645e-01 8.275293500523792645e-01 8.275293500523792645e-01 8.275293500523792645e-01 8.275293500523792645e-01 8.275293500523792645e-01 8.275293500523792645e-01 8.275293500523792645e-01 1.988400131975591734e+00 1.573991048200984011e+00 1.616491159975947722e+00 1.573991048200984011e+00 1.453296330911048928e+00 1.549835168263192786e+00 1.465121978560540494e+00 1.424713535004778153e+00 1.289252133437348213e+01 1.328583675907910155e+00 1.381393823623835448e+00 8.275293500523792645e-01
8.275293500523792645e-01 8.275293500523792645e-01 8.275293500523792645e-01 8.275293500523792645e-01 8.275293500523792645e-01 8.275293500523792645e-01 8.275293500523792645e-01 8.275293500523792645e-01 4.434012045073966846e+00 1.404673640237849241e+01 1.794260084813166900e+00 1.376805112332250891e+00 1.549835168263192786e+00 1.573991048200984011e+00 1.465121978560540494e+00 1.988400131975591734e+00 1.573991048200984011e+00 1.381511869361276901e+00 1.381393823623835448e+00 8.275293500523792645e-01
8.275293500523792645e-01 8.275293500523792645e-01 8.275293500523792645e-01 8.275293500523792645e-01 8.275293500523792645e-01 8.275293500523792645e-01 1.016275563087950751e+00 1.016275563087950751e+00 7.508900267350504976e+00 1.635618759024197288e+01 1.727598891278980586e+00 1.477343376944341591e+00 1.381393823623835448e+00 1.465121978560540494e+00 1.505955625955174515e+00 2.192812673382809052e+00 1.573991048200984011e+00 1.573991048200984011e+00 1.442365982927015677e+00 1.381393823623835448e+00
8.275293500523792645e-01 8.275293500523792645e-01 8.275293500523792645e-01 8.275293500523792645e-01 8.275293500523792645e-01 8.275293500523792645e-01 1.713736493186578613e+00 1.505955625955174515e+00 4.434012045073966846e+00 7.508900267350504976e+00 2.008636780975051828e+00 2.008636780975051828e+00 1.505955625955174515e+00 1.424713535004778153e+00 1.300806703358726679e+01 1.376805112332250891e+00 1.453296330911048928e+00 1.549835168263192786e+00 1.505955625955174515e+00 1.184489755918717746e+00
8.275293500523792645e-01 8.275293500523792645e-01 8.275293500523792645e-01 8.275293500523792645e-01 8.275293500523792645e-01 8.275293500523792645e-01 1.658565112332420322e+00 1.628404057373007419e+00 4.434012045073966846e+00 1.154949942904592035e+02 1.620609266168906970e+02 6.768862682073961423e+01 4.282040186413215821e+01 1.300806703358726679e+01 1.573991048200984011e+00 1.376805112332250891e+00 1.549835168263192786e+00 1.376805112332250891e+00 1.184489755918717746e+00 1.381393823623835448e+00
8.275293500523792645e-01 8.275293500523792645e-01 8.275293500523792645e-01 8.275293500523792645e-01 8.275293500523792645e-01 8.275293500523792645e-01 1.658565112332420322e+00 1.649450794251297481e+00 8.495587791667496447e+01 1.657832046562924688e+02 1.665474644541448583e+02 1.603632602314245617e+02 6.972409383242856507e+01 1.376805112332250891e+00 1.376805112332250891e+00 1.477343376944341591e+00 1.381393823623835448e+00 1.193931229416546058e+00 1.193931229416546058e+00 8.275293500523792645e-01
8.275293500523792645e-01 8.275293500523792645e-01 8.275293500523792645e-01 8.275293500523792645e-01 8.275293500523792645e-01 8.275293500523792645e-01 1.713736493186578613e+00 1.649450794251297481e+00 8.495587791667496447e+01 1.657832046562924688e+02 1.665474644541448583e+02 1.662156510412373507e+02 1.573991048200984011e+00 1.616491159975947722e+00 1.446987275405187345e+00 1.376805112332250891e+00 1.446987275405187345e+00 1.381393823623835448e+00 1.381393823623835448e+00 8.275293500523792645e-01
8.275293500523792645e-01 8.275293500523792645e-01 8.275293500523792645e-01 8.275293500523792645e-01 8.275293500523792645e-01 8.275293500523792645e-01 1.797262453028828588e+00 1.649450794251297481e+00 1.500829608427698929e+02 1.547677796186151227e+02 1.663370479960022124e+02 1.664218353935301309e+02 1.665309886536630923e+00 1.549835168263192786e+00 1.505955625955174515e+00 1.503913736818593749e+00 1.505955625955174515e+00 1.505955625955174515e+00 8.275293500523792645e-01 8.275293500523792645e-01
8.275293500523792645e-01 8.275293500523792645e-01 8.275293500523792645e-01 8.275293500523792645e-01 1.065758935661741846e+00 8.275293500523792645e-01 1.184489755918717746e+00 2.480188742030536275e+01 1.154949942904592035e+02 1.535104094754648543e+02 1.664218353935301309e+02 6.551390329448364014e+01 1.797262453028828588e+00 1.424713535004778153e+00 8.275293500523792645e-01 8.275293500523792645e-01 8.275293500523792645e-01 8.275293500523792645e-01 8.275293500523792645e-01 8.275293500523792645e-01
8.275293500523792645e-01 8.275293500523792645e-01 8.275293500523792645e-01 8.275293500523792645e-01 1.065758935661741846e+00 8.275293500523792645e-01 1.381393823623835448e+00 6.321898427646260643e+01 1.369728601172717788e+02 1.563798814717997345e+02 1.662156510412373507e+02 1.423878290191248119e+01 2.275082645017051153e+00 1.065758935661741846e+00 8.275293500523792645e-01 8.275293500523792645e-01 8.275293500523792645e-01 8.275293500523792645e-01 8.275293500523792645e-01 8.275293500523792645e-01
8.275293500523792645e-01 8.275293500523792645e-01 8.275293500523792645e-01 8.275293500523792645e-01 8.275293500523792645e-01 8.275293500523792645e-01 2.480188742030536275e+01 5.695435679533189699e+01 1.386490894052933243e+02 1.628264361456637062e+02 1.252399559236506121e+02 1.423878290191248119e+01 2.318211495902166241e+00 1.065758935661741846e+00 8.275293500523792645e-01 8.275293500523792645e-01 8.275293500523792645e-01 8.275293500523792645e-01 8.275293500523792645e-01 8.275293500523792645e-01
8.275293500523792645e-01 8.275293500523792645e-01 8.275293500523792645e-01 8.275293500523792645e-01 8.275293500523792645e-01 1.381393823623835448e+00 1.559725071308526800e+01 5.695435679533189699e+01 1.247291526589807802e+02 1.548161583749702856e+02 1.154103570211030672e+02 1.404673640237849241e+01 2.310702800757193476e+00 1.065758935661741846e+00 8.275293500523792645e-01 8.275293500523792645e-01 8.275293500523792645e-01 8.275293500523792645e-01 8.275293500523792645e-01 8.275293500523792645e-01
8.275293500523792645e-01 8.275293500523792645e-01 8.275293500523792645e-01 8.275293500523792645e-01 1.016275563087950751e+00 1.700793118262584258e+01 1.700793118262584258e+01 3.451745039799106252e+01 1.247291526589807802e+02 6.462470530261282420e+01 4.506360621132839128e+01 2.623336839379324381e+00 1.376805112332250891e+00 1.065758935661741846e+00 8.275293500523792645e-01 8.275293500523792645e-01 8.275293500523792645e-01 8.275293500523792645e-01 8.275293500523792645e-01 8.275293500523792645e-01
8.275293500523792645e-01 8.275293500523792645e-01 8.275293500523792645e-01 8.275293500523792645e-01 8.275293500523792645e-01 1.700793118262584258e+01 1.978902454484273932e+01 5.017786120545409290e+01 7.309198696988558197e+01 6.462470530261282420e+01 4.506360621132839128e+01 1.105143851812257338e+01 1.065758935661741846e+00 1.065758935661741846e+00 8.275293500523792645e-01 8.275293500523792645e-01 8.275293500523792645e-01 8.275293500523792645e-01 8.275293500523792645e-01 8.275293500523792645e-01
8.275293500523792645e-01 8.275293500523792645e-01 8.275293500523792645e-01 8.275293500523792645e-01 1.465121978560540494e+00 3.072487991952096920e+01 9.518374372677726569e+01 4.282040186413215821e+01 6.355425149825219933e+01 1.014572679778440261e+02 1.031557607456119285e+01 1.376805112332250891e+00 1.065758935661741846e+00 8.275293500523792645e-01 8.275293500523792645e-01 8.275293500523792645e-01 8.275293500523792645e-01 8.275293500523792645e-01 8.275293500523792645e-01 8.275293500523792645e-01
8.275293500523792645e-01 8.275293500523792645e-01 8.275293500523792645e-01 8.275293500523792645e-01 8.275293500523792645e-01 4.099225301703379643e+01 9.518374372677726569e+01 1.252362132502251342e+02 1.014572679778440261e+02 3.045148100627901400e+01 1.376805112332250891e+00 1.065758935661741846e+00 1.065758935661741846e+00 8.275293500523792645e-01 8.275293500523792645e-01 8.275293500523792645e-01 8.275293500523792645e-01 8.275293500523792645e-01 8.275293500523792645e-01 8.275293500523792645e-01
8.275293500523792645e-01 8.275293500523792645e-01 8.275293500523792645e-01 8.275293500523792645e-01 1.465856837589404549e+00 1.713851666243001004e+00 3.670716319662184901e+01 3.670716319662184901e+01 1.300806703358726679e+01 1.376805112332250891e+00 1.065758935661741846e+00 1.549835168263192786e+00 8.275293500523792645e-01 8.275293500523792645e-01 8.275293500523792645e-01 8.275293500523792645e-01 8.275293500523792645e-01 8.275293500523792645e-01 8.275293500523792645e-01 8.275293500523792645e-01
