1.130688718635084911e+01 1.130688718635084911e+01 1.130688718635084911e+01 1.130688718635084911e+01 1.130688718635084911e+01 1.130688718635084911e+01 1.130688718635084911e+01 1.130688718635084911e+01 1.130688718635084911e+01 1.130688718635084911e+01 1.232107321764702235e+01 1.232107321764702235e+01 1.232107321764702235e+01 1.232107321764702235e+01 1.232107321764702235e+01 1.232107321764702235e+01 1.232107321764702235e+01 1.130688718635084911e+01 1.130688718635084911e+01 1.130688718635084911e+01
1.130688718635084911e+01 1.130688718635084911e+01 1.130688718635084911e+01 1.130688718635084911e+01 1.130688718635084911e+01 1.130688718635084911e+01 1.130688718635084911e+01 1.130688718635084911e+01 1.232107321764702235e+01 2.154397596343022769e+01 2.154397596343022769e+01 2.866054224919732363e+01 2.765815299346963485e+01 2.765815299346963485e+01 2.693091131562714224e+01 2.765815299346963485e+01 2.425629628545075889e+01 2.425629628545075889e+01 2.036064938072678387e+01 1.130688718635084911e+01
1.130688718635084911e+01 1.130688718635084911e+01 1.130688718635084911e+01 1.130688718635084911e+01 1.130688718635084911e+01 1.232107321764702235e+01 1.837134595259106362e+01 2.154397596343022769e+01 2.841784789956021129e+01 3.247755908085073173e+01 3.640551977626799385e+01 3.640551977626799385e+01 3.640551977626799385e+01 3.969917269466772325e+01 3.969917269466772325e+01 3.640551977626799385e+01 3.640551977626799385e+01 3.261402268888410561e+01 2.967867847424209060e+01 2.425629628545075889e+01
1.130688718635084911e+01 1.130688718635084911e+01 1.130688718635084911e+01 1.837134595259106362e+01 2.154397596343022769e+01 2.309587474134727003e+01 2.866054224919732363e+01 4.008360321266010118e+01 4.704768009146025065e+01 4.870211911028580687e+01 5.417117335879856910e+01 5.289896652465580473e+01 5.289896652465580473e+01 5.289896652465580473e+01 5.289896652465580473e+01 5.289896652465580473e+01 5.289896652465580473e+01 4.634324293570721665e+01 4.062938245188333042e+01 3.261402268888410561e+01
1.130688718635084911e+01 2.024614630702575369e+01 2.154397596343022769e+01 2.866054224919732363e+01 3.793701166723663931e+01 4.240407499085240062e+01 5.147059158491578756e+01 5.840469464822543699e+01 6.206596415927185717e+01 6.634739123969629304e+01 6.634739123969629304e+01 5.289896652465580473e+01 5.372113904943980600e+01 5.640785542505833661e+01 5.640785542505833661e+01 5.688312356916659951e+01 5.289896652465580473e+01 5.289896652465580473e+01 5.289896652465580473e+01 4.996947402542061667e+01
1.898297472818540044e+01 2.364009727836888786e+01 3.651403608603006035e+01 4.725744620526884177e+01 5.840469464822543699e+01 6.206596415927185717e+01 7.340670561421930529e+01 7.219886583109624212e+01 7.578142560973088848e+01 6.524940648592205150e+01 5.807081860206532298e+01 5.027458216561596061e+01 4.803219725153726216e+01 4.089769946976599613e+01 4.089769946976599613e+01 4.089769946976599613e+01 4.089769946976599613e+01 6.155467068425413402e+01 6.192783960474222482e+01 6.634739123969629304e+01
2.354237111229262425e+01 3.746166442642988414e+01 5.123278218932019712e+01 6.206596415927185717e+01 6.986389873296177200e+01 7.875471013477017834e+01 7.864775299967952549e+01 8.547505828586604082e+01 7.864775299967952549e+01 6.524940648592205150e+01 5.807081860206532298e+01 4.210866562458437556e+01 3.402323212533593022e+01 3.023792285263061075e+01 3.023792285263061075e+01 3.023792285263061075e+01 3.373607677523659731e+01 4.280925302017612921e+01 6.155467068425413402e+01 7.216933563155708953e+01
3.269280351512352922e+01 4.837556363799873793e+01 6.192783960474222482e+01 6.986389873296177200e+01 7.947727731901424875e+01 7.947727731901424875e+01 8.049072613337135351e+01 7.947727731901424875e+01 8.700890255376515370e+01 7.439720774486600874e+01 6.117818416043152752e+01 5.289896652465580473e+01 4.634324293570721665e+01 3.317412119424037797e+01 3.317412119424037797e+01 2.591769158318368937e+01 3.023792285263061075e+01 4.280925302017612921e+01 5.809288440795142350e+01 7.105715438314183530e+01
3.757521693300134302e+01 5.616561827230930248e+01 6.986389873296177200e+01 7.509402180484397604e+01 6.827377506800323204e+01 5.640785542505833661e+01 5.688312356916659951e+01 7.197561483631839963e+01 7.197561483631839963e+01 7.216933563155708953e+01 6.634739123969629304e+01 5.289896652465580473e+01 5.289896652465580473e+01 4.210866562458437556e+01 3.847259083983578876e+01 2.896260145246757745e+01 3.023792285263061075e+01 3.098518675436070424e+01 4.881672705296045933e+01 6.192783960474222482e+01
4.790626119768439395e+01 6.192783960474222482e+01 7.105715438314183530e+01 5.807081860206532298e+01 4.654446003778031837e+01 4.089769946976599613e+01 3.986861219279023061e+01 4.674315949434587480e+01 5.640785542505833661e+01 5.640785542505833661e+01 5.640785542505833661e+01 5.640785542505833661e+01 5.027458216561596061e+01 4.654446003778031837e+01 3.402323212533593022e+01 2.712255396048867340e+01 3.023792285263061075e+01 3.757521693300134302e+01 4.837556363799873793e+01 6.192783960474222482e+01
4.790626119768439395e+01 7.148142086744385892e+01 6.524940648592205150e+01 5.372113904943980600e+01 3.656284918847273246e+01 2.614328725629983907e+01 2.469011616132316789e+01 2.632977110121945685e+01 2.846196832584900704e+01 3.691705372807765428e+01 3.691705372807765428e+01 3.691705372807765428e+01 3.612185595961395279e+01 3.078073668027800025e+01 2.712255396048867340e+01 2.712255396048867340e+01 3.049324952911155862e+01 4.520190183899484992e+01 6.192783960474222482e+01 6.986389873296177200e+01
4.790626119768439395e+01 7.148142086744385892e+01 6.524940648592205150e+01 4.622030737355205332e+01 2.956964572955964954e+01 2.001454440642983457e+01 1.779840041986890142e+01 1.779840041986890142e+01 1.779840041986890142e+01 2.179294396490065466e+01 2.469011616132316789e+01 2.295191157559921180e+01 2.179294396490065466e+01 2.376485391153103421e+01 2.252623425507348287e+01 2.915398363438473339e+01 3.947216682728745241e+01 5.616561827230930248e+01 6.986389873296177200e+01 5.807081860206532298e+01
5.603887338189411338e+01 6.784056818259053045e+01 6.524940648592205150e+01 5.008391477172821737e+01 2.931117085670679856e+01 1.395228640353648331e+01 1.130688718635084911e+01 1.130688718635084911e+01 1.130688718635084911e+01 1.130688718635084911e+01 1.130688718635084911e+01 1.355663713415515303e+01 1.635509251623490456e+01 2.265486660233008465e+01 2.646512078844296312e+01 3.746166442642988414e+01 5.350177385119474138e+01 6.986389873296177200e+01 6.524940648592205150e+01 5.219153919563794375e+01
4.914956161446551164e+01 7.128003092135391228e+01 6.634739123969629304e+01 5.329084466681283772e+01 3.296362844349555843e+01 2.215981573956370809e+01 1.130688718635084911e+01 1.130688718635084911e+01 1.130688718635084911e+01 1.130688718635084911e+01 1.130688718635084911e+01 1.837134595259106362e+01 2.154397596343022769e+01 2.646512078844296312e+01 3.746166442642988414e+01 5.350177385119474138e+01 6.986389873296177200e+01 7.105715438314183530e+01 5.807081860206532298e+01 4.276093552047026236e+01
4.881672705296045933e+01 6.246210043024009906e+01 7.216933563155708953e+01 5.552295538041850165e+01 4.190091703238947929e+01 2.425629628545075889e+01 2.229902666551487300e+01 1.384728701658409555e+01 1.232107321764702235e+01 2.154397596343022769e+01 2.154397596343022769e+01 2.646512078844296312e+01 3.247755908085073173e+01 4.201590476081225489e+01 5.123278218932019712e+01 6.192783960474222482e+01 7.105715438314183530e+01 5.807081860206532298e+01 4.686143172363123455e+01 3.072861573653916878e+01
3.763479976630730306e+01 6.155467068425413402e+01 7.216933563155708953e+01 7.073987481743610317e+01 5.855870590381934448e+01 4.097780613246419534e+01 3.261402268888410561e+01 2.765815299346963485e+01 2.765815299346963485e+01 2.866054224919732363e+01 3.137360958691105495e+01 4.124498467208358932e+01 4.634324293570721665e+01 6.206596415927185717e+01 5.289896652465580473e+01 6.827377506800323204e+01 5.027458216561596061e+01 4.686143172363123455e+01 3.007228665707719273e+01 2.521641010348762535e+01
3.187994127639942477e+01 4.902713824266746911e+01 6.155467068425413402e+01 7.216933563155708953e+01 5.289896652465580473e+01 5.289896652465580473e+01 4.634324293570721665e+01 4.634324293570721665e+01 3.969917269466772325e+01 3.969917269466772325e+01 4.634324293570721665e+01 6.206596415927185717e+01 5.289896652465580473e+01 5.883379217075955125e+01 5.625939795159404611e+01 5.027458216561596061e+01 3.964832289000969467e+01 3.007228665707719273e+01 2.295191157559921180e+01 1.779840041986890142e+01
2.502642513482237163e+01 3.339411102986181845e+01 4.615819526522459171e+01 5.640785542505833661e+01 5.640785542505833661e+01 5.289896652465580473e+01 5.289896652465580473e+01 5.289896652465580473e+01 5.289896652465580473e+01 5.289896652465580473e+01 5.289896652465580473e+01 5.883379217075955125e+01 5.027458216561596061e+01 5.027458216561596061e+01 4.686143172363123455e+01 3.561010028027536833e+01 2.521641010348762535e+01 1.966194441016790151e+01 1.130688718635084911e+01 1.130688718635084911e+01
1.395228640353648331e+01 2.502642513482237163e+01 3.373607677523659731e+01 4.368949829702069110e+01 4.368949829702069110e+01 5.640785542505833661e+01 5.640785542505833661e+01 5.640785542505833661e+01 5.640785542505833661e+01 5.027458216561596061e+01 5.027458216561596061e+01 4.089769946976599613e+01 4.089769946976599613e+01 3.612185595961395279e+01 2.892115245344225016e+01 2.521641010348762535e+01 1.779840041986890142e+01 1.130688718635084911e+01 1.130688718635084911e+01 1.130688718635084911e+01
1.130688718635084911e+01 1.395228640353648331e+01 2.469011616132316789e+01 2.632977110121945685e+01 3.373607677523659731e+01 3.986861219279023061e+01 4.089769946976599613e+01 4.089769946976599613e+01 4.089769946976599613e+01 4.089769946976599613e+01 3.612185595961395279e+01 2.892115245344225016e+01 2.614328725629983907e+01 2.295191157559921180e+01 1.966194441016790151e+01 1.130688718635084911e+01 1.130688718635084911e+01 1.130688718635084911e+01 1.130688718635084911e+01 1.130688718635084911e+01
