3.084312348741327980e+00 2.141124647513314105e+00 1.817216895669084620e+00 1.581441769891193783e+00 1.063879079389938198e+00 1.136531542442944520e+00 1.549638141722645024e+00 1.549638141722645024e+00 1.556827975410163045e+00 1.649450794251297481e+00 1.527047385685228909e+00 1.063879079389938198e+00 1.136531542442944520e+00 1.379117986227147208e+00 1.379117986227147208e+00 1.379117986227147208e+00 1.465121978560540494e+00 1.527047385685228909e+00 1.063879079389938198e+00 1.063879079389938198e+00
2.141124647513314105e+00 1.867209682411902438e+00 1.988753819868922523e+00 1.581441769891193783e+00 1.063879079389938198e+00 1.136531542442944520e+00 1.379117986227147208e+00 1.379117986227147208e+00 1.486901096129977340e+00 1.465121978560540494e+00 1.063879079389938198e+00 1.063879079389938198e+00 1.063879079389938198e+00 1.063879079389938198e+00 1.379117986227147208e+00 1.486901096129977340e+00 1.379117986227147208e+00 1.363262116195477658e+00 1.063879079389938198e+00 1.063879079389938198e+00
1.826219655698504862e+00 1.703931897868478318e+00 1.581441769891193783e+00 1.063879079389938198e+00 1.063879079389938198e+00 1.136531542442944520e+00 1.597361131034422232e+00 1.486901096129977340e+00 1.486901096129977340e+00 2.595790864473602522e+00 1.668985090247356640e+00 1.063879079389938198e+00 1.486901096129977340e+00 6.700093826634748950e+00 2.008636780975051828e+00 1.063879079389938198e+00 1.379117986227147208e+00 1.363262116195477658e+00 1.184489755918717746e+00 1.063879079389938198e+00
1.461945197618328640e+00 1.063879079389938198e+00 1.063879079389938198e+00 1.063879079389938198e+00 1.063879079389938198e+00 1.063879079389938198e+00 1.503913736818593749e+00 2.595790864473602522e+00 1.527047385685228909e+00 1.725850874895348941e+00 1.861534432205737444e+00 1.861534432205737444e+00 1.527047385685228909e+00 7.508900267350504976e+00 1.635618759024197288e+01 6.700093826634748950e+00 1.377353748697675906e+00 1.527047385685228909e+00 1.063879079389938198e+00 1.063879079389938198e+00
1.063879079389938198e+00 1.063879079389938198e+00 1.136531542442944520e+00 1.374563143922642894e+00 1.527047385685228909e+00 1.641758097122694160e+00 1.634014261287071834e+00 1.725850874895348941e+00 1.777310865901138515e+00 1.618865528087227279e+00 1.801805322589336456e+00 1.725850874895348941e+00 1.988753819868922523e+00 1.377957596947809371e+01 1.493110439860005911e+01 1.289252133437348213e+01 1.379117986227147208e+00 1.363262116195477658e+00 1.063879079389938198e+00 1.063879079389938198e+00
1.063879079389938198e+00 1.063879079389938198e+00 1.136531542442944520e+00 1.654362616489111870e+00 1.668985090247356640e+00 2.873716899344701758e+00 1.801805322589336456e+00 1.668985090247356640e+00 1.379117986227147208e+00 1.379117986227147208e+00 1.499262358286829633e+00 1.646465261905201372e+00 1.556827975410163045e+00 1.585361183052727796e+01 9.828934731957308202e+01 1.635618759024197288e+01 1.851459101751287584e+00 1.379117986227147208e+00 1.556827975410163045e+00 1.063879079389938198e+00
1.063879079389938198e+00 1.063879079389938198e+00 1.136531542442944520e+00 1.851459101751287584e+00 1.499262358286829633e+00 1.573991048200984011e+00 1.597361131034422232e+00 1.649450794251297481e+00 1.614938673901893829e+00 1.418620097608169095e+00 1.461945197618328640e+00 1.465121978560540494e+00 1.649450794251297481e+00 1.585361183052727796e+01 6.462470530261282420e+01 4.982189358325213391e+01 5.023337133609960148e+00 1.680114372176631621e+00 1.379117986227147208e+00 1.063879079389938198e+00
1.063879079389938198e+00 1.063879079389938198e+00 1.136531542442944520e+00 1.136531542442944520e+00 1.465121978560540494e+00 1.714320257895221911e+00 1.597361131034422232e+00 1.573991048200984011e+00 1.418620097608169095e+00 1.486901096129977340e+00 1.379117986227147208e+00 1.503913736818593749e+00 1.465121978560540494e+00 1.585361183052727796e+01 6.462470530261282420e+01 4.006573563599202714e+01 2.623336839379324381e+00 1.379117986227147208e+00 1.499262358286829633e+00 1.063879079389938198e+00
1.063879079389938198e+00 1.063879079389938198e+00 1.063879079389938198e+00 1.063879079389938198e+00 1.136531542442944520e+00 1.691919853496202997e+00 1.668985090247356640e+00 1.549638141722645024e+00 1.379117986227147208e+00 1.527047385685228909e+00 1.363262116195477658e+00 1.668985090247356640e+00 1.465121978560540494e+00 1.585361183052727796e+01 7.084219933465426777e+01 1.573991048200984011e+00 1.549638141722645024e+00 1.379117986227147208e+00 1.499262358286829633e+00 1.063879079389938198e+00
1.063879079389938198e+00 1.063879079389938198e+00 1.063879079389938198e+00 1.063879079389938198e+00 1.136531542442944520e+00 1.597361131034422232e+00 1.549638141722645024e+00 1.614938673901893829e+00 1.486901096129977340e+00 1.573991048200984011e+00 1.418620097608169095e+00 1.461945197618328640e+00 1.978902454484273932e+01 6.462470530261282420e+01 1.573991048200984011e+00 1.867209682411902438e+00 1.573991048200984011e+00 1.379117986227147208e+00 1.363262116195477658e+00 1.063879079389938198e+00
1.063879079389938198e+00 1.063879079389938198e+00 1.063879079389938198e+00 1.063879079389938198e+00 1.136531542442944520e+00 1.549638141722645024e+00 1.379117986227147208e+00 1.527047385685228909e+00 1.486901096129977340e+00 1.503913736818593749e+00 1.668985090247356640e+00 1.978902454484273932e+01 6.462470530261282420e+01 2.352045200404990766e+01 1.911338484303447549e+00 1.668985090247356640e+00 1.654362616489111870e+00 1.377353748697675906e+00 1.527047385685228909e+00 1.063879079389938198e+00
1.063879079389938198e+00 1.063879079389938198e+00 1.063879079389938198e+00 1.063879079389938198e+00 1.136531542442944520e+00 1.379117986227147208e+00 1.498269044047211507e+00 1.486901096129977340e+00 1.603166054381250927e+00 1.603166054381250927e+00 1.649450794251297481e+00 1.585361183052727796e+01 4.888325839028200193e+01 2.019986880851456945e+00 1.603166054381250927e+00 1.499262358286829633e+00 1.649450794251297481e+00 1.499262358286829633e+00 1.527047385685228909e+00 1.063879079389938198e+00
1.063879079389938198e+00 1.063879079389938198e+00 1.063879079389938198e+00 1.063879079389938198e+00 1.063879079389938198e+00 1.136531542442944520e+00 1.379117986227147208e+00 1.503913736818593749e+00 1.503913736818593749e+00 1.465121978560540494e+00 1.649450794251297481e+00 7.084219933465426777e+01 1.573991048200984011e+00 1.379117986227147208e+00 1.597361131034422232e+00 1.379117986227147208e+00 1.486901096129977340e+00 1.486901096129977340e+00 1.556827975410163045e+00 1.363262116195477658e+00
1.063879079389938198e+00 1.063879079389938198e+00 1.063879079389938198e+00 1.063879079389938198e+00 1.063879079389938198e+00 1.063879079389938198e+00 1.136531542442944520e+00 1.503913736818593749e+00 1.461945197618328640e+00 3.405801832169770194e+01 4.269324745164909984e+01 1.304828330148743021e+01 1.573991048200984011e+00 1.379117986227147208e+00 1.465121978560540494e+00 1.486901096129977340e+00 1.379117986227147208e+00 1.461945197618328640e+00 1.465121978560540494e+00 1.063879079389938198e+00
1.063879079389938198e+00 1.063879079389938198e+00 1.063879079389938198e+00 1.063879079389938198e+00 1.063879079389938198e+00 1.063879079389938198e+00 1.063879079389938198e+00 2.112176858536840562e+00 5.185261557817540279e+01 5.695435679533189699e+01 4.006573563599202714e+01 1.379117986227147208e+00 1.379117986227147208e+00 1.418620097608169095e+00 1.461945197618328640e+00 1.184489755918717746e+00 1.377353748697675906e+00 1.184489755918717746e+00 1.184489755918717746e+00 1.063879079389938198e+00
1.063879079389938198e+00 1.063879079389938198e+00 1.063879079389938198e+00 1.063879079389938198e+00 1.063879079389938198e+00 1.184489755918717746e+00 7.508900267350504976e+00 5.185261557817540279e+01 4.269324745164909984e+01 7.809208693162618431e+01 1.379117986227147208e+00 1.379117986227147208e+00 1.418620097608169095e+00 1.486901096129977340e+00 1.063879079389938198e+00 1.063879079389938198e+00 1.063879079389938198e+00 1.063879079389938198e+00 1.184489755918717746e+00 1.063879079389938198e+00
1.063879079389938198e+00 1.063879079389938198e+00 1.063879079389938198e+00 1.063879079389938198e+00 1.063879079389938198e+00 1.465121978560540494e+00 5.185261557817540279e+01 6.462470530261282420e+01 6.486277402084417076e+01 1.573991048200984011e+00 1.379117986227147208e+00 1.418620097608169095e+00 1.486901096129977340e+00 1.184489755918717746e+00 1.063879079389938198e+00 1.063879079389938198e+00 1.063879079389938198e+00 1.063879079389938198e+00 1.063879079389938198e+00 1.063879079389938198e+00
1.379117986227147208e+00 1.379117986227147208e+00 1.063879079389938198e+00 1.184489755918717746e+00 1.465121978560540494e+00 5.185261557817540279e+01 9.389923499878835855e+01 7.809208693162618431e+01 1.573991048200984011e+00 1.573991048200984011e+00 1.379117986227147208e+00 1.465121978560540494e+00 1.184489755918717746e+00 1.063879079389938198e+00 1.063879079389938198e+00 1.063879079389938198e+00 1.063879079389938198e+00 1.063879079389938198e+00 1.063879079389938198e+00 1.063879079389938198e+00
1.379117986227147208e+00 1.379117986227147208e+00 1.363262116195477658e+00 1.461945197618328640e+00 3.469153566728452631e+01 6.462470530261282420e+01 7.809208693162618431e+01 3.567048582370623677e+01 1.714320257895221911e+00 1.549638141722645024e+00 1.418620097608169095e+00 1.363262116195477658e+00 1.063879079389938198e+00 1.063879079389938198e+00 1.063879079389938198e+00 1.063879079389938198e+00 1.063879079389938198e+00 1.063879079389938198e+00 1.063879079389938198e+00 1.063879079389938198e+00
1.184489755918717746e+00 1.184489755918717746e+00 1.363262116195477658e+00 1.465121978560540494e+00 1.585361183052727796e+01 6.462470530261282420e+01 4.006573563599202714e+01 1.867209682411902438e+00 1.826219655698504862e+00 1.549638141722645024e+00 1.649450794251297481e+00 1.063879079389938198e+00 1.063879079389938198e+00 1.063879079389938198e+00 1.063879079389938198e+00 1.063879079389938198e+00 1.063879079389938198e+00 1.063879079389938198e+00 1.063879079389938198e+00 1.063879079389938198e+00
