1.846613639011150498e+00 1.846613639011150498e+00 1.923296793295968143e+00 1.846613639011150498e+00 1.846613639011150498e+00 1.846613639011150498e+00 1.846613639011150498e+00 1.846613639011150498e+00 1.846613639011150498e+00 1.846613639011150498e+00 1.846613639011150498e+00 1.846613639011150498e+00
1.846613639011150498e+00 1.846613639011150498e+00 1.846613639011150498e+00 1.846613639011150498e+00 1.846613639011150498e+00 1.846613639011150498e+00 1.846613639011150498e+00 1.846613639011150498e+00 1.846613639011150498e+00 1.846613639011150498e+00 1.846613639011150498e+00 1.846613639011150498e+00
1.846613639011150498e+00 1.846613639011150498e+00 1.846613639011150498e+00 1.846613639011150498e+00 1.846613639011150498e+00 1.846613639011150498e+00 1.846613639011150498e+00 1.846613639011150498e+00 1.846613639011150498e+00 1.846613639011150498e+00 1.846613639011150498e+00 1.846613639011150498e+00
1.846613639011150498e+00 1.846613639011150498e+00 1.846613639011150498e+00 1.846613639011150498e+00 1.846613639011150498e+00 1.846613639011150498e+00 1.846613639011150498e+00 1.846613639011150498e+00 1.846613639011150498e+00 1.846613639011150498e+00 1.846613639011150498e+00 1.846613639011150498e+00
1.846613639011150498e+00 1.846613639011150498e+00 1.846613639011150498e+00 1.846613639011150498e+00 1.846613639011150498e+00 1.846613639011150498e+00 1.846613639011150498e+00 1.846613639011150498e+00 1.846613639011150498e+00 1.846613639011150498e+00 1.846613639011150498e+00 1.846613639011150498e+00
1.846613639011150498e+00 1.846613639011150498e+00 1.846613639011150498e+00 1.946280500816024439e+00 1.923296793295968143e+00 1.846613639011150498e+00 1.846613639011150498e+00 1.846613639011150498e+00 1.846613639011150498e+00 1.846613639011150498e+00 1.846613639011150498e+00 1.846613639011150498e+00
1.846613639011150498e+00 1.846613639011150498e+00 1.846613639011150498e+00 1.923296793295968143e+00 1.923296793295968143e+00 1.846613639011150498e+00 1.846613639011150498e+00 1.846613639011150498e+00 1.846613639011150498e+00 1.846613639011150498e+00 1.846613639011150498e+00 1.846613639011150498e+00
1.846613639011150498e+00 1.846613639011150498e+00 1.846613639011150498e+00 1.846613639011150498e+00 1.846613639011150498e+00 1.846613639011150498e+00 1.846613639011150498e+00 1.846613639011150498e+00 1.846613639011150498e+00 1.846613639011150498e+00 1.846613639011150498e+00 1.846613639011150498e+00
1.846613639011150498e+00 1.846613639011150498e+00 1.846613639011150498e+00 1.846613639011150498e+00 1.846613639011150498e+00 1.846613639011150498e+00 1.923296793295968143e+00 1.923296793295968143e+00 1.846613639011150498e+00 1.846613639011150498e+00 1.846613639011150498e+00 1.846613639011150498e+00
1.846613639011150498e+00 1.846613639011150498e+00 1.846613639011150498e+00 1.846613639011150498e+00 1.846613639011150498e+00 1.846613639011150498e+00 1.923296793295968143e+00 1.923296793295968143e+00 1.846613639011150498e+00 1.846613639011150498e+00 1.846613639011150498e+00 1.846613639011150498e+00
1.846613639011150498e+00 1.846613639011150498e+00 1.846613639011150498e+00 1.846613639011150498e+00 1.846613639011150498e+00 1.846613639011150498e+00 1.846613639011150498e+00 1.846613639011150498e+00 1.846613639011150498e+00 1.846613639011150498e+00 1.846613639011150498e+00 1.846613639011150498e+00
1.846613639011150498e+00 1.846613639011150498e+00 1.846613639011150498e+00 1.846613639011150498e+00 1.846613639011150498e+00 1.846613639011150498e+00 1.846613639011150498e+00 1.846613639011150498e+00 1.846613639011150498e+00 1.846613639011150498e+00 1.846613639011150498e+00 1.846613639011150498e+00
