1.923296793295968143e+00 1.923296793295968143e+00 1.923296793295968143e+00 1.923296793295968143e+00 1.923296793295968143e+00 1.923296793295968143e+00 1.923296793295968143e+00 1.923296793295968143e+00 1.923296793295968143e+00 1.923296793295968143e+00 1.923296793295968143e+00 1.923296793295968143e+00
2.047764218960006044e+00 2.047764218960006044e+00 1.923296793295968143e+00 1.923296793295968143e+00 1.923296793295968143e+00 1.923296793295968143e+00 1.923296793295968143e+00 1.923296793295968143e+00 1.923296793295968143e+00 1.923296793295968143e+00 1.923296793295968143e+00 1.923296793295968143e+00
2.260541097313597536e+00 2.260541097313597536e+00 2.506933514910707927e+00 1.923296793295968143e+00 1.923296793295968143e+00 1.923296793295968143e+00 1.923296793295968143e+00 1.923296793295968143e+00 1.923296793295968143e+00 1.923296793295968143e+00 1.923296793295968143e+00 1.923296793295968143e+00
2.260541097313597536e+00 3.023971039040359798e+00 2.506933514910707927e+00 1.923296793295968143e+00 1.923296793295968143e+00 1.923296793295968143e+00 1.923296793295968143e+00 1.923296793295968143e+00 1.923296793295968143e+00 1.923296793295968143e+00 1.923296793295968143e+00 1.923296793295968143e+00
7.309313264239115426e+00 4.320703561610544696e+00 1.923296793295968143e+00 1.923296793295968143e+00 1.923296793295968143e+00 1.923296793295968143e+00 1.923296793295968143e+00 1.923296793295968143e+00 1.923296793295968143e+00 1.923296793295968143e+00 1.923296793295968143e+00 1.923296793295968143e+00
1.923296793295968143e+00 1.923296793295968143e+00 1.923296793295968143e+00 1.923296793295968143e+00 1.923296793295968143e+00 1.923296793295968143e+00 1.923296793295968143e+00 2.260541097313597536e+00 2.260541097313597536e+00 2.506933514910707927e+00 1.923296793295968143e+00 1.923296793295968143e+00
1.923296793295968143e+00 1.923296793295968143e+00 1.923296793295968143e+00 1.923296793295968143e+00 1.923296793295968143e+00 1.923296793295968143e+00 2.047764218960006044e+00 2.260541097313597536e+00 3.643296731217598783e+00 3.023971039040359798e+00 1.923296793295968143e+00 1.923296793295968143e+00
1.923296793295968143e+00 1.923296793295968143e+00 1.923296793295968143e+00 1.923296793295968143e+00 1.923296793295968143e+00 1.923296793295968143e+00 2.260541097313597536e+00 2.260541097313597536e+00 1.923296793295968143e+00 1.923296793295968143e+00 1.923296793295968143e+00 1.923296793295968143e+00
1.923296793295968143e+00 1.923296793295968143e+00 1.923296793295968143e+00 1.923296793295968143e+00 1.923296793295968143e+00 1.923296793295968143e+00 2.260541097313597536e+00 1.923296793295968143e+00 1.923296793295968143e+00 1.923296793295968143e+00 1.923296793295968143e+00 1.923296793295968143e+00
1.923296793295968143e+00 1.923296793295968143e+00 1.923296793295968143e+00 1.923296793295968143e+00 1.923296793295968143e+00 1.923296793295968143e+00 1.923296793295968143e+00 1.923296793295968143e+00 1.923296793295968143e+00 1.923296793295968143e+00 1.923296793295968143e+00 1.923296793295968143e+00
1.923296793295968143e+00 1.923296793295968143e+00 1.923296793295968143e+00 1.923296793295968143e+00 1.923296793295968143e+00 1.923296793295968143e+00 1.923296793295968143e+00 1.923296793295968143e+00 1.923296793295968143e+00 1.923296793295968143e+00 1.923296793295968143e+00 1.923296793295968143e+00
1.923296793295968143e+00 1.923296793295968143e+00 1.923296793295968143e+00 1.923296793295968143e+00 1.923296793295968143e+00 1.923296793295968143e+00 1.923296793295968143e+00 1.923296793295968143e+00 1.923296793295968143e+00 1.923296793295968143e+00 1.923296793295968143e+00 1.923296793295968143e+00
