6.520904308628647073e+01 7.822427345735496829e+01 8.212175872035044222e+01 8.187717542363429857e+01 7.724351472499404281e+01 7.428979948513647003e+01 7.273083817818968555e+01 7.016785709160959073e+01 7.016785709160959073e+01 7.016785709160959073e+01 7.569337928105443325e+01 7.895626707009306244e+01
7.169985995209279395e+01 8.197388206363778806e+01 8.537040664184176819e+01 8.187717542363429857e+01 7.724351472499404281e+01 6.858804700836088841e+01 6.548682291432551494e+01 6.453764688419870765e+01 6.685589315865887272e+01 7.000485793440724080e+01 7.569337928105443325e+01 7.835444176782272052e+01
7.634541776205034580e+01 8.555869799095223982e+01 8.609957592471120336e+01 7.975122565849872558e+01 7.602855528036386090e+01 6.388005761719283271e+01 6.388005761719283271e+01 6.308158309388560525e+01 6.675359864521817599e+01 7.290616817593424059e+01 7.551216736304566268e+01 7.835444176782272052e+01
7.634541776205034580e+01 8.555869799095223982e+01 9.010239951329396035e+01 8.407338509668483084e+01 7.499500988376432531e+01 7.499500988376432531e+01 6.956016572792489683e+01 7.380270671017544259e+01 7.135217454229844236e+01 7.987933904532465590e+01 7.741640034011005866e+01 7.338699728499506136e+01
7.872528350639034045e+01 9.088792522419201703e+01 9.328698075039179116e+01 9.124093150249436235e+01 9.124093150249436235e+01 9.124093150249436235e+01 8.351771085430738140e+01 9.124093150249436235e+01 9.124093150249436235e+01 8.927246059014144919e+01 8.407338509668483084e+01 7.602855528036386090e+01
7.196105310063518345e+01 8.521138015251601416e+01 9.702557272357196894e+01 1.008563949550489127e+02 9.895402736956690148e+01 9.895402736956690148e+01 9.895402736956690148e+01 9.895402736956690148e+01 9.895402736956690148e+01 9.275829451498572098e+01 8.822414318103356834e+01 7.439935759613845789e+01
6.703084026210852642e+01 8.521138015251601416e+01 9.702557272357196894e+01 1.049214795738509736e+02 1.049214795738509736e+02 1.049214795738509736e+02 1.049214795738509736e+02 1.049214795738509736e+02 1.049214795738509736e+02 9.960166149428316373e+01 8.822414318103356834e+01 7.908175668561085558e+01
6.703084026210852642e+01 8.184047280830549198e+01 9.578339139315977491e+01 1.049214795738509736e+02 1.049214795738509736e+02 1.049214795738509736e+02 1.049214795738509736e+02 1.049214795738509736e+02 1.049214795738509736e+02 9.960166149428316373e+01 9.275829451498572098e+01 7.908175668561085558e+01
6.703084026210852642e+01 8.184047280830549198e+01 9.025253302680704337e+01 9.359313468467377106e+01 9.359313468467377106e+01 9.359313468467377106e+01 9.259428784631074905e+01 9.359313468467377106e+01 9.359313468467377106e+01 9.617577818397276701e+01 9.246740484768197632e+01 7.908175668561085558e+01
6.703084026210852642e+01 7.929749168285513861e+01 8.636611908611428134e+01 8.527589773217691516e+01 7.724351472499404281e+01 7.881201085977887999e+01 7.881201085977887999e+01 7.881201085977887999e+01 8.869626741326088393e+01 8.869626741326088393e+01 9.195975681744226904e+01 8.117496038373560907e+01
6.703084026210852642e+01 8.197388206363778806e+01 8.471252935291560959e+01 8.187717542363429857e+01 7.062967964733331883e+01 6.548682291432551494e+01 6.184277085830519383e+01 7.057266887019838464e+01 7.766896643119623889e+01 8.369354371675677839e+01 8.609957592471120336e+01 7.602855528036386090e+01
7.196105310063518345e+01 8.055675485381419776e+01 8.250136455916511125e+01 7.602855528036386090e+01 6.936951344301117217e+01 6.201866332236667034e+01 6.088819858750727576e+01 6.379445248270306479e+01 6.945054959206650835e+01 7.799346017183201241e+01 8.010632107091811349e+01 7.724351472499404281e+01
