1.923296793295968143e+00 2.260541097313597536e+00 4.050226804987422824e+00 1.057268064686119260e+02 1.495862186032807699e+02 4.027820507156417307e+01 2.506933514910707927e+00 2.097375251049568234e+00 1.923296793295968143e+00 1.923296793295968143e+00 1.923296793295968143e+00 1.923296793295968143e+00
1.923296793295968143e+00 1.923296793295968143e+00 4.050226804987422824e+00 4.597564216834820172e+01 1.538400504553285941e+02 9.729476036606865819e+01 7.742900457743663978e+00 2.506933514910707927e+00 1.923296793295968143e+00 1.923296793295968143e+00 1.923296793295968143e+00 1.923296793295968143e+00
1.923296793295968143e+00 1.923296793295968143e+00 1.923296793295968143e+00 9.350006221610984269e+00 1.057268064686119260e+02 1.495862186032807699e+02 4.027820507156417307e+01 2.097375251049568234e+00 2.097375251049568234e+00 1.923296793295968143e+00 1.923296793295968143e+00 1.923296793295968143e+00
1.923296793295968143e+00 1.923296793295968143e+00 1.923296793295968143e+00 4.050226804987422824e+00 8.835240683854449628e+01 1.259651594120781510e+02 9.729476036606865819e+01 7.742900457743663978e+00 2.097375251049568234e+00 1.923296793295968143e+00 1.923296793295968143e+00 1.923296793295968143e+00
1.923296793295968143e+00 1.923296793295968143e+00 1.923296793295968143e+00 4.050226804987422824e+00 9.350006221610984269e+00 1.549270264560782948e+02 9.729476036606865819e+01 4.137426522922758210e+01 2.506933514910707927e+00 2.097375251049568234e+00 1.923296793295968143e+00 1.923296793295968143e+00
1.923296793295968143e+00 1.923296793295968143e+00 1.923296793295968143e+00 1.923296793295968143e+00 8.873099600895049122e+00 1.283686883547385662e+02 1.181923250765100306e+02 4.105786264489479720e+01 2.506933514910707927e+00 2.097375251049568234e+00 1.923296793295968143e+00 1.923296793295968143e+00
1.923296793295968143e+00 1.923296793295968143e+00 1.923296793295968143e+00 1.923296793295968143e+00 4.050226804987422824e+00 4.597564216834820172e+01 1.074477675067897735e+02 7.447636573346548161e+00 4.618544526918182846e+00 2.097375251049568234e+00 1.923296793295968143e+00 1.923296793295968143e+00
1.923296793295968143e+00 1.923296793295968143e+00 1.923296793295968143e+00 1.923296793295968143e+00 4.050226804987422824e+00 2.896447995251385166e+01 3.183629350429620786e+01 7.447636573346548161e+00 4.320703561610544696e+00 1.923296793295968143e+00 1.923296793295968143e+00 1.923296793295968143e+00
1.923296793295968143e+00 1.923296793295968143e+00 1.923296793295968143e+00 1.923296793295968143e+00 4.016766994916435962e+00 4.050226804987422824e+00 4.812386158287633720e+01 5.004050900122489764e+01 1.260876253829615301e+01 2.506933514910707927e+00 1.923296793295968143e+00 1.923296793295968143e+00
1.923296793295968143e+00 1.923296793295968143e+00 1.923296793295968143e+00 1.923296793295968143e+00 4.016766994916435962e+00 4.050226804987422824e+00 1.306016664034253871e+01 7.447636573346548161e+00 2.506933514910707927e+00 1.923296793295968143e+00 1.923296793295968143e+00 1.923296793295968143e+00
1.923296793295968143e+00 1.923296793295968143e+00 1.923296793295968143e+00 1.923296793295968143e+00 1.923296793295968143e+00 8.138689848105396862e+00 1.843929088857478149e+01 7.288985395405551238e+00 4.575560664553917967e+00 1.923296793295968143e+00 1.923296793295968143e+00 1.923296793295968143e+00
1.923296793295968143e+00 1.923296793295968143e+00 1.923296793295968143e+00 1.923296793295968143e+00 1.923296793295968143e+00 4.050226804987422824e+00 7.288985395405551238e+00 4.320703561610544696e+00 2.506933514910707927e+00 1.923296793295968143e+00 1.923296793295968143e+00 1.923296793295968143e+00
