2.845845205184200921e+01 3.584119803750573396e+01 4.992346814024293877e+01 5.683125368560232005e+01 6.508886187900550624e+01 6.609502403914319757e+01 6.609502403914319757e+01 6.676376421805993289e+01 6.555517472324078199e+01 6.313607586358019574e+01 5.370818412443058776e+01 4.323350910803546299e+01
2.845845205184200921e+01 3.822132465510962618e+01 4.992346814024293877e+01 5.683125368560232005e+01 6.508886187900550624e+01 6.597461254665816455e+01 6.883820073717775756e+01 6.828596912023709820e+01 6.555517472324078199e+01 6.170922985120224524e+01 5.370818412443058776e+01 4.323350910803546299e+01
2.700540334604832182e+01 3.822132465510962618e+01 4.992346814024293877e+01 5.904004582812373059e+01 6.508886187900550624e+01 6.883820073717775756e+01 6.971259588393172635e+01 6.828596912023709820e+01 6.555517472324078199e+01 6.170922985120224524e+01 5.299124668960420337e+01 4.163285755201965799e+01
2.700540334604832182e+01 3.735690542764574218e+01 4.715617201461118668e+01 5.989693313154173637e+01 6.590096057201863289e+01 6.883820073717775756e+01 7.218040604885293021e+01 7.125537451587764792e+01 6.632171078727559177e+01 5.512790131082432765e+01 4.801448885012506196e+01 3.650045395444479368e+01
2.700540334604832182e+01 3.735690542764574218e+01 4.715617201461118668e+01 5.365504398216879167e+01 6.645138631407070307e+01 7.350766688607848209e+01 7.694293181569992157e+01 7.125537451587764792e+01 6.471894908960054238e+01 5.299124668960420337e+01 4.262577343399747321e+01 3.514014602696539669e+01
2.364157871634073871e+01 2.700540334604832182e+01 4.136539196594498691e+01 5.365504398216879167e+01 6.645138631407070307e+01 7.350766688607848209e+01 7.621657230637546832e+01 7.551145007605946091e+01 6.578970942715562842e+01 5.299124668960420337e+01 4.026316709807439764e+01 3.038453429062137090e+01
1.558163351143660869e+01 2.700540334604832182e+01 4.136539196594498691e+01 4.992346814024293877e+01 6.703084026210852642e+01 7.740197490160959148e+01 8.050148096988760926e+01 7.551145007605946091e+01 6.578970942715562842e+01 5.182820613592146231e+01 3.724157496088188424e+01 2.384408542795988240e+01
1.558163351143660869e+01 2.568642932950634972e+01 3.584119803750573396e+01 4.992346814024293877e+01 6.257732656461650578e+01 7.350766688607848209e+01 7.621657230637546832e+01 7.551145007605946091e+01 6.517816710092948540e+01 4.829067236709413891e+01 3.724157496088188424e+01 2.384408542795988240e+01
1.558163351143660869e+01 2.568642932950634972e+01 3.584119803750573396e+01 4.992346814024293877e+01 6.257732656461650578e+01 7.000485793440724080e+01 7.428218660969389475e+01 7.428218660969389475e+01 6.517816710092948540e+01 5.299124668960420337e+01 3.724157496088188424e+01 2.384408542795988240e+01
1.956015449487393454e+01 2.845845205184200921e+01 3.584119803750573396e+01 4.715617201461118668e+01 5.904004582812373059e+01 6.453764688419870765e+01 7.018131092952323513e+01 6.555517472324078199e+01 6.170922985120224524e+01 5.182820613592146231e+01 4.026316709807439764e+01 3.038453429062137090e+01
2.440705300965137781e+01 2.845845205184200921e+01 3.822132465510962618e+01 4.715617201461118668e+01 5.465945223816135723e+01 6.128402812456582183e+01 6.609502403914319757e+01 6.226980046498447763e+01 5.974458751651609845e+01 5.182820613592146231e+01 4.026316709807439764e+01 3.305541092216998322e+01
2.440705300965137781e+01 3.068805729002670191e+01 3.822132465510962618e+01 4.715617201461118668e+01 5.465945223816135723e+01 5.916986255282617435e+01 6.128402812456582183e+01 5.936943076580818257e+01 5.943102239527010511e+01 5.182820613592146231e+01 4.323350910803546299e+01 3.305541092216998322e+01
