3.188432324608385926e+01 4.289126790488672469e+01 5.294492045235795530e+01 6.088819858750727576e+01 6.088819858750727576e+01 5.926114933999609491e+01 5.846098509973674595e+01 6.052274453755246242e+01 6.297126641011352177e+01 7.387141398945540516e+01 7.428218660969389475e+01 6.855523696564270608e+01
3.609356883617297740e+01 4.535067765267972817e+01 5.466360103801136461e+01 5.936943076580818257e+01 5.672288733659366500e+01 5.386300910513206475e+01 4.868106496029015062e+01 5.067285172264905668e+01 5.711962529293791135e+01 6.474983181399956322e+01 6.952321572354311741e+01 7.080938924531129430e+01
3.609356883617297740e+01 4.717675826855274579e+01 4.979871959114429103e+01 5.386300910513206475e+01 4.868106496029015062e+01 4.641094890219607549e+01 4.456554693547789014e+01 4.378924256175369578e+01 5.364126482988330480e+01 6.257732656461650578e+01 6.643931382786718132e+01 6.609099528485066344e+01
3.188432324608385926e+01 4.090544483593654945e+01 4.299681428048553045e+01 4.641094890219607549e+01 4.015794064154862042e+01 3.773548053652703516e+01 3.589843092417937953e+01 3.821780221417348855e+01 4.992873910462871123e+01 5.989693313154173637e+01 6.802242169097067404e+01 6.609099528485066344e+01
2.700540334604832182e+01 3.496866416999756666e+01 3.844883290577743651e+01 3.533526816646630664e+01 3.533526816646630664e+01 3.385333442292006367e+01 3.428495891817739505e+01 4.289126790488672469e+01 5.151880657046694978e+01 6.080200113317314958e+01 6.802242169097067404e+01 6.424432147252326786e+01
2.337129125791791751e+01 2.624802050057921576e+01 3.340421512652029890e+01 3.385333442292006367e+01 3.281247176141475563e+01 3.428495891817739505e+01 3.965510059850714697e+01 4.883366878738785033e+01 6.099702625117361521e+01 6.587788884846236215e+01 6.925181454074214571e+01 6.317341501469853426e+01
2.180788969128458632e+01 2.664508220480537659e+01 3.086924552905491481e+01 3.564540723144151002e+01 3.965510059850714697e+01 4.431392740151844123e+01 5.034418940275534027e+01 5.854739857564348426e+01 6.587788884846236215e+01 6.956016572792489683e+01 7.114360939580679144e+01 6.210590380403372279e+01
2.868120308856888911e+01 3.481696836518248261e+01 3.965510059850714697e+01 4.431392740151844123e+01 5.034418940275534027e+01 5.770890268865769457e+01 6.345487373559569733e+01 7.282661912448855901e+01 7.482826328695676921e+01 7.742504533715887760e+01 6.855523696564270608e+01 5.705708051850069751e+01
3.481696836518248261e+01 4.431392740151844123e+01 5.034418940275534027e+01 5.770890268865769457e+01 6.206945484298186244e+01 7.282661912448855901e+01 8.107069767414287753e+01 8.478006016573084480e+01 8.323056816932901825e+01 8.080220667657380318e+01 6.578970942715562842e+01 5.284887794812052420e+01
4.431392740151844123e+01 5.566367120746888730e+01 6.404807063835623637e+01 7.282661912448855901e+01 8.107069767414287753e+01 8.583035929651759943e+01 9.124093150249436235e+01 8.717614373751126777e+01 8.534134566298540392e+01 7.467870601435009803e+01 6.517816710092948540e+01 4.802167056231006370e+01
5.854739857564348426e+01 6.587788884846236215e+01 7.473850232853803277e+01 8.107069767414287753e+01 8.941614974401363725e+01 8.941614974401363725e+01 8.991421821370659018e+01 8.890760327001451913e+01 8.189936266654670760e+01 6.578970942715562842e+01 5.562213312643165608e+01 4.262577343399747321e+01
6.345487373559569733e+01 7.473850232853803277e+01 8.478006016573084480e+01 8.941614974401363725e+01 8.941614974401363725e+01 9.296001081520668663e+01 9.041441916726722638e+01 8.438172563751983546e+01 7.467870601435009803e+01 6.210590380403372279e+01 4.936950390366271080e+01 3.528994919653736417e+01
