1.846613639011150498e+00 1.846613639011150498e+00 1.846613639011150498e+00 1.846613639011150498e+00 1.846613639011150498e+00 1.846613639011150498e+00 1.846613639011150498e+00 1.846613639011150498e+00 1.846613639011150498e+00 1.846613639011150498e+00 1.846613639011150498e+00 1.846613639011150498e+00
1.846613639011150498e+00 1.846613639011150498e+00 1.846613639011150498e+00 1.846613639011150498e+00 1.846613639011150498e+00 1.923296793295968143e+00 1.923296793295968143e+00 1.846613639011150498e+00 1.846613639011150498e+00 1.846613639011150498e+00 1.846613639011150498e+00 1.846613639011150498e+00
1.846613639011150498e+00 1.846613639011150498e+00 1.846613639011150498e+00 1.846613639011150498e+00 1.846613639011150498e+00 2.260541097313597536e+00 2.097375251049568234e+00 2.097375251049568234e+00 1.923296793295968143e+00 1.846613639011150498e+00 1.846613639011150498e+00 1.846613639011150498e+00
1.846613639011150498e+00 1.846613639011150498e+00 1.846613639011150498e+00 1.846613639011150498e+00 1.846613639011150498e+00 2.578241602543958955e+00 2.260541097313597536e+00 2.097375251049568234e+00 2.097375251049568234e+00 1.846613639011150498e+00 1.846613639011150498e+00 1.846613639011150498e+00
1.846613639011150498e+00 1.846613639011150498e+00 1.846613639011150498e+00 1.846613639011150498e+00 1.846613639011150498e+00 2.578241602543958955e+00 2.260541097313597536e+00 2.638171589308531129e+00 2.097375251049568234e+00 1.846613639011150498e+00 1.846613639011150498e+00 1.846613639011150498e+00
1.846613639011150498e+00 1.846613639011150498e+00 1.846613639011150498e+00 1.846613639011150498e+00 1.846613639011150498e+00 2.578241602543958955e+00 2.260541097313597536e+00 1.923296793295968143e+00 1.846613639011150498e+00 1.846613639011150498e+00 1.846613639011150498e+00 1.846613639011150498e+00
1.846613639011150498e+00 1.846613639011150498e+00 1.846613639011150498e+00 1.846613639011150498e+00 1.846613639011150498e+00 1.846613639011150498e+00 1.846613639011150498e+00 1.846613639011150498e+00 1.846613639011150498e+00 1.846613639011150498e+00 1.846613639011150498e+00 1.846613639011150498e+00
1.846613639011150498e+00 1.846613639011150498e+00 1.846613639011150498e+00 1.846613639011150498e+00 1.846613639011150498e+00 1.846613639011150498e+00 1.846613639011150498e+00 1.846613639011150498e+00 1.846613639011150498e+00 1.846613639011150498e+00 1.846613639011150498e+00 1.846613639011150498e+00
1.846613639011150498e+00 1.846613639011150498e+00 1.846613639011150498e+00 1.846613639011150498e+00 1.846613639011150498e+00 1.846613639011150498e+00 1.846613639011150498e+00 1.846613639011150498e+00 1.846613639011150498e+00 1.846613639011150498e+00 1.846613639011150498e+00 1.846613639011150498e+00
1.846613639011150498e+00 1.846613639011150498e+00 1.846613639011150498e+00 1.846613639011150498e+00 1.846613639011150498e+00 1.846613639011150498e+00 1.846613639011150498e+00 1.846613639011150498e+00 1.846613639011150498e+00 1.846613639011150498e+00 1.846613639011150498e+00 1.846613639011150498e+00
1.846613639011150498e+00 1.846613639011150498e+00 1.846613639011150498e+00 1.846613639011150498e+00 1.846613639011150498e+00 1.846613639011150498e+00 1.846613639011150498e+00 1.846613639011150498e+00 1.846613639011150498e+00 1.846613639011150498e+00 1.846613639011150498e+00 1.846613639011150498e+00
1.846613639011150498e+00 1.846613639011150498e+00 1.846613639011150498e+00 1.846613639011150498e+00 1.846613639011150498e+00 1.846613639011150498e+00 1.846613639011150498e+00 1.846613639011150498e+00 1.846613639011150498e+00 1.846613639011150498e+00 1.846613639011150498e+00 1.846613639011150498e+00
