1.903280466541154681e+01 2.845520248656032436e+01 3.861161057915205674e+01 5.354978668564370992e+01 7.165737941331532568e+01 7.482826328695676921e+01 7.499500988376432531e+01 6.578970942715562842e+01 4.998415822457074853e+01 3.730057418166283156e+01 2.384408542795988240e+01 1.780708956725599990e+01
2.447301610783419790e+01 3.068805729002670191e+01 4.600043852459117488e+01 5.953243000770646631e+01 7.165737941331532568e+01 8.204796992389790944e+01 8.178002687086957678e+01 6.936951344301117217e+01 5.531306410146507346e+01 3.872639449703267189e+01 2.384408542795988240e+01 1.780708956725599990e+01
2.447301610783419790e+01 3.609356883617297740e+01 4.883366878738785033e+01 6.345487373559569733e+01 7.929352017909633332e+01 8.884364013948021466e+01 8.717614373751126777e+01 7.602901224091517918e+01 6.101112485141923969e+01 4.829067236709413891e+01 3.306902718463695123e+01 2.435214154405118592e+01
2.845520248656032436e+01 3.861161057915205674e+01 5.151880657046694978e+01 7.165737941331532568e+01 8.583035929651759943e+01 9.471764847331013470e+01 9.124093150249436235e+01 8.413388414820964556e+01 6.529733369315803770e+01 4.829067236709413891e+01 3.546081808106842459e+01 2.384408542795988240e+01
2.845520248656032436e+01 4.600043852459117488e+01 5.953243000770646631e+01 7.929352017909633332e+01 8.884364013948021466e+01 9.730243181439274736e+01 9.429080298496366197e+01 9.242552858725011333e+01 7.602901224091517918e+01 6.101112485141923969e+01 4.026375897011257621e+01 2.596137383883450411e+01
3.188432324608385926e+01 4.600043852459117488e+01 5.980188388786119447e+01 8.185449335541663629e+01 8.849717380527363275e+01 9.730243181439274736e+01 9.730243181439274736e+01 9.429080298496366197e+01 7.908175668561085558e+01 6.101112485141923969e+01 4.829067236709413891e+01 3.546081808106842459e+01
3.609356883617297740e+01 4.834271034095028341e+01 6.703084026210852642e+01 8.185449335541663629e+01 8.849717380527363275e+01 9.305028772100791912e+01 9.730243181439274736e+01 9.212084867453623360e+01 8.178002687086957678e+01 6.936951344301117217e+01 5.284887794812052420e+01 3.872639449703267189e+01
3.609356883617297740e+01 5.151880657046694978e+01 6.703084026210852642e+01 7.639463222713682455e+01 8.849717380527363275e+01 9.305028772100791912e+01 9.212084867453623360e+01 9.212084867453623360e+01 8.189267578498896683e+01 6.936951344301117217e+01 5.531306410146507346e+01 3.872639449703267189e+01
3.861161057915205674e+01 5.151880657046694978e+01 6.703084026210852642e+01 8.032233874489149628e+01 8.555869799095223982e+01 8.638350934389053748e+01 8.638350934389053748e+01 8.531745751499100550e+01 8.080220667657380318e+01 6.936951344301117217e+01 6.011441253073452629e+01 3.872639449703267189e+01
3.861161057915205674e+01 5.151880657046694978e+01 6.945054959206650835e+01 8.032233874489149628e+01 8.309667669853965322e+01 8.323056816932901825e+01 8.638350934389053748e+01 8.531745751499100550e+01 8.080220667657380318e+01 6.936951344301117217e+01 5.299124668960420337e+01 3.872639449703267189e+01
3.861161057915205674e+01 4.992873910462871123e+01 6.945054959206650835e+01 7.893632786116450006e+01 8.163360686627260066e+01 8.555869799095223982e+01 8.717614373751126777e+01 8.531745751499100550e+01 8.080220667657380318e+01 6.578970942715562842e+01 5.284887794812052420e+01 3.872639449703267189e+01
3.609356883617297740e+01 4.992873910462871123e+01 6.416120086343151740e+01 7.620354300749642107e+01 7.893632786116450006e+01 8.555869799095223982e+01 8.717614373751126777e+01 8.531745751499100550e+01 7.602901224091517918e+01 6.210590380403372279e+01 5.299124668960420337e+01 3.677247150756190308e+01
