2.767579366971185451e+01 3.351190425285216179e+01 3.964693131615918986e+01 3.964693131615918986e+01 3.964693131615918986e+01 3.964693131615918986e+01 3.964693131615918986e+01 4.570787433263087962e+01 5.019003958581674141e+01 5.301051330767634084e+01 5.236474243624267899e+01 3.610544873925929465e+01
3.075077495871532207e+01 3.694054473266444916e+01 4.570787433263087962e+01 5.019003958581674141e+01 4.160692478910058867e+01 4.160692478910058867e+01 4.728217084501054046e+01 5.019003958581674141e+01 5.686671774346709896e+01 5.754072215160954329e+01 5.236474243624267899e+01 4.160692478910058867e+01
3.694054473266444916e+01 4.570787433263087962e+01 5.019003958581674141e+01 5.754072215160954329e+01 5.754072215160954329e+01 5.754072215160954329e+01 5.019003958581674141e+01 5.686671774346709896e+01 5.754072215160954329e+01 5.894006631834891863e+01 5.236474243624267899e+01 4.817645955467165919e+01
4.570787433263087962e+01 5.019003958581674141e+01 5.754072215160954329e+01 6.193563663604987113e+01 6.267914336233737771e+01 6.267914336233737771e+01 5.754072215160954329e+01 6.731883506213858936e+01 6.731883506213858936e+01 6.313709681588856171e+01 4.817645955467165919e+01 3.735081720472052069e+01
4.570787433263087962e+01 5.686671774346709896e+01 6.630205970081425448e+01 6.731883506213858936e+01 6.830551293502099952e+01 6.830551293502099952e+01 6.830551293502099952e+01 6.830551293502099952e+01 6.830551293502099952e+01 6.578970942715562842e+01 4.817645955467165919e+01 3.610544873925929465e+01
4.570787433263087962e+01 5.953409536563984261e+01 6.970232651144709735e+01 7.229264148144983437e+01 7.447784311448873495e+01 7.447784311448873495e+01 7.447784311448873495e+01 7.697986077386623549e+01 7.697986077386623549e+01 6.578970942715562842e+01 4.817645955467165919e+01 3.610544873925929465e+01
4.870422804308036291e+01 6.078267471449575510e+01 6.879056760983785068e+01 7.229264148144983437e+01 7.786620411741728276e+01 7.786620411741728276e+01 8.484631311845724611e+01 8.484631311845724611e+01 7.622308695581500615e+01 6.578970942715562842e+01 4.817645955467165919e+01 3.610544873925929465e+01
4.870422804308036291e+01 5.371683045455505123e+01 5.911699695666805354e+01 7.032049898151848311e+01 7.032049898151848311e+01 7.887598579214521521e+01 8.055425949556089904e+01 8.484631311845724611e+01 7.110668820903860876e+01 6.578970942715562842e+01 4.817645955467165919e+01 3.610544873925929465e+01
3.889624456680947162e+01 4.870422804308036291e+01 4.994304610983320458e+01 5.711962529293791135e+01 6.395267470967691281e+01 7.032049898151848311e+01 7.887598579214521521e+01 7.622308695581500615e+01 7.110668820903860876e+01 5.560607733891615112e+01 4.414235931186637885e+01 3.540562563148771602e+01
3.075077495871532207e+01 3.540562563148771602e+01 3.735081720472052069e+01 4.994304610983320458e+01 4.994304610983320458e+01 6.395267470967691281e+01 7.032049898151848311e+01 7.032049898151848311e+01 6.578970942715562842e+01 4.817645955467165919e+01 3.540562563148771602e+01 2.551535310229900233e+01
1.761761527864218380e+01 2.551535310229900233e+01 3.075077495871532207e+01 3.444464273842380919e+01 4.659133947706767742e+01 5.285436494579494138e+01 6.078267471449575510e+01 6.482454891428135113e+01 6.123575619962019090e+01 4.817645955467165919e+01 3.610544873925929465e+01 2.551535310229900233e+01
1.761761527864218380e+01 1.761761527864218380e+01 2.551535310229900233e+01 3.075077495871532207e+01 3.889624456680947162e+01 5.285436494579494138e+01 6.078267471449575510e+01 6.237408064615062386e+01 5.236474243624267899e+01 4.414235931186637885e+01 3.610544873925929465e+01 2.551535310229900233e+01
