5.692253072149388515e+01 6.471410603145318419e+01 6.829758903369388179e+01 7.258142644742251548e+01 6.829758903369388179e+01 6.829758903369388179e+01 7.390836396164220901e+01 7.835828282751771212e+01 7.835828282751771212e+01 7.218673564337480286e+01 6.829758903369388179e+01 5.124279614094341895e+01
5.692253072149388515e+01 6.829758903369388179e+01 6.829758903369388179e+01 6.276742554004842134e+01 6.276742554004842134e+01 6.276742554004842134e+01 7.390836396164220901e+01 7.835828282751771212e+01 7.258142644742251548e+01 7.258142644742251548e+01 6.276742554004842134e+01 6.276742554004842134e+01
6.471410603145318419e+01 7.037725791107477846e+01 6.276742554004842134e+01 5.774952048979523056e+01 5.124279614094341895e+01 5.983511444812682356e+01 6.471410603145318419e+01 7.037725791107477846e+01 5.562213312643165608e+01 5.983511444812682356e+01 6.471410603145318419e+01 7.037725791107477846e+01
6.829758903369388179e+01 6.276742554004842134e+01 5.774952048979523056e+01 5.124279614094341895e+01 4.868720139570088179e+01 4.994650306872793522e+01 6.471410603145318419e+01 6.276742554004842134e+01 3.532256683222937710e+01 3.922419663800280176e+01 5.692253072149388515e+01 7.037725791107477846e+01
6.829758903369388179e+01 6.276742554004842134e+01 5.124279614094341895e+01 4.271204651758029058e+01 4.596956929881241649e+01 4.994650306872793522e+01 6.471410603145318419e+01 5.124279614094341895e+01 2.507074481274444011e+01 3.011219722594199766e+01 5.692253072149388515e+01 7.037725791107477846e+01
7.258142644742251548e+01 6.276742554004842134e+01 5.124279614094341895e+01 4.271204651758029058e+01 4.596956929881241649e+01 5.692253072149388515e+01 6.471410603145318419e+01 5.124279614094341895e+01 2.507074481274444011e+01 3.011219722594199766e+01 5.692253072149388515e+01 7.037725791107477846e+01
7.258142644742251548e+01 6.829758903369388179e+01 5.562213312643165608e+01 4.994650306872793522e+01 4.994650306872793522e+01 5.692253072149388515e+01 7.218673564337480286e+01 5.124279614094341895e+01 2.507074481274444011e+01 3.011219722594199766e+01 5.692253072149388515e+01 7.037725791107477846e+01
7.258142644742251548e+01 6.829758903369388179e+01 6.829758903369388179e+01 5.692253072149388515e+01 5.692253072149388515e+01 6.471410603145318419e+01 7.835828282751771212e+01 5.562213312643165608e+01 2.507074481274444011e+01 3.011219722594199766e+01 4.994650306872793522e+01 6.276742554004842134e+01
6.829758903369388179e+01 6.829758903369388179e+01 6.276742554004842134e+01 6.276742554004842134e+01 5.983511444812682356e+01 6.471410603145318419e+01 7.390836396164220901e+01 6.829758903369388179e+01 4.626990807506770409e+01 4.677222571695082109e+01 5.754077450928024007e+01 6.276742554004842134e+01
6.050126675206948335e+01 6.050126675206948335e+01 6.050126675206948335e+01 6.050126675206948335e+01 6.050126675206948335e+01 5.983511444812682356e+01 7.390836396164220901e+01 7.037725791107477846e+01 6.568092445053703443e+01 6.568092445053703443e+01 7.037725791107477846e+01 6.276742554004842134e+01
4.868720139570088179e+01 4.868720139570088179e+01 5.124279614094341895e+01 5.124279614094341895e+01 5.124279614094341895e+01 5.300054188322112481e+01 5.983511444812682356e+01 6.829758903369388179e+01 7.835828282751771212e+01 7.835828282751771212e+01 7.390836396164220901e+01 6.276742554004842134e+01
3.532256683222937710e+01 3.702279529711805139e+01 3.702279529711805139e+01 3.702279529711805139e+01 3.922419663800280176e+01 3.922419663800280176e+01 4.994650306872793522e+01 5.983511444812682356e+01 7.390836396164220901e+01 7.835828282751771212e+01 7.258142644742251548e+01 6.105182106644456752e+01
