2.506933514910707927e+00 2.506933514910707927e+00 2.506933514910707927e+00 2.506933514910707927e+00 2.506933514910707927e+00 2.506933514910707927e+00 2.506933514910707927e+00 2.506933514910707927e+00 2.506933514910707927e+00 2.506933514910707927e+00 2.506933514910707927e+00 2.506933514910707927e+00
2.506933514910707927e+00 2.506933514910707927e+00 2.506933514910707927e+00 2.506933514910707927e+00 3.023971039040359798e+00 3.023971039040359798e+00 2.506933514910707927e+00 2.506933514910707927e+00 2.506933514910707927e+00 2.506933514910707927e+00 2.506933514910707927e+00 2.506933514910707927e+00
2.506933514910707927e+00 2.506933514910707927e+00 3.023971039040359798e+00 3.023971039040359798e+00 7.865479386245451288e+00 6.657127548360994851e+00 2.506933514910707927e+00 2.506933514910707927e+00 2.506933514910707927e+00 2.506933514910707927e+00 2.506933514910707927e+00 2.506933514910707927e+00
2.506933514910707927e+00 2.506933514910707927e+00 2.506933514910707927e+00 3.023971039040359798e+00 4.906567765584291863e+00 4.681827972885662881e+00 2.506933514910707927e+00 2.506933514910707927e+00 2.506933514910707927e+00 2.506933514910707927e+00 2.506933514910707927e+00 2.506933514910707927e+00
2.506933514910707927e+00 2.506933514910707927e+00 2.506933514910707927e+00 4.565589230584275349e+00 2.506933514910707927e+00 2.506933514910707927e+00 2.506933514910707927e+00 2.506933514910707927e+00 2.506933514910707927e+00 2.506933514910707927e+00 2.506933514910707927e+00 2.506933514910707927e+00
2.506933514910707927e+00 2.506933514910707927e+00 2.506933514910707927e+00 2.506933514910707927e+00 2.506933514910707927e+00 2.506933514910707927e+00 2.506933514910707927e+00 2.506933514910707927e+00 2.506933514910707927e+00 2.506933514910707927e+00 2.506933514910707927e+00 2.506933514910707927e+00
2.506933514910707927e+00 2.506933514910707927e+00 2.506933514910707927e+00 2.506933514910707927e+00 2.506933514910707927e+00 2.506933514910707927e+00 2.506933514910707927e+00 2.506933514910707927e+00 2.506933514910707927e+00 2.506933514910707927e+00 2.506933514910707927e+00 2.506933514910707927e+00
2.506933514910707927e+00 2.506933514910707927e+00 2.506933514910707927e+00 2.506933514910707927e+00 2.506933514910707927e+00 2.506933514910707927e+00 2.506933514910707927e+00 2.506933514910707927e+00 2.506933514910707927e+00 2.506933514910707927e+00 2.506933514910707927e+00 2.506933514910707927e+00
2.506933514910707927e+00 2.506933514910707927e+00 2.506933514910707927e+00 2.506933514910707927e+00 2.506933514910707927e+00 2.506933514910707927e+00 2.506933514910707927e+00 2.506933514910707927e+00 2.506933514910707927e+00 2.506933514910707927e+00 2.506933514910707927e+00 2.506933514910707927e+00
2.506933514910707927e+00 2.506933514910707927e+00 2.506933514910707927e+00 2.506933514910707927e+00 2.506933514910707927e+00 2.506933514910707927e+00 2.506933514910707927e+00 2.506933514910707927e+00 2.506933514910707927e+00 3.023971039040359798e+00 3.023971039040359798e+00 2.506933514910707927e+00
2.506933514910707927e+00 2.506933514910707927e+00 2.506933514910707927e+00 2.506933514910707927e+00 2.506933514910707927e+00 2.506933514910707927e+00 2.506933514910707927e+00 2.506933514910707927e+00 2.506933514910707927e+00 4.681827972885662881e+00 3.023971039040359798e+00 2.506933514910707927e+00
2.506933514910707927e+00 2.506933514910707927e+00 2.506933514910707927e+00 2.506933514910707927e+00 2.506933514910707927e+00 2.506933514910707927e+00 2.506933514910707927e+00 3.023971039040359798e+00 3.023971039040359798e+00 3.023971039040359798e+00 2.506933514910707927e+00 2.506933514910707927e+00
