1.846613639011150498e+00 1.846613639011150498e+00 1.846613639011150498e+00 1.846613639011150498e+00 1.846613639011150498e+00 1.846613639011150498e+00 1.846613639011150498e+00 2.578241602543958955e+00 6.657127548360994851e+00 4.263725676462410519e+00 1.846613639011150498e+00 1.846613639011150498e+00
1.846613639011150498e+00 1.846613639011150498e+00 1.846613639011150498e+00 1.846613639011150498e+00 1.846613639011150498e+00 1.846613639011150498e+00 2.260541097313597536e+00 3.369142519598780527e+00 4.050226804987422824e+00 1.846613639011150498e+00 1.846613639011150498e+00 1.846613639011150498e+00
1.846613639011150498e+00 1.846613639011150498e+00 1.846613639011150498e+00 1.846613639011150498e+00 1.846613639011150498e+00 1.846613639011150498e+00 2.260541097313597536e+00 2.578241602543958955e+00 1.846613639011150498e+00 1.846613639011150498e+00 1.846613639011150498e+00 1.846613639011150498e+00
1.846613639011150498e+00 1.846613639011150498e+00 1.846613639011150498e+00 1.846613639011150498e+00 1.846613639011150498e+00 1.846613639011150498e+00 1.846613639011150498e+00 1.923296793295968143e+00 1.846613639011150498e+00 1.846613639011150498e+00 1.846613639011150498e+00 1.846613639011150498e+00
1.846613639011150498e+00 1.846613639011150498e+00 1.846613639011150498e+00 1.846613639011150498e+00 1.846613639011150498e+00 1.846613639011150498e+00 2.260541097313597536e+00 1.846613639011150498e+00 1.846613639011150498e+00 1.846613639011150498e+00 1.846613639011150498e+00 1.846613639011150498e+00
1.846613639011150498e+00 1.846613639011150498e+00 1.846613639011150498e+00 1.846613639011150498e+00 1.846613639011150498e+00 2.097375251049568234e+00 1.846613639011150498e+00 1.846613639011150498e+00 1.846613639011150498e+00 1.846613639011150498e+00 1.846613639011150498e+00 1.846613639011150498e+00
1.846613639011150498e+00 1.846613639011150498e+00 2.260541097313597536e+00 2.546536657594991926e+00 2.097375251049568234e+00 1.846613639011150498e+00 1.846613639011150498e+00 1.846613639011150498e+00 1.846613639011150498e+00 1.846613639011150498e+00 1.846613639011150498e+00 1.846613639011150498e+00
1.923296793295968143e+00 2.260541097313597536e+00 2.260541097313597536e+00 2.260541097313597536e+00 1.923296793295968143e+00 1.846613639011150498e+00 1.846613639011150498e+00 1.846613639011150498e+00 1.846613639011150498e+00 1.846613639011150498e+00 1.846613639011150498e+00 1.846613639011150498e+00
2.506933514910707927e+00 2.260541097313597536e+00 2.260541097313597536e+00 1.846613639011150498e+00 1.846613639011150498e+00 1.846613639011150498e+00 1.846613639011150498e+00 1.846613639011150498e+00 1.846613639011150498e+00 1.846613639011150498e+00 1.846613639011150498e+00 1.846613639011150498e+00
4.734302303310491844e+00 4.734302303310491844e+00 2.097375251049568234e+00 2.097375251049568234e+00 1.846613639011150498e+00 1.846613639011150498e+00 1.846613639011150498e+00 1.846613639011150498e+00 1.846613639011150498e+00 1.846613639011150498e+00 1.846613639011150498e+00 1.846613639011150498e+00
6.445060949828392438e+01 6.756500999742129920e+01 4.027820507156417307e+01 2.097375251049568234e+00 1.846613639011150498e+00 1.846613639011150498e+00 1.846613639011150498e+00 1.846613639011150498e+00 1.846613639011150498e+00 1.846613639011150498e+00 1.846613639011150498e+00 1.846613639011150498e+00
6.445060949828392438e+01 7.981220444861367014e+01 1.226420876344610917e+02 4.027820507156417307e+01 2.097375251049568234e+00 1.946280500816024439e+00 1.923296793295968143e+00 1.846613639011150498e+00 1.846613639011150498e+00 1.846613639011150498e+00 1.846613639011150498e+00 1.846613639011150498e+00
