2.506933514910707927e+00 3.886308047009616740e+00 1.924285915144064418e+01 8.138689848105396862e+00 1.843929088857478149e+01 5.500256134753536585e+00 3.886308047009616740e+00 3.886308047009616740e+00 1.924285915144064418e+01 8.186081261090009775e+00 2.437467932300484108e+01 7.981220444861367014e+01
2.506933514910707927e+00 2.506933514910707927e+00 2.506933514910707927e+00 3.886308047009616740e+00 3.886308047009616740e+00 2.506933514910707927e+00 2.506933514910707927e+00 2.506933514910707927e+00 2.506933514910707927e+00 1.924285915144064418e+01 4.597564216834820172e+01 9.650690052603411573e+01
2.506933514910707927e+00 2.506933514910707927e+00 2.506933514910707927e+00 2.506933514910707927e+00 2.506933514910707927e+00 2.506933514910707927e+00 2.506933514910707927e+00 2.506933514910707927e+00 2.506933514910707927e+00 4.733468491859300187e+00 8.835240683854449628e+01 1.438210776878531476e+02
2.506933514910707927e+00 2.506933514910707927e+00 2.506933514910707927e+00 2.506933514910707927e+00 2.506933514910707927e+00 2.506933514910707927e+00 2.506933514910707927e+00 2.506933514910707927e+00 2.506933514910707927e+00 2.437467932300484108e+01 8.835240683854449628e+01 1.259651594120781510e+02
2.506933514910707927e+00 2.506933514910707927e+00 2.506933514910707927e+00 2.506933514910707927e+00 2.506933514910707927e+00 2.506933514910707927e+00 2.506933514910707927e+00 2.506933514910707927e+00 2.506933514910707927e+00 2.437467932300484108e+01 8.835240683854449628e+01 1.181923250765100306e+02
2.506933514910707927e+00 2.506933514910707927e+00 2.506933514910707927e+00 2.506933514910707927e+00 2.506933514910707927e+00 2.506933514910707927e+00 2.506933514910707927e+00 4.733468491859300187e+00 2.021004799327296197e+01 7.019466426469369580e+00 1.524822122003910749e+02 1.494425616008870747e+02
1.975884565937529302e+01 1.377148628976401490e+01 1.975884565937529302e+01 1.975884565937529302e+01 1.975884565937529302e+01 1.975884565937529302e+01 7.019466426469369580e+00 7.019466426469369580e+00 7.019466426469369580e+00 1.524822122003910749e+02 1.524822122003910749e+02 1.181923250765100306e+02
7.019466426469369580e+00 6.756500999742129920e+01 7.953587795827976947e+01 1.015354177335535724e+02 1.015354177335535724e+02 7.953587795827976947e+01 1.015354177335535724e+02 1.015354177335535724e+02 1.485294769930425787e+02 1.405788919824240963e+02 1.524822122003910749e+02 1.535782908566168885e+02
1.549808180848787345e+02 1.549808180848787345e+02 1.549808180848787345e+02 1.549808180848787345e+02 1.549808180848787345e+02 1.549808180848787345e+02 1.549808180848787345e+02 1.494425616008870747e+02 1.494425616008870747e+02 1.407136839208731089e+02 1.558844388559022605e+02 3.133585585173129928e+01
1.549808180848787345e+02 1.558844388559022605e+02 1.558844388559022605e+02 1.558744711775806593e+02 1.558844388559022605e+02 1.558844388559022605e+02 1.407136839208731089e+02 1.407136839208731089e+02 7.507787394281540116e+01 7.507787394281540116e+01 9.273930062793166229e+00 4.992816982309545182e+00
1.558844388559022605e+02 1.558844388559022605e+02 1.407136839208731089e+02 1.407136839208731089e+02 1.407136839208731089e+02 1.407136839208731089e+02 9.659147048252029322e+01 7.507787394281540116e+01 9.273930062793166229e+00 5.500256134753536585e+00 3.886308047009616740e+00 2.506933514910707927e+00
1.407136839208731089e+02 1.407136839208731089e+02 7.507787394281540116e+01 7.507787394281540116e+01 7.507787394281540116e+01 7.507787394281540116e+01 9.273930062793166229e+00 5.500256134753536585e+00 3.886308047009616740e+00 2.506933514910707927e+00 2.506933514910707927e+00 2.506933514910707927e+00
