1.543735749631027261e+02 1.494425616008870747e+02 4.036302253811881258e+01 4.036302253811881258e+01 3.346430545304758031e+00 4.681843233813840044e+01 9.292946367585959422e+01 1.558695398400246290e+02 1.181923250765100306e+02 5.779194194981257482e+01 7.981220444861367014e+01 2.506933514910707927e+00
1.105739515739120833e+02 4.036302253811881258e+01 4.036302253811881258e+01 2.506933514910707927e+00 2.506933514910707927e+00 1.758347443726389514e+01 9.292946367585959422e+01 1.554595855034739600e+02 1.347779261112866038e+02 5.779194194981257482e+01 7.981220444861367014e+01 2.506933514910707927e+00
3.346430545304758031e+00 4.036302253811881258e+01 4.036302253811881258e+01 2.506933514910707927e+00 2.506933514910707927e+00 3.346430545304758031e+00 3.059761202322461671e+01 1.548294108410530612e+02 1.347779261112866038e+02 5.779194194981257482e+01 7.981220444861367014e+01 2.506933514910707927e+00
3.346430545304758031e+00 3.346430545304758031e+00 2.506933514910707927e+00 2.506933514910707927e+00 2.506933514910707927e+00 2.506933514910707927e+00 6.180485678434926911e+00 1.541503431113831084e+02 1.347779261112866038e+02 4.036302253811881258e+01 1.345976795187939423e+01 2.506933514910707927e+00
2.506933514910707927e+00 2.506933514910707927e+00 2.506933514910707927e+00 2.506933514910707927e+00 2.506933514910707927e+00 3.023971039040359798e+00 9.292946367585959422e+01 1.330630150144676804e+02 9.287878620806465335e+01 4.036302253811881258e+01 2.506933514910707927e+00 2.506933514910707927e+00
2.506933514910707927e+00 2.506933514910707927e+00 2.506933514910707927e+00 2.506933514910707927e+00 2.506933514910707927e+00 4.798569450708089157e+00 9.292946367585959422e+01 1.542335346827589433e+02 9.729476036606865819e+01 1.738986563857545420e+01 2.506933514910707927e+00 2.506933514910707927e+00
2.506933514910707927e+00 2.506933514910707927e+00 2.506933514910707927e+00 2.506933514910707927e+00 2.506933514910707927e+00 6.180485678434926911e+00 1.548294108410530612e+02 1.558695398400246290e+02 1.535782908566168885e+02 3.272632535490692618e+01 1.738986563857545420e+01 2.506933514910707927e+00
2.506933514910707927e+00 2.506933514910707927e+00 2.506933514910707927e+00 2.506933514910707927e+00 3.023971039040359798e+00 9.292946367585959422e+01 1.548294108410530612e+02 1.558744711775806593e+02 1.542335346827589433e+02 1.254990454024321735e+02 3.272632535490692618e+01 5.664512726056879721e+00
2.506933514910707927e+00 2.506933514910707927e+00 2.506933514910707927e+00 2.506933514910707927e+00 4.798569450708089157e+00 9.292946367585959422e+01 1.558695398400246290e+02 1.558744711775806593e+02 1.558695398400246290e+02 1.271542285649556447e+02 1.437070601292527954e+02 1.011642427500361947e+02
2.506933514910707927e+00 2.506933514910707927e+00 2.506933514910707927e+00 3.023971039040359798e+00 9.292946367585959422e+01 1.548294108410530612e+02 1.558744711775806593e+02 1.558695398400246290e+02 1.558744711775806593e+02 1.558695398400246290e+02 1.542335346827589433e+02 1.254990454024321735e+02
2.506933514910707927e+00 2.506933514910707927e+00 2.506933514910707927e+00 4.798569450708089157e+00 9.292946367585959422e+01 1.558695398400246290e+02 1.558744711775806593e+02 1.558744711775806593e+02 1.558744711775806593e+02 1.558695398400246290e+02 1.558695398400246290e+02 1.494425616008870747e+02
2.506933514910707927e+00 2.506933514910707927e+00 3.023971039040359798e+00 9.292946367585959422e+01 1.548294108410530612e+02 1.558695398400246290e+02 1.558695398400246290e+02 1.558695398400246290e+02 1.558695398400246290e+02 1.558695398400246290e+02 1.443361720313308467e+02 1.283686883547385662e+02
