7.019466426469369580e+00 7.163219647323910522e+01 8.084367777206909977e+01 7.507787394281540116e+01 1.145254521752605825e+01 2.500804964846043532e+01 2.545892630634657294e+01 1.539793815008916233e+01 1.924285915144064418e+01 1.843929088857478149e+01 4.681843233813840044e+01 8.917530322872313775e+01
2.437467932300484108e+01 5.430361598384796906e+01 5.852471787392024538e+01 7.309313264239115426e+00 4.992816982309545182e+00 2.506933514910707927e+00 2.506933514910707927e+00 2.506933514910707927e+00 3.966113164485717046e+00 3.966113164485717046e+00 7.985868171439588714e+00 4.681843233813840044e+01
2.437467932300484108e+01 7.309313264239115426e+00 2.545892630634657294e+01 4.992816982309545182e+00 2.506933514910707927e+00 2.506933514910707927e+00 2.506933514910707927e+00 2.506933514910707927e+00 2.506933514910707927e+00 2.506933514910707927e+00 1.924285915144064418e+01 2.437467932300484108e+01
3.966113164485717046e+00 2.545892630634657294e+01 2.506933514910707927e+00 2.506933514910707927e+00 2.506933514910707927e+00 2.506933514910707927e+00 2.506933514910707927e+00 2.506933514910707927e+00 2.506933514910707927e+00 2.506933514910707927e+00 2.506933514910707927e+00 1.924285915144064418e+01
3.966113164485717046e+00 2.506933514910707927e+00 2.506933514910707927e+00 2.506933514910707927e+00 2.506933514910707927e+00 2.506933514910707927e+00 2.506933514910707927e+00 2.506933514910707927e+00 2.506933514910707927e+00 2.506933514910707927e+00 2.506933514910707927e+00 3.966113164485717046e+00
1.901515745433307458e+01 2.506933514910707927e+00 2.506933514910707927e+00 2.506933514910707927e+00 2.506933514910707927e+00 2.506933514910707927e+00 2.506933514910707927e+00 2.506933514910707927e+00 2.506933514910707927e+00 2.506933514910707927e+00 2.506933514910707927e+00 2.506933514910707927e+00
5.664512726056879721e+00 2.506933514910707927e+00 2.506933514910707927e+00 2.506933514910707927e+00 2.506933514910707927e+00 2.506933514910707927e+00 2.506933514910707927e+00 2.506933514910707927e+00 2.506933514910707927e+00 2.506933514910707927e+00 2.506933514910707927e+00 2.506933514910707927e+00
2.506933514910707927e+00 2.506933514910707927e+00 2.506933514910707927e+00 2.506933514910707927e+00 2.506933514910707927e+00 2.506933514910707927e+00 2.506933514910707927e+00 2.506933514910707927e+00 2.506933514910707927e+00 2.506933514910707927e+00 5.458801742824987535e+00 7.019466426469369580e+00
2.506933514910707927e+00 2.506933514910707927e+00 2.506933514910707927e+00 2.506933514910707927e+00 2.506933514910707927e+00 2.506933514910707927e+00 2.506933514910707927e+00 2.506933514910707927e+00 2.506933514910707927e+00 2.506933514910707927e+00 6.769710062201937717e+00 2.437467932300484108e+01
2.506933514910707927e+00 2.506933514910707927e+00 2.506933514910707927e+00 2.506933514910707927e+00 2.506933514910707927e+00 2.506933514910707927e+00 2.506933514910707927e+00 2.506933514910707927e+00 2.506933514910707927e+00 1.975884565937529302e+01 2.437467932300484108e+01 8.835240683854449628e+01
5.664512726056879721e+00 2.506933514910707927e+00 2.506933514910707927e+00 2.506933514910707927e+00 2.506933514910707927e+00 2.506933514910707927e+00 2.506933514910707927e+00 2.506933514910707927e+00 5.458801742824987535e+00 9.104560810359151546e+00 2.437467932300484108e+01 1.330630150144676804e+02
5.664512726056879721e+00 2.506933514910707927e+00 2.506933514910707927e+00 5.458801742824987535e+00 2.506933514910707927e+00 2.506933514910707927e+00 5.458801742824987535e+00 6.769710062201937717e+00 9.104560810359151546e+00 2.439215965043865708e+01 8.084367777206909977e+01 6.727672718265750973e+01
