2.362237257186729522e+01 3.109435623336699095e+01 4.254241352738422677e+01 4.889354916930457051e+01 5.442581013337174767e+01 6.416120086343151740e+01 7.312864509607479135e+01 7.930406843316282561e+01 8.663067577485296056e+01 8.391929899868773646e+01 7.908175668561085558e+01 6.101112485141923969e+01
2.447301610783419790e+01 3.188432324608385926e+01 4.090181833845864645e+01 4.754414489050395787e+01 5.410453559940479806e+01 6.379445248270306479e+01 7.447683994529297991e+01 8.346727044931023443e+01 8.883930112285510461e+01 9.010239951329396035e+01 8.298904019907757856e+01 6.452515650554961724e+01
2.690455723187184844e+01 3.444443712839981941e+01 4.600043852459117488e+01 5.226897657588315838e+01 6.351984677961057457e+01 7.169985995209279395e+01 7.822427345735496829e+01 8.779850922272952118e+01 9.891078651633128516e+01 9.271675652673528134e+01 8.822414318103356834e+01 7.240316195229840446e+01
3.251562871492648554e+01 4.336480398879415787e+01 5.568847716068111708e+01 6.490147325206291384e+01 7.380270671017544259e+01 7.822427345735496829e+01 8.779850922272952118e+01 9.578339139315977491e+01 1.007117456130857818e+02 9.955215739813637299e+01 8.822414318103356834e+01 7.546624121265054441e+01
3.854474622277547979e+01 5.206916387873459939e+01 6.345896666379609030e+01 7.473850232853803277e+01 7.989502810985368342e+01 8.779850922272952118e+01 9.578339139315977491e+01 1.007117456130857818e+02 1.055178187017104676e+02 9.955215739813637299e+01 9.248024036719129981e+01 7.908175668561085558e+01
4.287901470896627387e+01 5.703343836921676058e+01 7.044288108476500554e+01 8.346727044931023443e+01 8.883930112285510461e+01 9.662432737468445509e+01 9.662432737468445509e+01 1.055178187017104676e+02 1.033907137352029224e+02 1.033907137352029224e+02 9.248024036719129981e+01 7.908175668561085558e+01
4.834271034095028341e+01 5.980188388786119447e+01 7.190945392347526877e+01 8.070309043677229965e+01 8.369354371675677839e+01 9.056829271082382604e+01 9.056829271082382604e+01 9.611312806854029134e+01 9.611312806854029134e+01 9.418156988073396008e+01 9.248024036719129981e+01 7.908175668561085558e+01
4.254241352738422677e+01 5.334756912208908375e+01 6.340096447066701302e+01 7.221748318511767195e+01 7.730824544109572116e+01 7.730824544109572116e+01 7.881201085977887999e+01 8.658706183931904832e+01 9.056829271082382604e+01 9.418156988073396008e+01 8.506160496740992016e+01 7.602603796859355612e+01
3.761611331307396711e+01 4.299238102049881149e+01 4.777361737057705682e+01 5.711962529293791135e+01 5.711962529293791135e+01 6.297126641011352177e+01 6.493849192874924370e+01 7.766896643119623889e+01 8.558557585616314611e+01 8.689665658385403901e+01 8.506160496740992016e+01 7.467870601435009803e+01
3.086924552905491481e+01 3.735690542764574218e+01 4.378924256175369578e+01 4.704642194776779718e+01 5.067285172264905668e+01 5.410453559940479806e+01 6.321517692829089441e+01 7.447683994529297991e+01 8.070309043677229965e+01 8.610597432242064997e+01 8.086555476114546082e+01 6.712424775122084952e+01
3.367285935750992820e+01 3.984734416251718159e+01 4.217302534635886246e+01 4.361042619776796414e+01 5.105824865792713041e+01 5.680073145623448028e+01 6.719251848877604516e+01 7.421713442053670917e+01 8.197388206363778806e+01 8.187717542363429857e+01 7.467870601435009803e+01 6.105602684236009736e+01
4.281761745886331028e+01 4.544281184960682651e+01 4.925790316380647482e+01 5.034418940275534027e+01 5.770890268865769457e+01 6.351984677961057457e+01 7.421713442053670917e+01 7.955423121947319487e+01 8.162641136640850448e+01 7.724351472499404281e+01 6.604795708957084344e+01 5.488337499629996330e+01
