3.965071541624368479e+01 4.383274591721932012e+01 4.757159593206413462e+01 5.477854644961082897e+01 5.477854644961082897e+01 5.724253219296922879e+01 5.234778117590823854e+01 5.234778117590823854e+01 4.412054937724810344e+01 4.224261410260587013e+01 4.224261410260587013e+01 4.224261410260587013e+01
5.205285736996945190e+01 5.477854644961082897e+01 5.724253219296922879e+01 6.206945484298186244e+01 6.388101916915157830e+01 6.388101916915157830e+01 5.940410566593449460e+01 5.234778117590823854e+01 4.412054937724810344e+01 4.040633916280397386e+01 4.016046968062666167e+01 3.761137233138448721e+01
5.749191725612131876e+01 6.094496467214761282e+01 6.597461254665816455e+01 6.558555619201324305e+01 6.584533499958713776e+01 6.411591329582910248e+01 5.940410566593449460e+01 5.234778117590823854e+01 4.412054937724810344e+01 4.040633916280397386e+01 3.761137233138448721e+01 3.844985710443818760e+01
6.072112337362672463e+01 6.226713540244234935e+01 6.558555619201324305e+01 6.558555619201324305e+01 6.558555619201324305e+01 6.226713540244234935e+01 5.512790131082432765e+01 5.441899083183491825e+01 4.412054937724810344e+01 4.040633916280397386e+01 3.405157069757251520e+01 3.405157069757251520e+01
6.058468705575666746e+01 5.846336495212483442e+01 5.846336495212483442e+01 5.846336495212483442e+01 5.846336495212483442e+01 5.776431799688612045e+01 5.441899083183491825e+01 4.741444057027020165e+01 4.040633916280397386e+01 3.946353255530174664e+01 3.143412438630517514e+01 3.405157069757251520e+01
5.315647335790061589e+01 4.807936620090312374e+01 4.807936620090312374e+01 4.961607415054937320e+01 4.961607415054937320e+01 4.961607415054937320e+01 4.807936620090312374e+01 4.339084520137006251e+01 4.040633916280397386e+01 3.761137233138448721e+01 3.405157069757251520e+01 3.255232015903276022e+01
4.741444057027020165e+01 3.697062495107234525e+01 3.492750174714188915e+01 3.492750174714188915e+01 3.886749967513765114e+01 3.886749967513765114e+01 3.886749967513765114e+01 3.697062495107234525e+01 3.697062495107234525e+01 3.143412438630517514e+01 3.059449668741659423e+01 3.255232015903276022e+01
4.339084520137006251e+01 3.597674245551280592e+01 2.736132129224881382e+01 2.400744516484985169e+01 2.854415352633688130e+01 2.854415352633688130e+01 2.854415352633688130e+01 2.854415352633688130e+01 2.779334916594220317e+01 2.923732160790671486e+01 3.255232015903276022e+01 3.928885058023320909e+01
4.072409544387189584e+01 2.736132129224881382e+01 2.342274320078305649e+01 2.342274320078305649e+01 2.138091697569765159e+01 2.138091697569765159e+01 2.138091697569765159e+01 2.601110699458845943e+01 2.798991851775382145e+01 3.059449668741659423e+01 3.608081642969315794e+01 4.120127350311000214e+01
4.072409544387189584e+01 2.973056404135275699e+01 2.706137699937376340e+01 1.958224672323546400e+01 1.958224672323546400e+01 1.958224672323546400e+01 2.434036486493725349e+01 2.601110699458845943e+01 3.059449668741659423e+01 3.467363096963055114e+01 3.928885058023320909e+01 4.843504237486531139e+01
4.412054937724810344e+01 3.720491210789058556e+01 2.973056404135275699e+01 2.693236793274251184e+01 2.693236793274251184e+01 2.693236793274251184e+01 2.693236793274251184e+01 3.255232015903276022e+01 3.467363096963055114e+01 3.949046602158136210e+01 4.539856257514393434e+01 5.043742196680570089e+01
4.592782258105052762e+01 4.412054937724810344e+01 3.467363096963055114e+01 3.318495009061220458e+01 3.318495009061220458e+01 3.318495009061220458e+01 3.467363096963055114e+01 3.467363096963055114e+01 3.949046602158136210e+01 4.120127350311000214e+01 4.717812133730640767e+01 4.961607415054937320e+01
