1.846613639011150498e+00 2.260541097313597536e+00 2.260541097313597536e+00 1.846613639011150498e+00 1.846613639011150498e+00 1.846613639011150498e+00 1.846613639011150498e+00 1.846613639011150498e+00 1.846613639011150498e+00 1.846613639011150498e+00 1.846613639011150498e+00 1.846613639011150498e+00
1.846613639011150498e+00 1.846613639011150498e+00 1.846613639011150498e+00 1.846613639011150498e+00 1.846613639011150498e+00 1.846613639011150498e+00 1.846613639011150498e+00 1.846613639011150498e+00 1.846613639011150498e+00 1.846613639011150498e+00 1.846613639011150498e+00 1.846613639011150498e+00
1.846613639011150498e+00 1.846613639011150498e+00 1.846613639011150498e+00 1.846613639011150498e+00 1.846613639011150498e+00 1.846613639011150498e+00 1.846613639011150498e+00 1.846613639011150498e+00 1.846613639011150498e+00 1.846613639011150498e+00 1.846613639011150498e+00 1.846613639011150498e+00
1.846613639011150498e+00 1.846613639011150498e+00 1.846613639011150498e+00 1.846613639011150498e+00 1.846613639011150498e+00 1.846613639011150498e+00 1.846613639011150498e+00 1.846613639011150498e+00 1.846613639011150498e+00 1.846613639011150498e+00 1.846613639011150498e+00 1.846613639011150498e+00
1.846613639011150498e+00 1.846613639011150498e+00 1.846613639011150498e+00 1.846613639011150498e+00 1.846613639011150498e+00 1.846613639011150498e+00 1.846613639011150498e+00 1.846613639011150498e+00 1.846613639011150498e+00 1.846613639011150498e+00 1.846613639011150498e+00 1.846613639011150498e+00
1.846613639011150498e+00 1.846613639011150498e+00 1.846613639011150498e+00 1.846613639011150498e+00 1.846613639011150498e+00 1.846613639011150498e+00 1.846613639011150498e+00 1.846613639011150498e+00 1.846613639011150498e+00 1.846613639011150498e+00 1.846613639011150498e+00 1.846613639011150498e+00
1.846613639011150498e+00 1.846613639011150498e+00 1.846613639011150498e+00 1.846613639011150498e+00 1.846613639011150498e+00 1.846613639011150498e+00 1.846613639011150498e+00 1.846613639011150498e+00 1.846613639011150498e+00 1.846613639011150498e+00 1.846613639011150498e+00 1.846613639011150498e+00
1.846613639011150498e+00 1.846613639011150498e+00 1.846613639011150498e+00 1.846613639011150498e+00 1.846613639011150498e+00 1.846613639011150498e+00 1.846613639011150498e+00 1.846613639011150498e+00 1.846613639011150498e+00 1.846613639011150498e+00 1.846613639011150498e+00 1.846613639011150498e+00
1.846613639011150498e+00 1.846613639011150498e+00 1.846613639011150498e+00 1.846613639011150498e+00 1.846613639011150498e+00 1.846613639011150498e+00 1.846613639011150498e+00 1.846613639011150498e+00 1.846613639011150498e+00 1.846613639011150498e+00 1.846613639011150498e+00 1.846613639011150498e+00
1.846613639011150498e+00 1.846613639011150498e+00 1.846613639011150498e+00 1.846613639011150498e+00 1.846613639011150498e+00 1.846613639011150498e+00 1.846613639011150498e+00 1.846613639011150498e+00 1.846613639011150498e+00 1.946280500816024439e+00 1.923296793295968143e+00 1.846613639011150498e+00
2.260541097313597536e+00 2.097375251049568234e+00 2.097375251049568234e+00 1.846613639011150498e+00 1.846613639011150498e+00 1.846613639011150498e+00 1.846613639011150498e+00 1.846613639011150498e+00 1.846613639011150498e+00 1.846613639011150498e+00 1.846613639011150498e+00 1.846613639011150498e+00
7.447636573346548161e+00 2.506933514910707927e+00 2.097375251049568234e+00 1.846613639011150498e+00 1.846613639011150498e+00 1.846613639011150498e+00 1.846613639011150498e+00 1.846613639011150498e+00 1.846613639011150498e+00 1.846613639011150498e+00 1.846613639011150498e+00 1.846613639011150498e+00
