2.441790481242815503e+01 3.073694759264729726e+01 3.481696836518248261e+01 3.949046602158136210e+01 4.220611653676544250e+01 4.506075046350083824e+01 4.506075046350083824e+01 4.506075046350083824e+01 4.506075046350083824e+01 4.506075046350083824e+01 4.506075046350083824e+01 4.577493576118409635e+01
2.825513613755826725e+01 3.608081642969315794e+01 3.965510059850714697e+01 4.530625027794997095e+01 4.702416533854523095e+01 4.506075046350083824e+01 4.506075046350083824e+01 4.506075046350083824e+01 4.506075046350083824e+01 4.506075046350083824e+01 4.506075046350083824e+01 4.506075046350083824e+01
3.073694759264729726e+01 3.822132465510962618e+01 4.843504237486531139e+01 5.036100632484757966e+01 5.036100632484757966e+01 4.506075046350083824e+01 4.506075046350083824e+01 4.288288607242674288e+01 4.506075046350083824e+01 5.036100632484757966e+01 5.036100632484757966e+01 4.741444057027020165e+01
3.073694759264729726e+01 4.394231210994550452e+01 5.060969889899349283e+01 5.036100632484757966e+01 5.272744330448725947e+01 4.702416533854523095e+01 4.506075046350083824e+01 4.530625027794997095e+01 5.055204542974288273e+01 5.036100632484757966e+01 4.506075046350083824e+01 4.339084520137006251e+01
3.584119803750573396e+01 4.394231210994550452e+01 4.997042160959374257e+01 5.465945223816135723e+01 5.290005032284332742e+01 5.055204542974288273e+01 5.055204542974288273e+01 5.055204542974288273e+01 5.231182939444539670e+01 5.036100632484757966e+01 4.592782258105052762e+01 4.081740481002312038e+01
3.089614239820097907e+01 4.394231210994550452e+01 4.997042160959374257e+01 5.465945223816135723e+01 5.862880941393797940e+01 5.862880941393797940e+01 5.583933551893969138e+01 5.583933551893969138e+01 5.939394708019580804e+01 5.329910787432283570e+01 4.438202741232873905e+01 3.649235508308878906e+01
2.700540334604832182e+01 3.735690542764574218e+01 4.715617201461118668e+01 5.365504398216879167e+01 6.094496467214761282e+01 6.227037996724363467e+01 6.227037996724363467e+01 6.267230349705395298e+01 5.939394708019580804e+01 5.329910787432283570e+01 4.274946689308486469e+01 3.528994919653736417e+01
2.700540334604832182e+01 3.735690542764574218e+01 4.091271456966624243e+01 4.997042160959374257e+01 6.004531221477072478e+01 6.111112427246882817e+01 6.227037996724363467e+01 6.227037996724363467e+01 5.830847046617721929e+01 4.936950390366271080e+01 4.023871489923991618e+01 2.894938453303292647e+01
2.330479612623861030e+01 2.700540334604832182e+01 3.863520938892460066e+01 4.884023017394400767e+01 5.365504398216879167e+01 6.111112427246882817e+01 6.227037996724363467e+01 5.765112924985479737e+01 5.300507205538490751e+01 4.274946689308486469e+01 3.528994919653736417e+01 2.397350603486716381e+01
2.130583249875863672e+01 2.622798611428228810e+01 3.089614239820097907e+01 4.091271456966624243e+01 4.992346814024293877e+01 5.930301128359605656e+01 5.776431799688612045e+01 5.441899083183491825e+01 4.741444057027020165e+01 3.649235508308878906e+01 2.894938453303292647e+01 2.397350603486716381e+01
2.130583249875863672e+01 2.441790481242815503e+01 3.073694759264729726e+01 3.822132465510962618e+01 4.992346814024293877e+01 5.456624682720665476e+01 5.126358801341489624e+01 4.741444057027020165e+01 4.023871489923991618e+01 3.038453429062137090e+01 2.397350603486716381e+01 1.778971317378052674e+01
1.958667447184508603e+01 2.825513613755826725e+01 3.584119803750573396e+01 4.122397914369332028e+01 4.560900297298758943e+01 4.960653432135971741e+01 4.741444057027020165e+01 4.023871489923991618e+01 3.038453429062137090e+01 2.397350603486716381e+01 2.130583249875863672e+01 1.778971317378052674e+01
