2.506933514910707927e+00 2.506933514910707927e+00 2.506933514910707927e+00 2.506933514910707927e+00 2.506933514910707927e+00 2.506933514910707927e+00 2.506933514910707927e+00 2.506933514910707927e+00 2.506933514910707927e+00 2.506933514910707927e+00 2.506933514910707927e+00 2.506933514910707927e+00
2.506933514910707927e+00 2.506933514910707927e+00 2.506933514910707927e+00 2.506933514910707927e+00 2.506933514910707927e+00 2.506933514910707927e+00 2.506933514910707927e+00 2.506933514910707927e+00 2.506933514910707927e+00 2.506933514910707927e+00 2.506933514910707927e+00 2.506933514910707927e+00
2.506933514910707927e+00 2.506933514910707927e+00 2.506933514910707927e+00 2.506933514910707927e+00 2.506933514910707927e+00 2.506933514910707927e+00 2.506933514910707927e+00 2.506933514910707927e+00 2.506933514910707927e+00 2.506933514910707927e+00 2.506933514910707927e+00 2.506933514910707927e+00
2.506933514910707927e+00 2.506933514910707927e+00 2.506933514910707927e+00 2.506933514910707927e+00 2.506933514910707927e+00 2.506933514910707927e+00 2.506933514910707927e+00 2.506933514910707927e+00 2.506933514910707927e+00 2.506933514910707927e+00 2.506933514910707927e+00 2.506933514910707927e+00
2.506933514910707927e+00 2.506933514910707927e+00 2.506933514910707927e+00 2.506933514910707927e+00 2.506933514910707927e+00 2.506933514910707927e+00 2.506933514910707927e+00 2.506933514910707927e+00 2.506933514910707927e+00 2.506933514910707927e+00 2.506933514910707927e+00 2.506933514910707927e+00
2.506933514910707927e+00 2.506933514910707927e+00 2.506933514910707927e+00 3.023971039040359798e+00 3.023971039040359798e+00 3.023971039040359798e+00 3.023971039040359798e+00 2.506933514910707927e+00 2.506933514910707927e+00 2.506933514910707927e+00 2.506933514910707927e+00 2.506933514910707927e+00
3.023971039040359798e+00 3.023971039040359798e+00 3.023971039040359798e+00 7.019466426469369580e+00 2.717260448471508383e+01 5.664512726056879721e+00 2.506933514910707927e+00 2.506933514910707927e+00 2.506933514910707927e+00 2.506933514910707927e+00 2.506933514910707927e+00 2.506933514910707927e+00
4.146115612011859497e+01 5.426261885944262531e+01 1.175166390613058240e+02 1.015354177335535724e+02 1.254990454024321735e+02 5.664512726056879721e+00 4.618544526918182846e+00 2.506933514910707927e+00 2.506933514910707927e+00 2.506933514910707927e+00 2.506933514910707927e+00 2.506933514910707927e+00
1.175166390613058240e+02 1.543735749631027261e+02 1.494425616008870747e+02 1.283686883547385662e+02 1.271542285649556447e+02 5.664512726056879721e+00 4.618544526918182846e+00 2.506933514910707927e+00 2.506933514910707927e+00 2.506933514910707927e+00 2.506933514910707927e+00 2.506933514910707927e+00
1.558695398400246290e+02 1.367951082659081408e+02 1.283686883547385662e+02 8.934781822520909600e+01 1.271542285649556447e+02 1.271542285649556447e+02 2.506933514910707927e+00 2.506933514910707927e+00 2.506933514910707927e+00 2.506933514910707927e+00 2.506933514910707927e+00 2.506933514910707927e+00
1.054341145346902380e+02 1.054341145346902380e+02 1.625817759401843432e+01 1.924285915144064418e+01 1.649167624379679609e+01 1.649167624379679609e+01 2.506933514910707927e+00 2.506933514910707927e+00 2.506933514910707927e+00 2.506933514910707927e+00 2.506933514910707927e+00 2.506933514910707927e+00
9.273930062793166229e+00 1.271542285649556447e+02 4.681827972885662881e+00 1.649167624379679609e+01 2.506933514910707927e+00 2.506933514910707927e+00 2.506933514910707927e+00 2.506933514910707927e+00 2.506933514910707927e+00 2.506933514910707927e+00 2.506933514910707927e+00 2.506933514910707927e+00
