7.119052545531275200e+00 7.250957409985051072e+01 4.469520653608214644e+01 4.985044367798151654e+01 1.306016664034253871e+01 1.306016664034253871e+01 1.306016664034253871e+01 1.306016664034253871e+01 1.306016664034253871e+01 2.330813930948001911e+01 3.183629350429620786e+01 1.054304491849345737e+02
4.469520653608214644e+01 1.533243361308841770e+02 8.934781822520909600e+01 4.036302253811881258e+01 1.923296793295968143e+00 1.923296793295968143e+00 1.923296793295968143e+00 1.923296793295968143e+00 1.923296793295968143e+00 1.923296793295968143e+00 1.306016664034253871e+01 4.595090070281021610e+01
1.486089930701736819e+02 4.036302253811881258e+01 4.036302253811881258e+01 1.923296793295968143e+00 1.923296793295968143e+00 1.923296793295968143e+00 1.923296793295968143e+00 1.923296793295968143e+00 1.923296793295968143e+00 1.923296793295968143e+00 1.923296793295968143e+00 2.578241602543958955e+00
8.588628525736825736e+01 4.036302253811881258e+01 1.923296793295968143e+00 1.923296793295968143e+00 1.923296793295968143e+00 1.923296793295968143e+00 1.923296793295968143e+00 1.923296793295968143e+00 1.923296793295968143e+00 1.923296793295968143e+00 1.923296793295968143e+00 1.923296793295968143e+00
4.036302253811881258e+01 1.923296793295968143e+00 1.923296793295968143e+00 1.923296793295968143e+00 1.923296793295968143e+00 1.923296793295968143e+00 1.923296793295968143e+00 1.923296793295968143e+00 1.923296793295968143e+00 1.923296793295968143e+00 1.923296793295968143e+00 1.923296793295968143e+00
1.923296793295968143e+00 1.923296793295968143e+00 1.923296793295968143e+00 1.923296793295968143e+00 1.923296793295968143e+00 1.923296793295968143e+00 1.923296793295968143e+00 1.923296793295968143e+00 1.923296793295968143e+00 1.923296793295968143e+00 1.923296793295968143e+00 1.923296793295968143e+00
1.923296793295968143e+00 1.923296793295968143e+00 1.923296793295968143e+00 1.923296793295968143e+00 1.923296793295968143e+00 1.923296793295968143e+00 1.923296793295968143e+00 1.923296793295968143e+00 1.923296793295968143e+00 1.923296793295968143e+00 1.923296793295968143e+00 1.923296793295968143e+00
1.923296793295968143e+00 1.923296793295968143e+00 1.923296793295968143e+00 1.923296793295968143e+00 1.923296793295968143e+00 1.923296793295968143e+00 1.923296793295968143e+00 1.923296793295968143e+00 1.923296793295968143e+00 1.923296793295968143e+00 2.506933514910707927e+00 2.097375251049568234e+00
1.923296793295968143e+00 1.923296793295968143e+00 1.923296793295968143e+00 1.923296793295968143e+00 1.923296793295968143e+00 1.923296793295968143e+00 1.923296793295968143e+00 1.923296793295968143e+00 1.923296793295968143e+00 2.260541097313597536e+00 2.260541097313597536e+00 3.023971039040359798e+00
2.097375251049568234e+00 2.097375251049568234e+00 2.260541097313597536e+00 2.097375251049568234e+00 2.546536657594991926e+00 2.097375251049568234e+00 2.506933514910707927e+00 2.506933514910707927e+00 2.506933514910707927e+00 2.260541097313597536e+00 2.021004799327296197e+01 4.734302303310491844e+00
7.119052545531275200e+00 3.023971039040359798e+00 4.812386158287633720e+01 3.023971039040359798e+00 4.812386158287633720e+01 3.023971039040359798e+00 3.023971039040359798e+00 3.023971039040359798e+00 3.023971039040359798e+00 4.798569450708089157e+00 4.050226804987422824e+00 4.105786264489479720e+01
1.181923250765100306e+02 7.886438600340683536e+01 7.886438600340683536e+01 7.886438600340683536e+01 7.886438600340683536e+01 7.119052545531275200e+00 7.119052545531275200e+00 7.447636573346548161e+00 4.320703561610544696e+00 4.263725676462410519e+00 2.578241602543958955e+00 4.263725676462410519e+00
