1.903280466541154681e+01 2.700540334604832182e+01 3.172848702224309392e+01 3.765051573856825229e+01 4.704642194776779718e+01 4.952273825968795506e+01 5.067285172264905668e+01 5.403856927910766927e+01 5.904672905621844592e+01 7.183349700505688418e+01 7.929352017909633332e+01 8.255888255242970786e+01
1.558163351143660869e+01 2.364131117818472205e+01 2.700540334604832182e+01 3.669405609120828160e+01 3.865409277212063444e+01 4.624854287431517008e+01 4.585100959091789719e+01 4.902978787629213997e+01 5.989693313154173637e+01 7.051397537698088058e+01 8.201075272775409530e+01 8.157763600534201487e+01
1.957632677624927453e+01 2.179448956832969486e+01 2.664508220480537659e+01 3.172848702224309392e+01 3.849810818938348689e+01 4.288498480213430497e+01 4.846852192775519086e+01 5.751313949825492244e+01 7.051397537698088058e+01 7.482826328695676921e+01 8.201075272775409530e+01 8.092850877532889342e+01
1.957632677624927453e+01 2.868120308856888911e+01 2.868120308856888911e+01 3.363180606381362026e+01 3.965510059850714697e+01 4.536878684236043568e+01 5.437754336685233625e+01 6.588775649326754547e+01 7.473850232853803277e+01 8.201075272775409530e+01 8.157763600534201487e+01 7.723254820770650042e+01
2.868120308856888911e+01 3.481696836518248261e+01 3.965510059850714697e+01 3.965510059850714697e+01 4.536878684236043568e+01 5.854739857564348426e+01 7.051397537698088058e+01 7.473850232853803277e+01 8.478006016573084480e+01 8.733167593307844356e+01 8.092850877532889342e+01 7.418027901231675969e+01
3.965510059850714697e+01 5.111068804692904166e+01 5.563886525425663621e+01 6.206945484298186244e+01 6.206945484298186244e+01 7.473850232853803277e+01 8.478006016573084480e+01 8.583035929651759943e+01 8.733167593307844356e+01 8.796845301707247700e+01 8.092850877532889342e+01 6.497670015824505185e+01
5.854739857564348426e+01 6.956016572792489683e+01 6.956016572792489683e+01 7.515084546326676218e+01 8.478006016573084480e+01 8.733167593307844356e+01 9.275409338998385067e+01 9.757873287817140806e+01 9.275409338998385067e+01 9.275409338998385067e+01 7.908175668561085558e+01 6.517816710092948540e+01
7.482826328695676921e+01 7.482826328695676921e+01 8.478006016573084480e+01 9.275409338998385067e+01 8.733167593307844356e+01 8.092850877532889342e+01 7.428218660969389475e+01 8.326290503084653949e+01 9.275409338998385067e+01 9.275409338998385067e+01 7.908175668561085558e+01 6.101112485141923969e+01
8.157763600534201487e+01 8.025746508106401222e+01 8.641956653604128746e+01 9.757873287817140806e+01 9.757873287817140806e+01 8.413388414820964556e+01 7.895626707009306244e+01 8.185449335541663629e+01 9.757873287817140806e+01 9.275409338998385067e+01 7.908175668561085558e+01 6.101112485141923969e+01
8.092850877532889342e+01 7.796672088877679130e+01 8.201075272775409530e+01 9.757873287817140806e+01 9.275409338998385067e+01 7.908175668561085558e+01 7.394738056227208745e+01 7.817927674961174489e+01 9.275409338998385067e+01 9.275409338998385067e+01 8.413388414820964556e+01 6.101112485141923969e+01
7.551234431519598900e+01 7.740197490160959148e+01 8.185449335541663629e+01 8.641956653604128746e+01 8.641956653604128746e+01 8.641956653604128746e+01 8.641956653604128746e+01 8.641956653604128746e+01 9.757873287817140806e+01 8.610623594222180088e+01 8.092850877532889342e+01 6.578970942715562842e+01
7.759333961480558628e+01 7.895626707009306244e+01 7.895626707009306244e+01 8.641956653604128746e+01 7.723254820770650042e+01 7.418027901231675969e+01 7.273083817818968555e+01 7.273083817818968555e+01 8.326290503084653949e+01 8.326290503084653949e+01 8.092850877532889342e+01 6.529733369315803770e+01
