2.047764218960006044e+00 2.047764218960006044e+00 2.047764218960006044e+00 2.047764218960006044e+00 2.047764218960006044e+00 2.047764218960006044e+00 2.047764218960006044e+00 2.047764218960006044e+00 2.047764218960006044e+00 2.047764218960006044e+00 2.047764218960006044e+00 2.047764218960006044e+00
2.047764218960006044e+00 2.047764218960006044e+00 2.047764218960006044e+00 2.047764218960006044e+00 2.047764218960006044e+00 2.047764218960006044e+00 2.047764218960006044e+00 2.047764218960006044e+00 2.047764218960006044e+00 2.047764218960006044e+00 2.047764218960006044e+00 2.047764218960006044e+00
2.047764218960006044e+00 2.047764218960006044e+00 2.047764218960006044e+00 2.047764218960006044e+00 2.047764218960006044e+00 2.047764218960006044e+00 2.047764218960006044e+00 2.506933514910707927e+00 2.047764218960006044e+00 2.047764218960006044e+00 2.047764218960006044e+00 2.047764218960006044e+00
2.047764218960006044e+00 2.047764218960006044e+00 2.047764218960006044e+00 2.047764218960006044e+00 2.506933514910707927e+00 2.506933514910707927e+00 2.506933514910707927e+00 3.447936369304078763e+00 2.506933514910707927e+00 2.047764218960006044e+00 2.047764218960006044e+00 2.047764218960006044e+00
2.047764218960006044e+00 2.047764218960006044e+00 2.047764218960006044e+00 3.023971039040359798e+00 3.023971039040359798e+00 3.023971039040359798e+00 3.023971039040359798e+00 3.023971039040359798e+00 2.506933514910707927e+00 2.047764218960006044e+00 2.047764218960006044e+00 2.047764218960006044e+00
2.047764218960006044e+00 2.047764218960006044e+00 2.506933514910707927e+00 3.447936369304078763e+00 8.138689848105396862e+00 4.618544526918182846e+00 4.734302303310491844e+00 7.119052545531275200e+00 2.047764218960006044e+00 2.047764218960006044e+00 2.047764218960006044e+00 2.047764218960006044e+00
3.023971039040359798e+00 3.023971039040359798e+00 3.023971039040359798e+00 4.734302303310491844e+00 7.742900457743663978e+00 3.775102783743175650e+00 3.643296731217598783e+00 2.047764218960006044e+00 2.047764218960006044e+00 2.047764218960006044e+00 2.047764218960006044e+00 2.047764218960006044e+00
4.551936283611179412e+00 4.146115612011859497e+01 7.163219647323910522e+01 3.272632535490692618e+01 7.309313264239115426e+00 2.047764218960006044e+00 2.047764218960006044e+00 2.047764218960006044e+00 2.047764218960006044e+00 2.047764218960006044e+00 2.047764218960006044e+00 2.047764218960006044e+00
4.551936283611179412e+00 1.175166390613058240e+02 1.494425616008870747e+02 4.985044367798151654e+01 1.614274518052294738e+01 2.506933514910707927e+00 2.047764218960006044e+00 2.047764218960006044e+00 2.047764218960006044e+00 2.047764218960006044e+00 2.047764218960006044e+00 2.047764218960006044e+00
9.292946367585959422e+01 1.175166390613058240e+02 1.181923250765100306e+02 4.105786264489479720e+01 5.953280206378160244e+00 3.023971039040359798e+00 2.506933514910707927e+00 2.047764218960006044e+00 2.047764218960006044e+00 2.047764218960006044e+00 2.047764218960006044e+00 2.047764218960006044e+00
9.292946367585959422e+01 1.548294108410530612e+02 1.347779261112866038e+02 9.729476036606865819e+01 7.742900457743663978e+00 7.119052545531275200e+00 1.356244047002934217e+01 1.356244047002934217e+01 2.506933514910707927e+00 2.047764218960006044e+00 2.047764218960006044e+00 2.047764218960006044e+00
9.292946367585959422e+01 1.548294108410530612e+02 1.535782908566168885e+02 1.226420876344610917e+02 1.011642427500361947e+02 7.886438600340683536e+01 3.272632535490692618e+01 7.119052545531275200e+00 3.023971039040359798e+00 2.506933514910707927e+00 2.047764218960006044e+00 2.047764218960006044e+00
