1.125
1.125
9 / 9
1.0
1.0
9 / 10
0.9
0.9
9 / 11
0.8181818181818182
0.8181818181818182
9 / 12
0.75
0.75
9 / 13
0.6923076923076923
0.6923076923076923
9 / 14
0.6428571428571429
0.6428571428571429
9 / 15
0.6
0.6
9 / 16
0.5625
0.5625
9 / 17
0.5294117647058824
0.5294117647058824
9 / 18
0.5
0.5
9 / 19
0.47368421052631576
0.47368421052631576
1 + 1
2
2 + 3
5
4 + 3
7
2 + 4
6
2 + 5
3 + 5
8
2 + 3
5
3 + 4
2
2 + 3
5
2 + 3
5
2 + 3
5
2 + 3
5
3 + 6
5 + 3
2 + 6
2 + 4
6
2 + 3
5
4 + 2
6
3 + 4
7
3 + 4
7
3 + 5
2 + 3
5
3 + 4
7
2 + 5
7
3 + 6
9
3 + 7
10
2 + 9
11
10 - 2
8
6 - 3
3
5 - 1
4
6 - 5
1
2 - 6
-4
1 - 7
-6
6 - 1
5
10 - 1
9
