2.506933514910707927e+00 2.506933514910707927e+00 2.506933514910707927e+00 2.506933514910707927e+00 2.506933514910707927e+00 2.506933514910707927e+00 3.346430545304758031e+00 3.346430545304758031e+00 4.681843233813840044e+01 9.292946367585959422e+01 1.558695398400246290e+02 1.535782908566168885e+02
2.506933514910707927e+00 2.506933514910707927e+00 2.506933514910707927e+00 2.506933514910707927e+00 2.506933514910707927e+00 2.506933514910707927e+00 2.506933514910707927e+00 3.023971039040359798e+00 4.146115612011859497e+01 9.292946367585959422e+01 1.548294108410530612e+02 1.535782908566168885e+02
2.506933514910707927e+00 2.506933514910707927e+00 2.506933514910707927e+00 2.506933514910707927e+00 2.506933514910707927e+00 2.506933514910707927e+00 1.327362550404246200e+01 3.023971039040359798e+00 1.175166390613058240e+02 1.347141833499074437e+02 1.558695398400246290e+02 1.054341145346902380e+02
2.506933514910707927e+00 2.506933514910707927e+00 2.506933514910707927e+00 2.506933514910707927e+00 2.506933514910707927e+00 3.023971039040359798e+00 4.146115612011859497e+01 4.146115612011859497e+01 1.175166390613058240e+02 1.558695398400246290e+02 1.283686883547385662e+02 5.664512726056879721e+00
2.506933514910707927e+00 2.506933514910707927e+00 2.506933514910707927e+00 2.506933514910707927e+00 2.506933514910707927e+00 3.346430545304758031e+00 6.769710062201937717e+00 4.681843233813840044e+01 1.283686883547385662e+02 1.283686883547385662e+02 5.664512726056879721e+00 2.506933514910707927e+00
2.506933514910707927e+00 2.506933514910707927e+00 2.506933514910707927e+00 2.506933514910707927e+00 2.506933514910707927e+00 3.346430545304758031e+00 8.873099600895049122e+00 8.050318644439808935e+00 7.507787394281540116e+01 9.273930062793166229e+00 4.992816982309545182e+00 2.506933514910707927e+00
2.506933514910707927e+00 2.506933514910707927e+00 2.506933514910707927e+00 2.506933514910707927e+00 2.506933514910707927e+00 2.506933514910707927e+00 3.346430545304758031e+00 3.346430545304758031e+00 3.346430545304758031e+00 3.346430545304758031e+00 2.506933514910707927e+00 2.506933514910707927e+00
2.506933514910707927e+00 2.506933514910707927e+00 2.506933514910707927e+00 2.506933514910707927e+00 2.506933514910707927e+00 2.506933514910707927e+00 2.506933514910707927e+00 2.506933514910707927e+00 2.506933514910707927e+00 2.506933514910707927e+00 2.506933514910707927e+00 2.506933514910707927e+00
2.506933514910707927e+00 2.506933514910707927e+00 2.506933514910707927e+00 2.506933514910707927e+00 2.506933514910707927e+00 2.506933514910707927e+00 2.506933514910707927e+00 2.506933514910707927e+00 2.506933514910707927e+00 2.506933514910707927e+00 2.506933514910707927e+00 2.506933514910707927e+00
2.506933514910707927e+00 2.506933514910707927e+00 2.506933514910707927e+00 2.506933514910707927e+00 2.506933514910707927e+00 2.506933514910707927e+00 2.506933514910707927e+00 2.506933514910707927e+00 2.506933514910707927e+00 2.506933514910707927e+00 2.506933514910707927e+00 2.506933514910707927e+00
2.506933514910707927e+00 2.506933514910707927e+00 2.506933514910707927e+00 2.506933514910707927e+00 2.506933514910707927e+00 2.506933514910707927e+00 2.506933514910707927e+00 2.506933514910707927e+00 2.506933514910707927e+00 2.506933514910707927e+00 2.506933514910707927e+00 2.506933514910707927e+00
7.119052545531275200e+00 3.023971039040359798e+00 3.023971039040359798e+00 2.506933514910707927e+00 2.506933514910707927e+00 2.506933514910707927e+00 2.506933514910707927e+00 2.506933514910707927e+00 2.506933514910707927e+00 2.506933514910707927e+00 2.506933514910707927e+00 2.506933514910707927e+00
