2.506933514910707927e+00 2.506933514910707927e+00 2.506933514910707927e+00 2.506933514910707927e+00 2.506933514910707927e+00 3.346430545304758031e+00 3.023971039040359798e+00 4.551936283611179412e+00 4.469520653608214644e+01 4.105786264489479720e+01 2.506933514910707927e+00 2.506933514910707927e+00
2.506933514910707927e+00 2.506933514910707927e+00 2.506933514910707927e+00 2.506933514910707927e+00 2.506933514910707927e+00 3.346430545304758031e+00 3.346430545304758031e+00 6.180485678434926911e+00 4.551936283611179412e+00 4.105786264489479720e+01 1.738986563857545420e+01 2.506933514910707927e+00
2.506933514910707927e+00 2.506933514910707927e+00 2.506933514910707927e+00 2.506933514910707927e+00 2.506933514910707927e+00 2.506933514910707927e+00 3.346430545304758031e+00 4.551936283611179412e+00 4.469520653608214644e+01 5.004050900122489764e+01 2.506933514910707927e+00 2.506933514910707927e+00
2.506933514910707927e+00 2.506933514910707927e+00 2.506933514910707927e+00 2.506933514910707927e+00 2.506933514910707927e+00 2.506933514910707927e+00 3.023971039040359798e+00 4.551936283611179412e+00 1.271542285649556447e+02 5.430361598384796906e+01 1.260876253829615301e+01 2.506933514910707927e+00
3.023971039040359798e+00 3.023971039040359798e+00 1.356244047002934217e+01 2.506933514910707927e+00 2.506933514910707927e+00 2.506933514910707927e+00 4.551936283611179412e+00 2.925622243150202806e+01 1.271542285649556447e+02 7.309313264239115426e+00 2.506933514910707927e+00 2.506933514910707927e+00
1.095822273076901041e+02 1.226420876344610917e+02 3.272632535490692618e+01 2.506933514910707927e+00 2.506933514910707927e+00 2.506933514910707927e+00 4.551936283611179412e+00 5.463163461302411861e+01 9.273930062793166229e+00 4.575560664553917967e+00 2.506933514910707927e+00 2.506933514910707927e+00
1.105739515739120833e+02 3.133585585173129928e+01 2.454371204269015649e+01 2.506933514910707927e+00 2.506933514910707927e+00 2.506933514910707927e+00 3.447936369304078763e+00 6.657127548360994851e+00 4.575560664553917967e+00 2.506933514910707927e+00 2.506933514910707927e+00 2.506933514910707927e+00
4.036302253811881258e+01 4.036302253811881258e+01 4.036302253811881258e+01 2.506933514910707927e+00 2.506933514910707927e+00 2.506933514910707927e+00 3.346430545304758031e+00 7.019466426469369580e+00 3.643296731217598783e+00 2.506933514910707927e+00 2.506933514910707927e+00 2.506933514910707927e+00
3.346430545304758031e+00 2.506933514910707927e+00 2.506933514910707927e+00 2.506933514910707927e+00 2.506933514910707927e+00 2.506933514910707927e+00 3.346430545304758031e+00 3.643296731217598783e+00 2.506933514910707927e+00 2.506933514910707927e+00 2.506933514910707927e+00 2.506933514910707927e+00
2.506933514910707927e+00 2.506933514910707927e+00 2.506933514910707927e+00 2.506933514910707927e+00 2.506933514910707927e+00 2.506933514910707927e+00 3.023971039040359798e+00 3.023971039040359798e+00 2.506933514910707927e+00 2.506933514910707927e+00 2.506933514910707927e+00 2.506933514910707927e+00
2.506933514910707927e+00 2.506933514910707927e+00 2.506933514910707927e+00 2.506933514910707927e+00 2.506933514910707927e+00 2.506933514910707927e+00 3.447936369304078763e+00 6.769710062201937717e+00 2.506933514910707927e+00 2.506933514910707927e+00 2.506933514910707927e+00 2.506933514910707927e+00
2.506933514910707927e+00 2.506933514910707927e+00 2.506933514910707927e+00 2.506933514910707927e+00 2.506933514910707927e+00 3.023971039040359798e+00 3.447936369304078763e+00 6.791477818498946384e+00 2.506933514910707927e+00 2.506933514910707927e+00 2.506933514910707927e+00 2.506933514910707927e+00
