1.202764430321831846e+01 8.149988385356344622e+00 1.975884565937529302e+01 1.975884565937529302e+01 9.037272190868804955e+00 9.037272190868804955e+00 1.202764430321831846e+01 1.261336877483222452e+01 4.484375848048351543e+01 9.128662968988228954e+01 9.037272190868804955e+00 7.742900457743663978e+00
9.037272190868804955e+00 9.037272190868804955e+00 9.037272190868804955e+00 4.484375848048351543e+01 9.128662968988228954e+01 9.037272190868804955e+00 1.139743731008768322e+02 1.139743731008768322e+02 1.369513182336157513e+02 1.369513182336157513e+02 1.369513182336157513e+02 1.464359151374865178e+02
1.464359151374865178e+02 1.139743731008768322e+02 1.139743731008768322e+02 1.369513182336157513e+02 1.369513182336157513e+02 1.369513182336157513e+02 1.369513182336157513e+02 8.084367777206909977e+01 1.499263700126793140e+02 1.499263700126793140e+02 1.499263700126793140e+02 1.495862186032807699e+02
1.369513182336157513e+02 1.369513182336157513e+02 1.449217454045932243e+02 1.495862186032807699e+02 1.499263700126793140e+02 1.499263700126793140e+02 4.824976011540234566e+01 4.824976011540234566e+01 6.625952684436498430e+01 1.057268064686119260e+02 1.490947167510616111e+02 1.495862186032807699e+02
1.499263700126793140e+02 4.824976011540234566e+01 4.824976011540234566e+01 4.824976011540234566e+01 1.258299708246957316e+01 1.114265539303813668e+01 7.483275972617566829e+00 7.483275972617566829e+00 5.275857735035684470e+01 1.057268064686119260e+02 1.490947167510616111e+02 1.495862186032807699e+02
9.822726232741098684e+00 7.483275972617566829e+00 7.483275972617566829e+00 7.483275972617566829e+00 7.483275972617566829e+00 7.477467373922367599e+00 7.742900457743663978e+00 7.601636280798359735e+00 7.483275972617566829e+00 3.059761202322461671e+01 1.490947167510616111e+02 1.495862186032807699e+02
7.331598121058228834e+00 7.742900457743663978e+00 7.742900457743663978e+00 8.417798030782032370e+00 7.477467373922367599e+00 7.601636280798359735e+00 7.477467373922367599e+00 7.742900457743663978e+00 7.601636280798359735e+00 3.059761202322461671e+01 1.490947167510616111e+02 1.495862186032807699e+02
7.601636280798359735e+00 7.601636280798359735e+00 7.601636280798359735e+00 7.601636280798359735e+00 7.601636280798359735e+00 7.601636280798359735e+00 7.601636280798359735e+00 7.477467373922367599e+00 7.742900457743663978e+00 1.261336877483222452e+01 8.084367777206909977e+01 7.837473313488014526e+01
7.601636280798359735e+00 7.601636280798359735e+00 7.601636280798359735e+00 7.601636280798359735e+00 7.601636280798359735e+00 7.601636280798359735e+00 7.601636280798359735e+00 7.601636280798359735e+00 3.059761202322461671e+01 1.261336877483222452e+01 1.074477675067897735e+02 1.145254521752605825e+01
7.601636280798359735e+00 7.601636280798359735e+00 7.601636280798359735e+00 7.601636280798359735e+00 7.601636280798359735e+00 7.601636280798359735e+00 7.601636280798359735e+00 7.601636280798359735e+00 3.059761202322461671e+01 1.490947167510616111e+02 1.369513182336157513e+02 4.886277243514295066e+01
7.601636280798359735e+00 7.601636280798359735e+00 7.601636280798359735e+00 7.601636280798359735e+00 7.601636280798359735e+00 7.601636280798359735e+00 7.601636280798359735e+00 7.477467373922367599e+00 3.059761202322461671e+01 1.057268064686119260e+02 7.837473313488014526e+01 3.495958636399311814e+01
7.601636280798359735e+00 7.601636280798359735e+00 7.601636280798359735e+00 7.601636280798359735e+00 7.601636280798359735e+00 7.601636280798359735e+00 7.601636280798359735e+00 7.742900457743663978e+00 1.261336877483222452e+01 8.084367777206909977e+01 7.837473313488014526e+01 7.477467373922367599e+00
