2.047764218960006044e+00 2.047764218960006044e+00 2.047764218960006044e+00 2.047764218960006044e+00 2.047764218960006044e+00 2.047764218960006044e+00 2.047764218960006044e+00 2.047764218960006044e+00 2.047764218960006044e+00 3.023971039040359798e+00 3.023971039040359798e+00 2.506933514910707927e+00
2.047764218960006044e+00 2.047764218960006044e+00 2.047764218960006044e+00 2.047764218960006044e+00 2.047764218960006044e+00 2.047764218960006044e+00 2.047764218960006044e+00 2.047764218960006044e+00 2.047764218960006044e+00 2.047764218960006044e+00 2.506933514910707927e+00 2.047764218960006044e+00
2.047764218960006044e+00 2.047764218960006044e+00 2.047764218960006044e+00 2.047764218960006044e+00 2.047764218960006044e+00 2.047764218960006044e+00 2.047764218960006044e+00 2.047764218960006044e+00 2.047764218960006044e+00 3.447936369304078763e+00 5.200685616230184216e+00 3.023971039040359798e+00
2.047764218960006044e+00 2.047764218960006044e+00 2.047764218960006044e+00 2.047764218960006044e+00 2.047764218960006044e+00 2.047764218960006044e+00 2.047764218960006044e+00 2.047764218960006044e+00 2.047764218960006044e+00 3.023971039040359798e+00 4.551936283611179412e+00 3.023971039040359798e+00
2.047764218960006044e+00 2.047764218960006044e+00 2.047764218960006044e+00 2.047764218960006044e+00 2.047764218960006044e+00 2.047764218960006044e+00 2.047764218960006044e+00 2.047764218960006044e+00 3.023971039040359798e+00 4.551936283611179412e+00 7.309313264239115426e+00 2.047764218960006044e+00
2.047764218960006044e+00 2.047764218960006044e+00 2.047764218960006044e+00 2.047764218960006044e+00 2.047764218960006044e+00 2.047764218960006044e+00 2.047764218960006044e+00 2.047764218960006044e+00 2.047764218960006044e+00 3.643296731217598783e+00 2.047764218960006044e+00 2.047764218960006044e+00
2.047764218960006044e+00 2.047764218960006044e+00 2.047764218960006044e+00 2.047764218960006044e+00 2.047764218960006044e+00 2.047764218960006044e+00 2.047764218960006044e+00 2.047764218960006044e+00 2.047764218960006044e+00 2.047764218960006044e+00 2.047764218960006044e+00 2.047764218960006044e+00
2.047764218960006044e+00 2.047764218960006044e+00 2.047764218960006044e+00 2.047764218960006044e+00 2.047764218960006044e+00 2.047764218960006044e+00 2.047764218960006044e+00 2.047764218960006044e+00 2.047764218960006044e+00 2.047764218960006044e+00 2.047764218960006044e+00 2.047764218960006044e+00
2.047764218960006044e+00 2.047764218960006044e+00 2.047764218960006044e+00 2.047764218960006044e+00 2.047764218960006044e+00 2.047764218960006044e+00 2.047764218960006044e+00 2.047764218960006044e+00 2.047764218960006044e+00 2.047764218960006044e+00 2.047764218960006044e+00 2.047764218960006044e+00
2.047764218960006044e+00 2.047764218960006044e+00 2.047764218960006044e+00 2.047764218960006044e+00 2.047764218960006044e+00 2.047764218960006044e+00 2.047764218960006044e+00 2.047764218960006044e+00 2.047764218960006044e+00 2.047764218960006044e+00 2.047764218960006044e+00 2.047764218960006044e+00
2.047764218960006044e+00 2.047764218960006044e+00 2.047764218960006044e+00 2.047764218960006044e+00 2.047764218960006044e+00 2.047764218960006044e+00 2.047764218960006044e+00 2.047764218960006044e+00 2.047764218960006044e+00 2.047764218960006044e+00 2.047764218960006044e+00 2.047764218960006044e+00
2.047764218960006044e+00 2.047764218960006044e+00 2.047764218960006044e+00 2.047764218960006044e+00 2.047764218960006044e+00 2.047764218960006044e+00 2.047764218960006044e+00 2.047764218960006044e+00 2.047764218960006044e+00 2.047764218960006044e+00 2.047764218960006044e+00 2.047764218960006044e+00
