9.091497003376941777e+00 1.279197297746789630e+01 1.279197297746789630e+01 7.158413922339913427e+01 1.060915613229050365e+02 1.060915613229050365e+02 1.060915613229050365e+02 7.694402225003005746e+00 4.469520653608214644e+01 7.694402225003005746e+00 7.694402225003005746e+00 7.694402225003005746e+00
9.091497003376941777e+00 8.126571940643303904e+00 8.049085437754271766e+00 8.049085437754271766e+00 1.319771395455458141e+01 7.158413922339913427e+01 1.496723399644158974e+02 1.289081773730563896e+02 1.289081773730563896e+02 7.694402225003005746e+00 7.694402225003005746e+00 7.694402225003005746e+00
7.694402225003005746e+00 7.694402225003005746e+00 8.126571940643303904e+00 8.049085437754271766e+00 8.049085437754271766e+00 1.756354947260112809e+01 7.158413922339913427e+01 1.003316661317070810e+02 1.496723399644158974e+02 1.496511186502067119e+02 7.837473313488014526e+01 7.694402225003005746e+00
7.694402225003005746e+00 7.694402225003005746e+00 7.694402225003005746e+00 7.694402225003005746e+00 7.694402225003005746e+00 8.126571940643303904e+00 8.049085437754271766e+00 7.158413922339913427e+01 1.003316661317070810e+02 1.496511186502067119e+02 7.837473313488014526e+01 9.091497003376941777e+00
7.694402225003005746e+00 7.694402225003005746e+00 7.694402225003005746e+00 7.694402225003005746e+00 7.694402225003005746e+00 7.694402225003005746e+00 8.126571940643303904e+00 2.361227093351118356e+01 1.003316661317070810e+02 1.496723399644158974e+02 1.496511186502067119e+02 9.091497003376941777e+00
7.694402225003005746e+00 7.694402225003005746e+00 7.694402225003005746e+00 7.694402225003005746e+00 7.694402225003005746e+00 7.694402225003005746e+00 8.126571940643303904e+00 1.279197297746789630e+01 7.158413922339913427e+01 1.074477675067897735e+02 7.837473313488014526e+01 9.091497003376941777e+00
7.694402225003005746e+00 7.694402225003005746e+00 7.694402225003005746e+00 7.694402225003005746e+00 7.694402225003005746e+00 7.694402225003005746e+00 7.694402225003005746e+00 2.361227093351118356e+01 7.158413922339913427e+01 1.074477675067897735e+02 6.737460861218409036e+01 2.413837923875414404e+01
7.694402225003005746e+00 7.694402225003005746e+00 7.694402225003005746e+00 7.694402225003005746e+00 7.694402225003005746e+00 7.694402225003005746e+00 7.694402225003005746e+00 2.361227093351118356e+01 3.347270158811765839e+01 6.820891709417075788e+01 2.863097237123373517e+01 9.091497003376941777e+00
7.694402225003005746e+00 7.694402225003005746e+00 7.694402225003005746e+00 7.694402225003005746e+00 7.694402225003005746e+00 7.694402225003005746e+00 7.694402225003005746e+00 2.361227093351118356e+01 3.194659485777372154e+01 3.413842425260013158e+01 2.817353932862070209e+01 8.049085437754271766e+00
7.694402225003005746e+00 7.694402225003005746e+00 7.694402225003005746e+00 7.694402225003005746e+00 7.694402225003005746e+00 8.126571940643303904e+00 2.361227093351118356e+01 2.361227093351118356e+01 4.469520653608214644e+01 2.817353932862070209e+01 2.413837923875414404e+01 8.049085437754271766e+00
7.694402225003005746e+00 7.694402225003005746e+00 7.694402225003005746e+00 7.694402225003005746e+00 7.694402225003005746e+00 8.126571940643303904e+00 1.279197297746789630e+01 3.347270158811765839e+01 1.060915613229050365e+02 2.817353932862070209e+01 9.091497003376941777e+00 8.049085437754271766e+00
7.694402225003005746e+00 7.694402225003005746e+00 7.694402225003005746e+00 7.694402225003005746e+00 8.126571940643303904e+00 2.361227093351118356e+01 3.347270158811765839e+01 4.469520653608214644e+01 2.817353932862070209e+01 2.413837923875414404e+01 9.091497003376941777e+00 8.049085437754271766e+00
