5.686671774346709896e+01 6.596536221825826374e+01 6.969605555812933062e+01 7.928996212019303869e+01 8.140974319269946591e+01 8.140974319269946591e+01 7.887598579214521521e+01 7.887598579214521521e+01 8.928346403709338119e+01 8.928346403709338119e+01 7.887598579214521521e+01 7.786599568162570506e+01
6.596536221825826374e+01 6.969605555812933062e+01 7.002366247735047011e+01 7.053251726320986847e+01 7.053251726320986847e+01 7.053251726320986847e+01 7.053251726320986847e+01 7.053251726320986847e+01 7.053251726320986847e+01 7.053251726320986847e+01 7.053251726320986847e+01 7.887598579214521521e+01
6.969605555812933062e+01 7.002366247735047011e+01 6.813032424320374503e+01 6.371811839439466496e+01 6.371811839439466496e+01 5.560607733891615112e+01 5.711962529293791135e+01 5.711962529293791135e+01 5.711962529293791135e+01 5.711962529293791135e+01 5.711962529293791135e+01 6.395267470967691281e+01
7.503331598223189758e+01 7.269005379866928251e+01 6.424573950564609959e+01 5.560607733891615112e+01 4.632075852021901596e+01 4.307496402586213691e+01 4.307496402586213691e+01 3.504943101771492309e+01 4.307496402586213691e+01 4.307496402586213691e+01 4.515390895432254581e+01 5.368388705265468275e+01
7.269005379866928251e+01 6.424573950564609959e+01 5.217364152756513818e+01 4.632075852021901596e+01 3.504943101771492309e+01 3.504943101771492309e+01 2.854415352633688130e+01 2.854415352633688130e+01 2.854415352633688130e+01 2.854415352633688130e+01 3.899272182660298824e+01 4.991835101234214278e+01
6.813032424320374503e+01 5.705708051850069751e+01 4.632075852021901596e+01 3.566080231195006434e+01 2.398192064176018690e+01 2.398192064176018690e+01 1.838941610221840861e+01 1.838941610221840861e+01 1.838941610221840861e+01 2.798991851775382145e+01 3.343829667768943636e+01 4.856230676342507024e+01
6.371811839439466496e+01 5.217364152756513818e+01 3.566080231195006434e+01 2.398192064176018690e+01 2.398192064176018690e+01 1.838941610221840861e+01 1.838941610221840861e+01 1.838941610221840861e+01 1.838941610221840861e+01 2.779407526930206629e+01 3.817840608946087144e+01 4.856230676342507024e+01
5.507326382206272797e+01 4.658348986788137580e+01 3.566080231195006434e+01 2.398192064176018690e+01 1.838941610221840861e+01 1.838941610221840861e+01 1.838941610221840861e+01 1.838941610221840861e+01 2.798991851775382145e+01 3.481696836518248261e+01 4.539856257514393434e+01 5.686671774346709896e+01
5.507326382206272797e+01 3.641709962658419641e+01 3.321649758927265594e+01 2.502575954874806641e+01 1.838941610221840861e+01 2.644687839870141133e+01 2.644687839870141133e+01 2.644687839870141133e+01 3.481696836518248261e+01 4.539856257514393434e+01 5.686671774346709896e+01 6.969605555812933062e+01
5.507326382206272797e+01 4.658348986788137580e+01 3.836486943179186682e+01 2.973620951286595471e+01 2.973620951286595471e+01 2.973620951286595471e+01 3.481696836518248261e+01 3.836486943179186682e+01 4.539856257514393434e+01 5.686671774346709896e+01 6.596536221825826374e+01 7.928996212019303869e+01
6.173828712707521760e+01 5.358927523271943016e+01 4.577462653868233389e+01 4.577462653868233389e+01 4.577462653868233389e+01 4.577462653868233389e+01 4.577462653868233389e+01 5.477854644961082897e+01 5.950826514525627431e+01 6.969605555812933062e+01 7.928996212019303869e+01 8.140974319269946591e+01
7.503331598223189758e+01 6.173828712707521760e+01 5.477854644961082897e+01 5.477854644961082897e+01 5.477854644961082897e+01 5.477854644961082897e+01 6.596536221825826374e+01 6.969605555812933062e+01 7.688382724973982363e+01 7.928996212019303869e+01 8.140974319269946591e+01 8.504808652153741377e+01
