4.536878684236043568e+01 5.854739857564348426e+01 7.051397537698088058e+01 7.639463222713682455e+01 8.478006016573084480e+01 8.534134566298540392e+01 8.167254986550589990e+01 7.724351472499404281e+01 6.813032424320374503e+01 5.926114933999609491e+01 5.303909124016464460e+01 4.299974034098433862e+01
4.878326750599214279e+01 6.099702625117361521e+01 7.639463222713682455e+01 8.204475887938914980e+01 8.534134566298540392e+01 8.438172563751983546e+01 7.756965622519754788e+01 7.062202232443434013e+01 6.367998695374453177e+01 5.342481271644007279e+01 4.299974034098433862e+01 3.730057418166283156e+01
5.151880657046694978e+01 7.051397537698088058e+01 7.968702237372534114e+01 8.478006016573084480e+01 8.534134566298540392e+01 8.167254986550589990e+01 7.338699728499506136e+01 6.467032828557472612e+01 6.171258800103296949e+01 4.741444057027020165e+01 4.081250121998645852e+01 3.038453429062137090e+01
5.151880657046694978e+01 7.183349700505688418e+01 7.968702237372534114e+01 8.785798223771570292e+01 8.534134566298540392e+01 8.167254986550589990e+01 8.167254986550589990e+01 6.632171078727559177e+01 5.894006631834891863e+01 5.148990972326006244e+01 3.946186353460831242e+01 3.305541092216998322e+01
5.151880657046694978e+01 7.183349700505688418e+01 8.034759564907596996e+01 8.849717380527363275e+01 8.534134566298540392e+01 8.167254986550589990e+01 8.167254986550589990e+01 7.338699728499506136e+01 6.316893926166949313e+01 5.473541717866647360e+01 4.829067236709413891e+01 3.720491210789058556e+01
4.889354916930457051e+01 6.493849192874924370e+01 7.236198258418649232e+01 8.326290503084653949e+01 8.326290503084653949e+01 8.007480788743900746e+01 8.167254986550589990e+01 7.611479048804498859e+01 6.632171078727559177e+01 5.894006631834891863e+01 5.148990972326006244e+01 4.323350910803546299e+01
4.090544483593654945e+01 5.711962529293791135e+01 6.493849192874924370e+01 7.221510105026992221e+01 7.571336926779582654e+01 7.571336926779582654e+01 7.273083817818968555e+01 7.018131092952323513e+01 7.018131092952323513e+01 6.195507873683438049e+01 5.727527014096538949e+01 5.148990972326006244e+01
3.765051573856825229e+01 4.090544483593654945e+01 5.067285172264905668e+01 5.711962529293791135e+01 5.848157346922026534e+01 5.848157346922026534e+01 5.848157346922026534e+01 5.848157346922026534e+01 6.297126641011352177e+01 6.093434986125336650e+01 5.943102239527010511e+01 5.473541717866647360e+01
2.700540334604832182e+01 3.669405609120828160e+01 3.865409277212063444e+01 4.783153245633364747e+01 4.783153245633364747e+01 4.783153245633364747e+01 4.783153245633364747e+01 5.090643034080095930e+01 5.403856927910766927e+01 5.904672905621844592e+01 6.093434986125336650e+01 5.943102239527010511e+01
2.364539583180128091e+01 2.700540334604832182e+01 3.765051573856825229e+01 3.496048762712301539e+01 4.015794064154862042e+01 3.496048762712301539e+01 3.865409277212063444e+01 4.133638029056790231e+01 4.717675826855274579e+01 5.466360103801136461e+01 5.916947834548108887e+01 5.943102239527010511e+01
2.664508220480537659e+01 2.945955525465308966e+01 3.057491765001318740e+01 3.564540723144151002e+01 3.564540723144151002e+01 3.386296791277304408e+01 3.590617562822493625e+01 3.933568003153018822e+01 4.817894845124260428e+01 5.681682827821325787e+01 6.089854107537985328e+01 6.267230349705395298e+01
2.868120308856888911e+01 3.481696836518248261e+01 3.965510059850714697e+01 4.470387767257528111e+01 4.525364905683701977e+01 3.564540723144151002e+01 3.949046602158136210e+01 4.470387767257528111e+01 5.060969889899349283e+01 5.751313949825492244e+01 6.345147741319380685e+01 6.267230349705395298e+01
