1.707077965713867940e+01 2.398460322418382162e+01 2.398460322418382162e+01 3.473321319945969066e+01 4.601827415337172056e+01 4.906788194300532524e+01 5.953409536563984261e+01 6.410029221592702697e+01 6.410029221592702697e+01 6.077982650492648276e+01 6.077982650492648276e+01 6.077982650492648276e+01
1.707077965713867940e+01 2.398460322418382162e+01 3.085440711313393436e+01 3.923556679143840142e+01 4.906788194300532524e+01 5.851233730110615738e+01 6.077982650492648276e+01 6.077982650492648276e+01 6.077982650492648276e+01 5.551833219776816719e+01 5.551833219776816719e+01 4.958249451770877414e+01
2.398460322418382162e+01 2.398460322418382162e+01 3.473321319945969066e+01 4.906788194300532524e+01 4.906788194300532524e+01 5.551833219776816719e+01 5.551833219776816719e+01 4.958249451770877414e+01 4.958249451770877414e+01 4.958249451770877414e+01 4.233557361964443544e+01 4.233557361964443544e+01
2.398460322418382162e+01 3.085440711313393436e+01 4.656964838600103462e+01 5.580145925154280917e+01 5.953409536563984261e+01 5.644613131306081044e+01 4.814100874371418115e+01 4.233557361964443544e+01 3.709627884823320443e+01 3.709627884823320443e+01 3.709627884823320443e+01 3.085440711313393436e+01
2.398460322418382162e+01 3.923556679143840142e+01 4.601827415337172056e+01 5.953409536563984261e+01 6.313460496670779776e+01 5.644613131306081044e+01 4.814100874371418115e+01 3.085440711313393436e+01 3.085440711313393436e+01 2.563962527238431477e+01 2.563962527238431477e+01 1.707077965713867940e+01
3.085440711313393436e+01 4.601827415337172056e+01 5.283280139744052661e+01 6.193563663604987113e+01 6.104884104358354335e+01 4.814100874371418115e+01 4.814100874371418115e+01 3.085440711313393436e+01 2.563962527238431477e+01 1.707077965713867940e+01 1.707077965713867940e+01 1.707077965713867940e+01
3.085440711313393436e+01 4.601827415337172056e+01 5.283280139744052661e+01 6.077982650492648276e+01 6.104884104358354335e+01 4.814100874371418115e+01 3.473321319945969066e+01 2.563962527238431477e+01 1.707077965713867940e+01 1.707077965713867940e+01 1.707077965713867940e+01 1.707077965713867940e+01
3.085440711313393436e+01 3.923556679143840142e+01 4.994304610983320458e+01 5.391979058309460271e+01 5.315647335790061589e+01 4.814100874371418115e+01 3.085440711313393436e+01 2.563962527238431477e+01 1.707077965713867940e+01 1.707077965713867940e+01 1.707077965713867940e+01 1.707077965713867940e+01
3.085440711313393436e+01 3.473321319945969066e+01 3.923556679143840142e+01 4.994304610983320458e+01 4.958249451770877414e+01 4.374186542879866835e+01 3.085440711313393436e+01 2.563962527238431477e+01 1.707077965713867940e+01 1.707077965713867940e+01 1.707077965713867940e+01 1.707077965713867940e+01
2.563962527238431477e+01 3.085440711313393436e+01 3.709627884823320443e+01 4.233557361964443544e+01 4.233557361964443544e+01 4.233557361964443544e+01 3.085440711313393436e+01 2.563962527238431477e+01 1.707077965713867940e+01 1.707077965713867940e+01 1.707077965713867940e+01 1.707077965713867940e+01
2.563962527238431477e+01 3.085440711313393436e+01 3.473321319945969066e+01 4.374186542879866835e+01 4.374186542879866835e+01 3.473321319945969066e+01 3.085440711313393436e+01 2.563962527238431477e+01 1.707077965713867940e+01 1.707077965713867940e+01 1.707077965713867940e+01 1.707077965713867940e+01
2.398460322418382162e+01 3.473321319945969066e+01 4.374186542879866835e+01 4.374186542879866835e+01 4.374186542879866835e+01 4.374186542879866835e+01 3.085440711313393436e+01 2.563962527238431477e+01 1.707077965713867940e+01 1.707077965713867940e+01 1.707077965713867940e+01 1.707077965713867940e+01
