3.251562871492648554e+01 3.964906110808343698e+01 4.616761413559992633e+01 4.852629074853266644e+01 4.574278886668840016e+01 3.721564601833486563e+01 2.968133496981362640e+01 3.024768887955564622e+01 3.251562871492648554e+01 4.006161956688875136e+01 5.105824865792713041e+01 5.907899096831540220e+01
4.006161956688875136e+01 5.051294007849060108e+01 5.226897657588315838e+01 5.323882368173078561e+01 4.876599497763286450e+01 4.097643730166834786e+01 3.335882207380652176e+01 3.359865443472386204e+01 3.964906110808343698e+01 4.556539830053961282e+01 5.525595712914040547e+01 5.788906085494915743e+01
5.051294007849060108e+01 5.563812749469330043e+01 5.946334378746647786e+01 5.730557069747308674e+01 4.876599497763286450e+01 4.097643730166834786e+01 3.529265171380423993e+01 3.682506665589057349e+01 4.556539830053961282e+01 5.105824865792713041e+01 5.907899096831540220e+01 6.201866332236667034e+01
5.755936441255986580e+01 6.308158309388560525e+01 6.267230349705395298e+01 5.730557069747308674e+01 4.876599497763286450e+01 4.425920647553064669e+01 3.946214891578942741e+01 4.469728523014272525e+01 5.105824865792713041e+01 5.907899096831540220e+01 6.308158309388560525e+01 6.171258800103296949e+01
6.587788884846236215e+01 6.896918360328105280e+01 6.896918360328105280e+01 5.894096367494596933e+01 5.148990972326006244e+01 4.925790316380647482e+01 4.925790316380647482e+01 5.051294007849060108e+01 6.009300411825581278e+01 6.587788884846236215e+01 6.568382321319042205e+01 5.730557069747308674e+01
7.482826328695676921e+01 7.739461633168889421e+01 7.499151470557747245e+01 6.955444639669556750e+01 5.694382099162574917e+01 5.770890268865769457e+01 5.770890268865769457e+01 6.490147325206291384e+01 7.122241315707665876e+01 6.966582699398171030e+01 6.854611084865500459e+01 6.011441253073452629e+01
7.955423121947319487e+01 8.391929899868773646e+01 8.032110749804030547e+01 7.499151470557747245e+01 7.302266727263359769e+01 7.282661912448855901e+01 7.302266727263359769e+01 7.482826328695676921e+01 7.739461633168889421e+01 7.677998442030941817e+01 7.104005079584885607e+01 5.598751979835704873e+01
8.070309043677229965e+01 8.689313011570033041e+01 8.663067577485296056e+01 8.663067577485296056e+01 8.652233649086208800e+01 8.652233649086208800e+01 8.652233649086208800e+01 8.652233649086208800e+01 8.358614718255192599e+01 7.972947746220704346e+01 6.712424775122084952e+01 5.171082684181861566e+01
7.651103745414278023e+01 8.369354371675677839e+01 8.844742592719677532e+01 8.844742592719677532e+01 9.329786132283750533e+01 9.329786132283750533e+01 9.458959890646723068e+01 9.458959890646723068e+01 8.506727110608133557e+01 7.467870601435009803e+01 6.469048089731431617e+01 4.802167056231006370e+01
6.493849192874924370e+01 7.881201085977887999e+01 7.730824544109572116e+01 8.658706183931904832e+01 8.844742592719677532e+01 9.219523213231408931e+01 9.426562279903292563e+01 9.199267102782009431e+01 8.117496038373560907e+01 6.604795708957084344e+01 5.562213312643165608e+01 3.883784557434246665e+01
5.308157175960228358e+01 5.711962529293791135e+01 6.493849192874924370e+01 7.651103745414278023e+01 8.658706183931904832e+01 8.844742592719677532e+01 8.527589773217691516e+01 8.187717542363429857e+01 6.937449531109822942e+01 5.705708051850069751e+01 4.347099736226969924e+01 3.207187920435768547e+01
3.669405609120828160e+01 4.299238102049881149e+01 5.404553933949854638e+01 6.340096447066701302e+01 7.651103745414278023e+01 7.730824544109572116e+01 8.008616721344615996e+01 7.418027901231675969e+01 5.673943157529225800e+01 4.802167056231006370e+01 3.508184169716788858e+01 2.267342249840550394e+01
