1.224119483374624728e+01 1.224119483374624728e+01 1.224119483374624728e+01 1.224119483374624728e+01 1.224119483374624728e+01 1.224119483374624728e+01 1.224119483374624728e+01 1.224119483374624728e+01 1.224119483374624728e+01 6.955112299068901827e+00 6.955112299068901827e+00 6.955112299068901827e+00
1.224119483374624728e+01 1.224119483374624728e+01 1.224119483374624728e+01 1.224119483374624728e+01 1.224119483374624728e+01 1.224119483374624728e+01 1.224119483374624728e+01 1.224119483374624728e+01 6.955112299068901827e+00 6.955112299068901827e+00 6.955112299068901827e+00 6.955112299068901827e+00
1.224119483374624728e+01 1.224119483374624728e+01 1.224119483374624728e+01 1.224119483374624728e+01 1.224119483374624728e+01 1.224119483374624728e+01 1.224119483374624728e+01 1.224119483374624728e+01 6.955112299068901827e+00 7.477467373922367599e+00 6.955112299068901827e+00 6.955112299068901827e+00
1.224119483374624728e+01 1.224119483374624728e+01 1.224119483374624728e+01 1.224119483374624728e+01 1.224119483374624728e+01 1.224119483374624728e+01 6.955112299068901827e+00 6.955112299068901827e+00 7.477467373922367599e+00 6.955112299068901827e+00 6.955112299068901827e+00 6.955112299068901827e+00
1.224119483374624728e+01 1.224119483374624728e+01 1.224119483374624728e+01 1.224119483374624728e+01 1.224119483374624728e+01 1.224119483374624728e+01 6.955112299068901827e+00 6.955112299068901827e+00 7.477467373922367599e+00 6.955112299068901827e+00 6.955112299068901827e+00 6.955112299068901827e+00
1.224119483374624728e+01 1.224119483374624728e+01 1.224119483374624728e+01 1.224119483374624728e+01 6.955112299068901827e+00 6.955112299068901827e+00 7.477467373922367599e+00 6.955112299068901827e+00 6.955112299068901827e+00 6.955112299068901827e+00 6.955112299068901827e+00 6.955112299068901827e+00
6.955112299068901827e+00 6.955112299068901827e+00 1.191186873009138836e+01 1.191186873009138836e+01 6.955112299068901827e+00 6.955112299068901827e+00 7.477467373922367599e+00 7.477467373922367599e+00 6.955112299068901827e+00 6.955112299068901827e+00 6.955112299068901827e+00 1.224119483374624728e+01
6.955112299068901827e+00 6.955112299068901827e+00 6.955112299068901827e+00 6.955112299068901827e+00 6.955112299068901827e+00 6.955112299068901827e+00 6.955112299068901827e+00 6.955112299068901827e+00 6.955112299068901827e+00 6.955112299068901827e+00 1.191186873009138836e+01 1.224119483374624728e+01
7.477467373922367599e+00 6.955112299068901827e+00 6.955112299068901827e+00 6.955112299068901827e+00 6.955112299068901827e+00 6.955112299068901827e+00 6.955112299068901827e+00 6.955112299068901827e+00 6.955112299068901827e+00 6.955112299068901827e+00 1.224119483374624728e+01 1.224119483374624728e+01
7.477467373922367599e+00 6.955112299068901827e+00 6.955112299068901827e+00 6.955112299068901827e+00 6.955112299068901827e+00 6.955112299068901827e+00 6.955112299068901827e+00 6.955112299068901827e+00 1.224119483374624728e+01 1.224119483374624728e+01 1.224119483374624728e+01 1.224119483374624728e+01
7.477467373922367599e+00 7.742900457743663978e+00 6.955112299068901827e+00 6.955112299068901827e+00 6.955112299068901827e+00 1.191186873009138836e+01 1.191186873009138836e+01 1.191186873009138836e+01 1.224119483374624728e+01 1.224119483374624728e+01 1.224119483374624728e+01 1.224119483374624728e+01
7.477467373922367599e+00 6.955112299068901827e+00 6.955112299068901827e+00 1.191186873009138836e+01 1.191186873009138836e+01 1.224119483374624728e+01 1.224119483374624728e+01 1.224119483374624728e+01 1.224119483374624728e+01 1.224119483374624728e+01 1.224119483374624728e+01 1.224119483374624728e+01
