1.788227161546382860e+01 2.496281357383018928e+01 2.617698005907223902e+01 3.010112852339369027e+01 3.981663345573328172e+01 4.991835101234214278e+01 5.450885437087267604e+01 5.652514223183297304e+01 5.652514223183297304e+01 5.652514223183297304e+01 5.652514223183297304e+01 5.782006948778353461e+01
1.788227161546382860e+01 2.617698005907223902e+01 2.617698005907223902e+01 3.010112852339369027e+01 3.899272182660298824e+01 4.211746859841566959e+01 4.998008875606982571e+01 4.950595513617062693e+01 4.950595513617062693e+01 4.950595513617062693e+01 4.950595513617062693e+01 4.950595513617062693e+01
2.617698005907223902e+01 2.617698005907223902e+01 2.798991851775382145e+01 3.010112852339369027e+01 3.010112852339369027e+01 3.446593347902009441e+01 3.697062495107234525e+01 3.697062495107234525e+01 3.697062495107234525e+01 3.697062495107234525e+01 3.697062495107234525e+01 3.697062495107234525e+01
2.798991851775382145e+01 3.351190425285216179e+01 3.171090250758802753e+01 3.171090250758802753e+01 3.010112852339369027e+01 3.010112852339369027e+01 2.496281357383018928e+01 2.854415352633688130e+01 2.404684110297383981e+01 2.404684110297383981e+01 2.854415352633688130e+01 2.854415352633688130e+01
3.817840608946087144e+01 4.079538053267593511e+01 3.956052707406761471e+01 3.956052707406761471e+01 2.496281357383018928e+01 2.496281357383018928e+01 2.404684110297383981e+01 1.788227161546382860e+01 1.788227161546382860e+01 1.788227161546382860e+01 1.788227161546382860e+01 1.788227161546382860e+01
4.539314567367179620e+01 5.583933551893969138e+01 5.233352663699781715e+01 4.417636799261435243e+01 3.956052707406761471e+01 2.496281357383018928e+01 2.404684110297383981e+01 1.788227161546382860e+01 1.788227161546382860e+01 1.788227161546382860e+01 1.788227161546382860e+01 1.788227161546382860e+01
5.151880657046694978e+01 5.751043770644318442e+01 6.195226394476708265e+01 5.894006631834891863e+01 5.233352663699781715e+01 3.956052707406761471e+01 2.496281357383018928e+01 1.788227161546382860e+01 1.788227161546382860e+01 1.788227161546382860e+01 1.788227161546382860e+01 1.788227161546382860e+01
4.852733141562893593e+01 6.446372933080759537e+01 6.195226394476708265e+01 5.894006631834891863e+01 5.894006631834891863e+01 4.417636799261435243e+01 3.956052707406761471e+01 2.496281357383018928e+01 1.788227161546382860e+01 1.788227161546382860e+01 1.788227161546382860e+01 1.788227161546382860e+01
4.852733141562893593e+01 6.253650622263061365e+01 6.883638866507368448e+01 6.883638866507368448e+01 6.173828712707521760e+01 5.233352663699781715e+01 4.417636799261435243e+01 3.956052707406761471e+01 2.496281357383018928e+01 1.788227161546382860e+01 1.788227161546382860e+01 1.788227161546382860e+01
3.981663345573328172e+01 5.450885437087267604e+01 6.022244671959694529e+01 7.017352270485280030e+01 6.195226394476708265e+01 6.195226394476708265e+01 5.233352663699781715e+01 4.417636799261435243e+01 3.956052707406761471e+01 2.496281357383018928e+01 1.788227161546382860e+01 1.788227161546382860e+01
3.010112852339369027e+01 3.981663345573328172e+01 5.450885437087267604e+01 5.911699695666805354e+01 6.123786939018494735e+01 6.195226394476708265e+01 6.195226394476708265e+01 5.233352663699781715e+01 4.417636799261435243e+01 3.956052707406761471e+01 2.404684110297383981e+01 1.788227161546382860e+01
2.617698005907223902e+01 3.899272182660298824e+01 4.666032227087453776e+01 4.998008875606982571e+01 5.911699695666805354e+01 6.123786939018494735e+01 6.195226394476708265e+01 5.894006631834891863e+01 5.233352663699781715e+01 3.956052707406761471e+01 2.496281357383018928e+01 2.404684110297383981e+01
