2.297550810085526862e+01 1.174959464471530168e+01 8.084367777206909977e+01 6.727672718265750973e+01 2.459424308845498786e+01 8.149988385356344622e+00 7.606950339593868016e+00 5.664512726056879721e+00 2.506933514910707927e+00 2.506933514910707927e+00 2.506933514910707927e+00 2.506933514910707927e+00
1.249778021333958478e+01 1.001417430749250315e+01 4.307994949171992261e+01 3.183629350429620786e+01 7.214297455841665041e+00 2.439215965043865708e+01 2.356590675799429491e+01 7.447636573346548161e+00 7.742900457743663978e+00 5.664512726056879721e+00 2.506933514910707927e+00 2.506933514910707927e+00
3.886308047009616740e+00 3.886308047009616740e+00 3.886308047009616740e+00 3.886308047009616740e+00 3.886308047009616740e+00 7.763968444759551168e+00 7.528913734535680469e+00 8.138689848105396862e+00 2.297550810085526862e+01 5.664512726056879721e+00 2.506933514910707927e+00 2.506933514910707927e+00
2.506933514910707927e+00 2.506933514910707927e+00 2.506933514910707927e+00 2.506933514910707927e+00 2.506933514910707927e+00 3.886308047009616740e+00 3.886308047009616740e+00 1.063800613908405168e+01 2.437467932300484108e+01 5.430361598384796906e+01 5.664512726056879721e+00 2.506933514910707927e+00
2.506933514910707927e+00 2.506933514910707927e+00 2.506933514910707927e+00 2.506933514910707927e+00 2.506933514910707927e+00 2.506933514910707927e+00 2.506933514910707927e+00 2.437467932300484108e+01 2.437467932300484108e+01 1.121307007371768805e+02 3.272632535490692618e+01 2.506933514910707927e+00
2.506933514910707927e+00 2.506933514910707927e+00 2.506933514910707927e+00 2.506933514910707927e+00 2.506933514910707927e+00 2.506933514910707927e+00 2.506933514910707927e+00 2.437467932300484108e+01 8.917530322872313775e+01 1.074477675067897735e+02 5.779194194981257482e+01 3.143395364810553261e+01
2.506933514910707927e+00 2.506933514910707927e+00 2.506933514910707927e+00 2.506933514910707927e+00 2.506933514910707927e+00 2.506933514910707927e+00 2.506933514910707927e+00 6.769710062201937717e+00 6.908868008325427468e+01 1.074477675067897735e+02 5.779194194981257482e+01 3.143395364810553261e+01
2.506933514910707927e+00 2.506933514910707927e+00 2.506933514910707927e+00 2.506933514910707927e+00 2.506933514910707927e+00 2.506933514910707927e+00 3.886308047009616740e+00 9.096741832559303020e+00 3.059761202322461671e+01 2.437467932300484108e+01 5.664512726056879721e+00 2.506933514910707927e+00
2.506933514910707927e+00 2.506933514910707927e+00 2.506933514910707927e+00 2.506933514910707927e+00 2.506933514910707927e+00 2.506933514910707927e+00 3.886308047009616740e+00 3.966113164485717046e+00 7.043918775562349133e+00 1.297167193660069451e+01 5.664512726056879721e+00 2.506933514910707927e+00
2.506933514910707927e+00 2.506933514910707927e+00 2.506933514910707927e+00 2.506933514910707927e+00 2.506933514910707927e+00 2.506933514910707927e+00 2.506933514910707927e+00 5.317187954358561619e+00 1.174959464471530168e+01 5.664512726056879721e+00 5.664512726056879721e+00 2.506933514910707927e+00
2.506933514910707927e+00 2.506933514910707927e+00 2.506933514910707927e+00 2.506933514910707927e+00 2.506933514910707927e+00 2.506933514910707927e+00 2.506933514910707927e+00 2.437467932300484108e+01 2.437467932300484108e+01 4.307994949171992261e+01 5.664512726056879721e+00 2.506933514910707927e+00
2.506933514910707927e+00 2.506933514910707927e+00 2.506933514910707927e+00 2.506933514910707927e+00 2.506933514910707927e+00 2.506933514910707927e+00 2.506933514910707927e+00 3.059761202322461671e+01 2.437467932300484108e+01 2.356590675799429491e+01 5.664512726056879721e+00 2.506933514910707927e+00
