2.047764218960006044e+00 2.047764218960006044e+00 2.047764218960006044e+00 2.047764218960006044e+00 2.047764218960006044e+00 2.047764218960006044e+00 2.047764218960006044e+00 2.047764218960006044e+00 2.047764218960006044e+00 2.047764218960006044e+00 2.047764218960006044e+00 2.047764218960006044e+00
2.047764218960006044e+00 3.023971039040359798e+00 3.023971039040359798e+00 2.506933514910707927e+00 2.047764218960006044e+00 2.047764218960006044e+00 2.047764218960006044e+00 2.047764218960006044e+00 2.047764218960006044e+00 2.047764218960006044e+00 2.047764218960006044e+00 2.047764218960006044e+00
2.047764218960006044e+00 2.047764218960006044e+00 2.506933514910707927e+00 2.047764218960006044e+00 2.047764218960006044e+00 2.047764218960006044e+00 2.047764218960006044e+00 2.047764218960006044e+00 2.047764218960006044e+00 2.047764218960006044e+00 2.047764218960006044e+00 2.047764218960006044e+00
2.047764218960006044e+00 3.447936369304078763e+00 5.200685616230184216e+00 4.775857366428027717e+00 2.506933514910707927e+00 2.047764218960006044e+00 2.047764218960006044e+00 2.047764218960006044e+00 2.047764218960006044e+00 2.047764218960006044e+00 2.047764218960006044e+00 2.047764218960006044e+00
2.047764218960006044e+00 3.023971039040359798e+00 4.551936283611179412e+00 3.272632535490692618e+01 2.506933514910707927e+00 2.047764218960006044e+00 2.047764218960006044e+00 2.047764218960006044e+00 2.047764218960006044e+00 2.047764218960006044e+00 2.047764218960006044e+00 2.047764218960006044e+00
3.023971039040359798e+00 4.551936283611179412e+00 7.163219647323910522e+01 4.105786264489479720e+01 1.345976795187939423e+01 2.047764218960006044e+00 2.047764218960006044e+00 2.506933514910707927e+00 3.023971039040359798e+00 3.023971039040359798e+00 3.023971039040359798e+00 2.506933514910707927e+00
4.551936283611179412e+00 9.144209469605716833e+01 1.074477675067897735e+02 9.729476036606865819e+01 1.738986563857545420e+01 1.356244047002934217e+01 3.023971039040359798e+00 3.023971039040359798e+00 4.093817963134079463e+01 7.886438600340683536e+01 3.272632535490692618e+01 1.738986563857545420e+01
4.551936283611179412e+00 1.175166390613058240e+02 1.347779261112866038e+02 1.226420876344610917e+02 3.272632535490692618e+01 7.119052545531275200e+00 7.019466426469369580e+00 1.175166390613058240e+02 1.057701842532169110e+02 1.546324198144190518e+02 1.526959829092585323e+02 3.272632535490692618e+01
9.144209469605716833e+01 1.548294108410530612e+02 1.578769848609821622e+02 1.578769848609821622e+02 1.226420876344610917e+02 1.057701842532169110e+02 1.175166390613058240e+02 1.546324198144190518e+02 1.548294108410530612e+02 1.542335346827589433e+02 1.578769848609821622e+02 7.923898678437181786e+01
9.144209469605716833e+01 1.567158272278672086e+02 1.578769848609821622e+02 1.578769848609821622e+02 1.578769848609821622e+02 1.451333838055429055e+02 1.542335346827589433e+02 1.542335346827589433e+02 1.567158272278672086e+02 1.567158272278672086e+02 1.157497301897340805e+02 7.447636573346548161e+00
9.292946367585959422e+01 1.567158272278672086e+02 1.578769848609821622e+02 1.578769848609821622e+02 1.578769848609821622e+02 1.578769848609821622e+02 1.322291802286840436e+02 1.283686883547385662e+02 1.407136839208731089e+02 1.283686883547385662e+02 5.430361598384796906e+01 8.569364016412325924e+00
6.657127548360994851e+00 1.105739515739120833e+02 1.407136839208731089e+02 1.407136839208731089e+02 1.105739515739120833e+02 7.507787394281540116e+01 4.595090070281021610e+01 4.595090070281021610e+01 4.595090070281021610e+01 4.690857195684729675e+01 3.375630560173264172e+01 2.047764218960006044e+00
