2.506933514910707927e+00 2.506933514910707927e+00 2.506933514910707927e+00 2.506933514910707927e+00 2.506933514910707927e+00 2.506933514910707927e+00 2.506933514910707927e+00 2.506933514910707927e+00 3.023971039040359798e+00 2.506933514910707927e+00 2.506933514910707927e+00 2.506933514910707927e+00
2.506933514910707927e+00 2.506933514910707927e+00 2.506933514910707927e+00 2.506933514910707927e+00 2.506933514910707927e+00 2.506933514910707927e+00 2.506933514910707927e+00 3.023971039040359798e+00 3.023971039040359798e+00 2.506933514910707927e+00 2.506933514910707927e+00 2.506933514910707927e+00
2.506933514910707927e+00 2.506933514910707927e+00 2.506933514910707927e+00 2.506933514910707927e+00 2.506933514910707927e+00 2.506933514910707927e+00 2.506933514910707927e+00 2.506933514910707927e+00 3.023971039040359798e+00 2.506933514910707927e+00 2.506933514910707927e+00 2.506933514910707927e+00
2.506933514910707927e+00 2.506933514910707927e+00 2.506933514910707927e+00 2.506933514910707927e+00 2.506933514910707927e+00 2.506933514910707927e+00 2.506933514910707927e+00 2.506933514910707927e+00 2.506933514910707927e+00 2.506933514910707927e+00 2.506933514910707927e+00 2.506933514910707927e+00
2.506933514910707927e+00 2.506933514910707927e+00 2.506933514910707927e+00 2.506933514910707927e+00 2.506933514910707927e+00 2.506933514910707927e+00 2.506933514910707927e+00 2.506933514910707927e+00 2.506933514910707927e+00 2.506933514910707927e+00 2.506933514910707927e+00 2.506933514910707927e+00
2.506933514910707927e+00 2.506933514910707927e+00 2.506933514910707927e+00 2.506933514910707927e+00 2.506933514910707927e+00 2.506933514910707927e+00 2.506933514910707927e+00 2.506933514910707927e+00 2.506933514910707927e+00 2.506933514910707927e+00 2.506933514910707927e+00 2.506933514910707927e+00
2.506933514910707927e+00 2.506933514910707927e+00 2.506933514910707927e+00 2.506933514910707927e+00 2.506933514910707927e+00 2.506933514910707927e+00 2.506933514910707927e+00 2.506933514910707927e+00 2.506933514910707927e+00 2.506933514910707927e+00 2.506933514910707927e+00 2.506933514910707927e+00
2.506933514910707927e+00 2.506933514910707927e+00 2.506933514910707927e+00 2.506933514910707927e+00 2.506933514910707927e+00 2.506933514910707927e+00 2.506933514910707927e+00 2.506933514910707927e+00 2.506933514910707927e+00 2.506933514910707927e+00 2.506933514910707927e+00 2.506933514910707927e+00
2.506933514910707927e+00 2.506933514910707927e+00 2.506933514910707927e+00 2.506933514910707927e+00 2.506933514910707927e+00 2.506933514910707927e+00 2.506933514910707927e+00 2.506933514910707927e+00 2.506933514910707927e+00 2.506933514910707927e+00 2.506933514910707927e+00 2.506933514910707927e+00
2.506933514910707927e+00 2.506933514910707927e+00 2.506933514910707927e+00 2.506933514910707927e+00 2.506933514910707927e+00 2.506933514910707927e+00 2.506933514910707927e+00 2.506933514910707927e+00 2.506933514910707927e+00 2.506933514910707927e+00 2.506933514910707927e+00 2.506933514910707927e+00
2.506933514910707927e+00 2.506933514910707927e+00 2.506933514910707927e+00 2.506933514910707927e+00 3.023971039040359798e+00 2.506933514910707927e+00 2.506933514910707927e+00 2.506933514910707927e+00 2.506933514910707927e+00 2.506933514910707927e+00 2.506933514910707927e+00 2.506933514910707927e+00
2.506933514910707927e+00 2.506933514910707927e+00 2.506933514910707927e+00 2.506933514910707927e+00 2.506933514910707927e+00 2.506933514910707927e+00 2.506933514910707927e+00 2.506933514910707927e+00 2.506933514910707927e+00 2.506933514910707927e+00 2.506933514910707927e+00 2.506933514910707927e+00
