7.686612625857230796e+01 7.686612625857230796e+01 7.686612625857230796e+01 6.953747442267365386e+01 6.105806883742457103e+01 4.896478106824316967e+01 6.032982387473056463e+01 7.232901798624783396e+01 0.000000000000000000e+00 0.000000000000000000e+00 6.928048955538196196e+01 6.260169821702842796e+01
7.686612625857230796e+01 0.000000000000000000e+00 7.686612625857230796e+01 7.686612625857230796e+01 7.026083907636537162e+01 6.195765511582224860e+01 6.623926377958713374e+01 7.686612625857230796e+01 0.000000000000000000e+00 0.000000000000000000e+00 0.000000000000000000e+00 6.578970942715562842e+01
7.686612625857230796e+01 0.000000000000000000e+00 7.686612625857230796e+01 7.232901798624783396e+01 5.714943606636850859e+01 5.714943606636850859e+01 7.686612625857230796e+01 7.686612625857230796e+01 7.686612625857230796e+01 7.686612625857230796e+01 7.686612625857230796e+01 6.928048955538196196e+01
6.105806883742457103e+01 6.879056760983785068e+01 7.026083907636537162e+01 7.026083907636537162e+01 7.026083907636537162e+01 7.686612625857230796e+01 0.000000000000000000e+00 7.686612625857230796e+01 6.578970942715562842e+01 6.879056760983785068e+01 7.686612625857230796e+01 7.686612625857230796e+01
4.896478106824316967e+01 4.958249451770877414e+01 5.268713862466373143e+01 5.268713862466373143e+01 5.268713862466373143e+01 6.032982387473056463e+01 7.686612625857230796e+01 7.686612625857230796e+01 6.260169821702842796e+01 6.623926377958713374e+01 7.686612625857230796e+01 7.686612625857230796e+01
3.523509743828698504e+01 3.619790865877982355e+01 3.726235222858095852e+01 4.185045616307042593e+01 4.185045616307042593e+01 5.385584173308615874e+01 6.623926377958713374e+01 7.686612625857230796e+01 7.686612625857230796e+01 0.000000000000000000e+00 7.686612625857230796e+01 6.928048955538196196e+01
2.507074481274444011e+01 2.507074481274444011e+01 2.578750168331284698e+01 3.057490976103734326e+01 3.437161461059538681e+01 4.601827415337172056e+01 6.623926377958713374e+01 7.686612625857230796e+01 0.000000000000000000e+00 0.000000000000000000e+00 0.000000000000000000e+00 6.928048955538196196e+01
1.618593477443803508e+01 1.618593477443803508e+01 1.618593477443803508e+01 2.578750168331284698e+01 3.437161461059538681e+01 4.601827415337172056e+01 5.714943606636850859e+01 7.686612625857230796e+01 0.000000000000000000e+00 0.000000000000000000e+00 7.686612625857230796e+01 6.578970942715562842e+01
1.618593477443803508e+01 1.618593477443803508e+01 1.618593477443803508e+01 2.578750168331284698e+01 3.437161461059538681e+01 5.714943606636850859e+01 6.623926377958713374e+01 7.686612625857230796e+01 0.000000000000000000e+00 0.000000000000000000e+00 7.686612625857230796e+01 6.260169821702842796e+01
1.618593477443803508e+01 1.618593477443803508e+01 2.578750168331284698e+01 3.057490976103734326e+01 4.601827415337172056e+01 5.714943606636850859e+01 7.232901798624783396e+01 0.000000000000000000e+00 0.000000000000000000e+00 0.000000000000000000e+00 6.928048955538196196e+01 5.560607733891615112e+01
1.618593477443803508e+01 1.618593477443803508e+01 2.578750168331284698e+01 3.437161461059538681e+01 4.601827415337172056e+01 6.623926377958713374e+01 7.686612625857230796e+01 0.000000000000000000e+00 0.000000000000000000e+00 7.686612625857230796e+01 6.578970942715562842e+01 5.268713862466373143e+01
1.618593477443803508e+01 1.618593477443803508e+01 2.578750168331284698e+01 3.437161461059538681e+01 5.714943606636850859e+01 6.623926377958713374e+01 0.000000000000000000e+00 0.000000000000000000e+00 0.000000000000000000e+00 6.928048955538196196e+01 5.560607733891615112e+01 4.185045616307042593e+01
