5.832899138032122721e+01 7.380270671017544259e+01 8.107069767414287753e+01 8.777581317016165485e+01 9.124093150249436235e+01 9.774783888997301062e+01 9.774783888997301062e+01 9.774783888997301062e+01 9.271675652673528134e+01 7.908175668561085558e+01 6.101112485141923969e+01 4.829067236709413891e+01
7.051397537698088058e+01 8.372192601731197215e+01 9.471764847331013470e+01 9.774783888997301062e+01 0.000000000000000000e+00 9.774783888997301062e+01 9.774783888997301062e+01 9.774783888997301062e+01 9.774783888997301062e+01 8.407338509668483084e+01 7.439935759613845789e+01 4.829067236709413891e+01
7.929749168285513861e+01 8.970036665073725146e+01 9.774783888997301062e+01 0.000000000000000000e+00 0.000000000000000000e+00 9.774783888997301062e+01 9.774783888997301062e+01 9.774783888997301062e+01 9.774783888997301062e+01 9.271675652673528134e+01 7.439935759613845789e+01 5.284887794812052420e+01
8.185449335541663629e+01 9.083095340631227543e+01 0.000000000000000000e+00 0.000000000000000000e+00 0.000000000000000000e+00 9.774783888997301062e+01 9.774783888997301062e+01 9.774783888997301062e+01 9.774783888997301062e+01 8.821821055611071927e+01 6.936951344301117217e+01 4.974200754740568442e+01
8.185449335541663629e+01 9.083095340631227543e+01 0.000000000000000000e+00 0.000000000000000000e+00 0.000000000000000000e+00 9.324847693002391225e+01 9.359313468467377106e+01 9.774783888997301062e+01 9.359313468467377106e+01 8.407338509668483084e+01 6.578970942715562842e+01 4.773870432357478677e+01
7.196105310063518345e+01 9.083095340631227543e+01 9.774783888997301062e+01 0.000000000000000000e+00 9.774783888997301062e+01 9.201667625513393034e+01 8.855194303762979757e+01 9.083095340631227543e+01 9.050098860574672699e+01 8.189267578498896683e+01 6.452515650554961724e+01 4.829067236709413891e+01
6.493849192874924370e+01 7.879724361015857426e+01 9.083095340631227543e+01 9.774783888997301062e+01 9.271675652673528134e+01 9.124093150249436235e+01 9.124093150249436235e+01 9.124093150249436235e+01 9.271675652673528134e+01 8.189267578498896683e+01 6.452515650554961724e+01 4.166265844612328806e+01
5.263850555655271535e+01 6.339549517946689861e+01 7.387141398945540516e+01 8.855194303762979757e+01 9.083095340631227543e+01 9.774783888997301062e+01 9.774783888997301062e+01 9.774783888997301062e+01 9.271675652673528134e+01 8.189267578498896683e+01 6.101112485141923969e+01 4.166265844612328806e+01
3.669405609120828160e+01 4.777361737057705682e+01 5.711962529293791135e+01 7.057266887019838464e+01 7.879724361015857426e+01 9.083095340631227543e+01 9.774783888997301062e+01 9.774783888997301062e+01 9.271675652673528134e+01 8.189267578498896683e+01 6.101112485141923969e+01 4.166265844612328806e+01
2.700540334604832182e+01 3.669405609120828160e+01 4.299681428048553045e+01 5.334756912208908375e+01 6.493849192874924370e+01 8.185449335541663629e+01 9.083095340631227543e+01 9.774783888997301062e+01 9.271675652673528134e+01 7.908175668561085558e+01 6.101112485141923969e+01 4.166265844612328806e+01
2.064734101054705206e+01 2.700540334604832182e+01 3.412562547831331727e+01 4.144166475204661282e+01 5.334756912208908375e+01 6.703084026210852642e+01 9.083095340631227543e+01 9.083095340631227543e+01 9.271675652673528134e+01 7.908175668561085558e+01 6.101112485141923969e+01 4.166265844612328806e+01
1.156342315967288847e+01 1.558742555437012811e+01 2.700540334604832182e+01 3.412562547831331727e+01 4.144166475204661282e+01 6.257732656461650578e+01 7.630670758123625319e+01 9.083095340631227543e+01 9.271675652673528134e+01 8.065153427276683828e+01 6.101112485141923969e+01 4.166265844612328806e+01
