3.068805729002670191e+01 3.965510059850714697e+01 5.437754336685233625e+01 7.740197490160959148e+01 8.488454173950407267e+01 8.951751422226122656e+01 0.000000000000000000e+00 8.951751422226122656e+01 7.477534298257303647e+01 6.956016572792489683e+01 7.928996212019303869e+01 8.951751422226122656e+01
3.965510059850714697e+01 5.294492045235795530e+01 6.590096057201863289e+01 7.928996212019303869e+01 8.951751422226122656e+01 8.951751422226122656e+01 8.597213269931911839e+01 8.519891502097135572e+01 8.326290503084653949e+01 8.951751422226122656e+01 0.000000000000000000e+00 0.000000000000000000e+00
4.675087761438933143e+01 6.404807063835623637e+01 7.928996212019303869e+01 8.488454173950407267e+01 8.951751422226122656e+01 8.597213269931911839e+01 7.430610900963918652e+01 7.221620226750927429e+01 7.221620226750927429e+01 7.273083817818968555e+01 8.326290503084653949e+01 0.000000000000000000e+00
5.749191725612131876e+01 7.477534298257303647e+01 8.488454173950407267e+01 8.951751422226122656e+01 8.597213269931911839e+01 7.430610900963918652e+01 6.088352636937644036e+01 5.652265574503969248e+01 5.711962529293791135e+01 6.297126641011352177e+01 7.183349700505688418e+01 8.951751422226122656e+01
7.234083330630517139e+01 8.488454173950407267e+01 8.951751422226122656e+01 8.597213269931911839e+01 7.430610900963918652e+01 6.419737995486339344e+01 5.217364152756513818e+01 4.780981414334811319e+01 5.067285172264905668e+01 4.997042160959374257e+01 7.044970599351336205e+01 7.928996212019303869e+01
7.928996212019303869e+01 8.488454173950407267e+01 8.951751422226122656e+01 8.519891502097135572e+01 6.853397651955073400e+01 5.489435175816205259e+01 4.299974034098433862e+01 3.764266514188461343e+01 3.848318501191998564e+01 4.992346814024293877e+01 6.645138631407070307e+01 7.928996212019303869e+01
8.540873838984316535e+01 8.951751422226122656e+01 8.597213269931911839e+01 7.430610900963918652e+01 6.032312687324370870e+01 4.806610858396455654e+01 3.649235508308878906e+01 3.199196786308513296e+01 3.584119803750573396e+01 4.675087761438933143e+01 5.951800477649166510e+01 7.928996212019303869e+01
8.951751422226122656e+01 8.597213269931911839e+01 8.519891502097135572e+01 6.853397651955073400e+01 5.284887794812052420e+01 4.163285755201965799e+01 3.075971295879921641e+01 3.455625933658562587e+01 3.822132465510962618e+01 5.294492045235795530e+01 7.234083330630517139e+01 7.928996212019303869e+01
8.951751422226122656e+01 8.951751422226122656e+01 7.548861171173800244e+01 6.578970942715562842e+01 5.138118575755436979e+01 4.072783215409994284e+01 3.564540723144151002e+01 3.965510059850714697e+01 4.675087761438933143e+01 5.749191725612131876e+01 7.477534298257303647e+01 8.540873838984316535e+01
8.951751422226122656e+01 8.951751422226122656e+01 7.548861171173800244e+01 6.578970942715562842e+01 5.171470444978955072e+01 4.574278886668840016e+01 4.531493860107033811e+01 5.111068804692904166e+01 5.749191725612131876e+01 6.956016572792489683e+01 7.928996212019303869e+01 8.951751422226122656e+01
0.000000000000000000e+00 8.951751422226122656e+01 8.255888255242970786e+01 7.548861171173800244e+01 6.206945484298186244e+01 6.206945484298186244e+01 6.206945484298186244e+01 6.956016572792489683e+01 7.694293181569992157e+01 8.488454173950407267e+01 8.488454173950407267e+01 8.597213269931911839e+01
0.000000000000000000e+00 0.000000000000000000e+00 8.951751422226122656e+01 7.548861171173800244e+01 7.503331598223189758e+01 6.956016572792489683e+01 7.694293181569992157e+01 8.488454173950407267e+01 8.488454173950407267e+01 8.951751422226122656e+01 8.519891502097135572e+01 8.519891502097135572e+01
