2.506933514910707927e+00 2.506933514910707927e+00 2.506933514910707927e+00 5.314010952114548658e+00 2.021004799327296197e+01 7.019466426469369580e+00 2.297550810085526862e+01 6.783433140943236594e+01 6.783433140943236594e+01 5.664512726056879721e+00 5.664512726056879721e+00 2.506933514910707927e+00
2.506933514910707927e+00 2.506933514910707927e+00 5.314010952114548658e+00 2.021004799327296197e+01 2.297550810085526862e+01 7.163219647323910522e+01 8.084367777206909977e+01 1.106733844911241960e+02 6.727672718265750973e+01 5.664512726056879721e+00 7.447636573346548161e+00 3.966113164485717046e+00
2.506933514910707927e+00 5.314010952114548658e+00 2.437467932300484108e+01 2.297550810085526862e+01 7.163219647323910522e+01 5.046195501451315124e+01 8.934781822520909600e+01 7.507787394281540116e+01 4.307994949171992261e+01 7.309313264239115426e+00 7.309313264239115426e+00 3.966113164485717046e+00
2.506933514910707927e+00 3.059761202322461671e+01 7.916928196812959584e+01 1.354764774211092231e+02 1.369513182336157513e+02 5.046195501451315124e+01 7.984982964251283732e+00 5.500256134753536585e+00 5.500256134753536585e+00 5.500256134753536585e+00 5.664512726056879721e+00 2.506933514910707927e+00
5.314010952114548658e+00 1.174959464471530168e+01 1.524822122003910749e+02 1.556204873005899572e+02 1.556204873005899572e+02 7.923898678437181786e+01 5.664512726056879721e+00 2.506933514910707927e+00 2.506933514910707927e+00 3.966113164485717046e+00 3.966113164485717046e+00 2.506933514910707927e+00
9.104560810359151546e+00 7.916928196812959584e+01 1.119610519907925692e+02 1.558744711775806593e+02 1.556204873005899572e+02 9.729476036606865819e+01 5.664512726056879721e+00 2.506933514910707927e+00 2.506933514910707927e+00 2.506933514910707927e+00 2.506933514910707927e+00 2.506933514910707927e+00
9.905139478232577233e+00 8.186081261090009775e+00 1.119610519907925692e+02 1.238599618322445366e+02 1.106733844911241960e+02 5.779194194981257482e+01 5.664512726056879721e+00 2.506933514910707927e+00 2.506933514910707927e+00 2.506933514910707927e+00 2.506933514910707927e+00 2.506933514910707927e+00
8.873099600895049122e+00 1.710149265077063063e+01 2.437467932300484108e+01 6.625952684436498430e+01 1.106733844911241960e+02 6.727672718265750973e+01 5.664512726056879721e+00 9.096741832559303020e+00 2.506933514910707927e+00 2.506933514910707927e+00 2.506933514910707927e+00 2.506933514910707927e+00
3.966113164485717046e+00 3.966113164485717046e+00 7.528913734535680469e+00 8.138689848105396862e+00 4.307994949171992261e+01 4.307994949171992261e+01 5.664512726056879721e+00 5.473798672965149770e+00 2.506933514910707927e+00 2.506933514910707927e+00 2.506933514910707927e+00 2.506933514910707927e+00
2.506933514910707927e+00 2.506933514910707927e+00 3.966113164485717046e+00 1.924285915144064418e+01 8.186081261090009775e+00 1.843929088857478149e+01 7.309313264239115426e+00 2.506933514910707927e+00 2.506933514910707927e+00 2.506933514910707927e+00 2.506933514910707927e+00 2.506933514910707927e+00
2.506933514910707927e+00 2.506933514910707927e+00 2.506933514910707927e+00 2.506933514910707927e+00 7.043918775562349133e+00 3.966113164485717046e+00 7.214297455841665041e+00 2.506933514910707927e+00 2.506933514910707927e+00 2.506933514910707927e+00 2.506933514910707927e+00 2.506933514910707927e+00
2.506933514910707927e+00 2.506933514910707927e+00 2.506933514910707927e+00 2.506933514910707927e+00 3.966113164485717046e+00 3.966113164485717046e+00 2.506933514910707927e+00 2.506933514910707927e+00 2.506933514910707927e+00 2.506933514910707927e+00 2.506933514910707927e+00 2.506933514910707927e+00
