2.260541097313597536e+00 4.551936283611179412e+00 9.292946367585959422e+01 1.492456798994955420e+02 4.320703561610544696e+00 2.506933514910707927e+00 1.923296793295968143e+00 1.923296793295968143e+00 1.923296793295968143e+00 1.923296793295968143e+00 1.923296793295968143e+00 1.923296793295968143e+00
4.551936283611179412e+00 6.769710062201937717e+00 1.057268064686119260e+02 5.430361598384796906e+01 7.742900457743663978e+00 2.506933514910707927e+00 1.923296793295968143e+00 1.923296793295968143e+00 1.923296793295968143e+00 1.923296793295968143e+00 1.923296793295968143e+00 1.923296793295968143e+00
1.923296793295968143e+00 8.138689848105396862e+00 6.625952684436498430e+01 1.495862186032807699e+02 7.742900457743663978e+00 3.272632535490692618e+01 3.023971039040359798e+00 2.260541097313597536e+00 2.506933514910707927e+00 1.923296793295968143e+00 1.923296793295968143e+00 1.923296793295968143e+00
1.923296793295968143e+00 4.551936283611179412e+00 6.657127548360994851e+00 6.908868008325427468e+01 7.981220444861367014e+01 1.011642427500361947e+02 7.119052545531275200e+00 3.023971039040359798e+00 1.356244047002934217e+01 1.303522358751608756e+01 2.506933514910707927e+00 1.923296793295968143e+00
1.923296793295968143e+00 1.923296793295968143e+00 1.923296793295968143e+00 7.483275972617566829e+00 9.292946367585959422e+01 1.547544324969215666e+02 1.011642427500361947e+02 7.886438600340683536e+01 3.272632535490692618e+01 7.119052545531275200e+00 1.303522358751608756e+01 2.506933514910707927e+00
1.923296793295968143e+00 1.923296793295968143e+00 1.923296793295968143e+00 6.180485678434926911e+00 9.292946367585959422e+01 1.549270264560782948e+02 1.563959573072359035e+02 1.596347017920188591e+02 1.226420876344610917e+02 1.226420876344610917e+02 3.272632535490692618e+01 2.506933514910707927e+00
1.923296793295968143e+00 1.923296793295968143e+00 1.923296793295968143e+00 4.551936283611179412e+00 8.873099600895049122e+00 9.292946367585959422e+01 1.570470036827568947e+02 1.578769848609821622e+02 1.596347017920188591e+02 1.578769848609821622e+02 4.105786264489479720e+01 1.738986563857545420e+01
1.923296793295968143e+00 1.923296793295968143e+00 1.923296793295968143e+00 1.923296793295968143e+00 8.873099600895049122e+00 9.292946367585959422e+01 1.595182609773822549e+02 1.595182609773822549e+02 1.595182609773822549e+02 1.181923250765100306e+02 1.181923250765100306e+02 5.430361598384796906e+01
1.923296793295968143e+00 1.923296793295968143e+00 1.923296793295968143e+00 2.260541097313597536e+00 4.551936283611179412e+00 8.084367777206909977e+01 1.283686883547385662e+02 7.897301843338776450e+01 4.595090070281021610e+01 1.306016664034253871e+01 1.306016664034253871e+01 1.601937308236579582e+01
1.923296793295968143e+00 1.923296793295968143e+00 1.923296793295968143e+00 4.551936283611179412e+00 4.146115612011859497e+01 1.330630150144676804e+02 5.430361598384796906e+01 3.133585585173129928e+01 4.575560664553917967e+00 7.096981455318763565e+00 7.096981455318763565e+00 4.575560664553917967e+00
1.923296793295968143e+00 1.923296793295968143e+00 2.260541097313597536e+00 4.551936283611179412e+00 9.144209469605716833e+01 1.437070601292527954e+02 9.729476036606865819e+01 7.309313264239115426e+00 4.598631778618125665e+00 4.551936283611179412e+00 4.320703561610544696e+00 2.047764218960006044e+00
1.923296793295968143e+00 1.923296793295968143e+00 2.260541097313597536e+00 4.551936283611179412e+00 1.549270264560782948e+02 1.578769848609821622e+02 1.226420876344610917e+02 5.430361598384796906e+01 7.447636573346548161e+00 7.019466426469369580e+00 3.643296731217598783e+00 1.923296793295968143e+00
