1.846613639011150498e+00 1.846613639011150498e+00 1.846613639011150498e+00 1.946280500816024439e+00 2.260541097313597536e+00 2.260541097313597536e+00 2.097375251049568234e+00 2.097375251049568234e+00 1.846613639011150498e+00 1.846613639011150498e+00 1.846613639011150498e+00 1.846613639011150498e+00
1.846613639011150498e+00 1.846613639011150498e+00 1.846613639011150498e+00 2.260541097313597536e+00 4.551936283611179412e+00 4.734302303310491844e+00 2.097375251049568234e+00 2.097375251049568234e+00 1.846613639011150498e+00 1.846613639011150498e+00 1.846613639011150498e+00 1.846613639011150498e+00
1.846613639011150498e+00 1.846613639011150498e+00 2.260541097313597536e+00 4.551936283611179412e+00 4.469520653608214644e+01 8.084367777206909977e+01 3.984049157325598856e+01 2.506933514910707927e+00 1.846613639011150498e+00 1.946280500816024439e+00 1.923296793295968143e+00 1.846613639011150498e+00
1.846613639011150498e+00 1.846613639011150498e+00 2.578241602543958955e+00 7.915106633411873815e+00 2.330813930948001911e+01 4.292269266574881925e+01 3.375630560173264172e+01 2.506933514910707927e+00 1.923296793295968143e+00 1.946280500816024439e+00 1.923296793295968143e+00 1.846613639011150498e+00
1.846613639011150498e+00 1.846613639011150498e+00 1.846613639011150498e+00 1.846613639011150498e+00 5.181505910286042571e+00 3.643296731217598783e+00 1.846613639011150498e+00 1.846613639011150498e+00 1.846613639011150498e+00 1.846613639011150498e+00 1.846613639011150498e+00 1.846613639011150498e+00
1.846613639011150498e+00 1.846613639011150498e+00 1.846613639011150498e+00 1.846613639011150498e+00 1.846613639011150498e+00 1.846613639011150498e+00 1.846613639011150498e+00 1.846613639011150498e+00 1.846613639011150498e+00 1.846613639011150498e+00 1.846613639011150498e+00 1.846613639011150498e+00
1.846613639011150498e+00 1.846613639011150498e+00 1.846613639011150498e+00 1.846613639011150498e+00 1.846613639011150498e+00 1.846613639011150498e+00 1.846613639011150498e+00 1.846613639011150498e+00 1.846613639011150498e+00 1.846613639011150498e+00 1.846613639011150498e+00 1.846613639011150498e+00
1.846613639011150498e+00 1.846613639011150498e+00 1.846613639011150498e+00 1.846613639011150498e+00 1.846613639011150498e+00 1.846613639011150498e+00 1.846613639011150498e+00 1.846613639011150498e+00 1.846613639011150498e+00 1.846613639011150498e+00 1.846613639011150498e+00 1.846613639011150498e+00
1.846613639011150498e+00 1.846613639011150498e+00 1.846613639011150498e+00 1.846613639011150498e+00 1.846613639011150498e+00 1.846613639011150498e+00 1.846613639011150498e+00 1.846613639011150498e+00 1.846613639011150498e+00 1.846613639011150498e+00 1.846613639011150498e+00 1.846613639011150498e+00
1.846613639011150498e+00 1.846613639011150498e+00 1.846613639011150498e+00 1.846613639011150498e+00 1.846613639011150498e+00 1.846613639011150498e+00 1.846613639011150498e+00 1.846613639011150498e+00 1.846613639011150498e+00 1.846613639011150498e+00 1.846613639011150498e+00 1.846613639011150498e+00
1.846613639011150498e+00 1.846613639011150498e+00 1.846613639011150498e+00 1.946280500816024439e+00 1.923296793295968143e+00 1.946280500816024439e+00 1.923296793295968143e+00 1.846613639011150498e+00 1.846613639011150498e+00 1.846613639011150498e+00 1.846613639011150498e+00 1.846613639011150498e+00
1.846613639011150498e+00 1.846613639011150498e+00 1.846613639011150498e+00 1.946280500816024439e+00 1.923296793295968143e+00 1.946280500816024439e+00 1.946280500816024439e+00 1.946280500816024439e+00 1.946280500816024439e+00 1.946280500816024439e+00 1.923296793295968143e+00 1.846613639011150498e+00
