1.124291490329893861e+01 1.124291490329893861e+01 1.124291490329893861e+01 1.124291490329893861e+01 2.173773284753282553e+01 2.952523846670918317e+01 4.569539799680872960e+01 5.770734805131986889e+01 7.231673774639119756e+01 8.308348767628962150e+01 8.062153106744956688e+01 7.876308201551029242e+01 8.833427790766582177e+01 9.262601867238267062e+01 1.064489024695850929e+02 1.120549603753949270e+02 1.022300965781916489e+02 7.597237089154936029e+01
1.124291490329893861e+01 1.124291490329893861e+01 1.124291490329893861e+01 1.686841361542827755e+01 2.216415426181830028e+01 3.808871620217054499e+01 5.199518230876071101e+01 7.109064250552690112e+01 8.062153106744956688e+01 7.983827499213190038e+01 7.202581306517106441e+01 6.852762814585365447e+01 7.082609168826184032e+01 8.257884632912949030e+01 9.708247354765489945e+01 1.072214687933677055e+02 9.742566238556361213e+01 7.597237089154936029e+01
1.124291490329893861e+01 1.124291490329893861e+01 1.124291490329893861e+01 1.686841361542827755e+01 2.216415426181830028e+01 3.560704732245393700e+01 5.443679027931498382e+01 6.887117226418941129e+01 6.852762814585365447e+01 6.852762814585365447e+01 6.250520513201797712e+01 5.238019659463067512e+01 5.982162018847085960e+01 7.398098520563712555e+01 9.708247354765489945e+01 1.014990033224417232e+02 9.244005972026074858e+01 6.528547700957297195e+01
1.124291490329893861e+01 1.124291490329893861e+01 1.124291490329893861e+01 1.124291490329893861e+01 2.362028549116200438e+01 3.474270695282812937e+01 4.680146146429497378e+01 5.365792541824745854e+01 5.370435398591440901e+01 5.130996577171861617e+01 4.202578863967419665e+01 4.762813206293861157e+01 6.125142811272457521e+01 7.483440850670045563e+01 8.977799366444445184e+01 9.805767192953879885e+01 8.685544295096975986e+01 6.406875464617782256e+01
1.124291490329893861e+01 1.124291490329893861e+01 1.124291490329893861e+01 1.124291490329893861e+01 1.454947162623570556e+01 2.451518835279827968e+01 3.371405196559475570e+01 3.823179121873995001e+01 4.247299849328617682e+01 3.441265443146063063e+01 3.914880621476881828e+01 4.658566730745637585e+01 6.590137384894745765e+01 8.473646978626719317e+01 9.841759583688551061e+01 9.652054240513308514e+01 8.000369050046938924e+01 5.744623408363934658e+01
1.124291490329893861e+01 1.124291490329893861e+01 1.124291490329893861e+01 1.124291490329893861e+01 1.124291490329893861e+01 2.228350278240664650e+01 2.228350278240664650e+01 2.828986759800314132e+01 3.231300146780272797e+01 3.630996120179507614e+01 4.635146924035146299e+01 5.930137342903921649e+01 7.795718347219245459e+01 9.166604683547001287e+01 9.805767192953879885e+01 8.871796282057708538e+01 6.758292220173655096e+01 4.584315159030600739e+01
1.124291490329893861e+01 1.124291490329893861e+01 1.124291490329893861e+01 1.124291490329893861e+01 1.966209727490788595e+01 1.966209727490788595e+01 2.368746569339724317e+01 2.693378670262743313e+01 3.630996120179507614e+01 4.635146924035146299e+01 6.460426806173637715e+01 7.795718347219245459e+01 9.141213073886819984e+01 9.634153968513021482e+01 8.986744890271940278e+01 7.533571996760629474e+01 5.470114603210068083e+01 3.566712617142626129e+01
1.124291490329893861e+01 1.124291490329893861e+01 2.078864022899094977e+01 2.560334092401205197e+01 3.193933148802342714e+01 3.233623547265911213e+01 3.233623547265911213e+01 3.653287552467523369e+01 4.870174371674436742e+01 6.460426806173637715e+01 7.795718347219245459e+01 9.141213073886819984e+01 1.018205251824039550e+02 9.479835434097408609e+01 7.533571996760629474e+01 5.905790712023000566e+01 3.940090394854519218e+01 2.612554513884161622e+01
1.966209727490788595e+01 2.414727821639969818e+01 3.127981309851279335e+01 3.934671883813277304e+01 4.832278868931559401e+01 5.234359816748143146e+01 5.595202221709396184e+01 6.192879636443723967e+01 7.510842589673862335e+01 8.882260156250372063e+01 9.733927786003192750e+01 1.046239749682463156e+02 9.805767192953879885e+01 8.000369050046938924e+01 6.585932138691156013e+01 4.584315159030600739e+01 2.956642028099167163e+01 2.026508544406563672e+01
2.560334092401205197e+01 3.653287552467523369e+01 5.135169008204335483e+01 6.192879636443723967e+01 6.858904926971932525e+01 7.510842589673862335e+01 8.385435024096176448e+01 8.882260156250372063e+01 8.882260156250372063e+01 9.925820876447563990e+01 1.078543820274822735e+02 1.058283060025119653e+02 9.742566238556361213e+01 7.679713400885839292e+01 5.246890772368340805e+01 3.256354053046011643e+01 2.026508544406563672e+01 1.237438411693043605e+01
4.072962499364845002e+01 5.687893694518681542e+01 7.218391931161424679e+01 8.882260156250372063e+01 9.925820876447563990e+01 9.925820876447563990e+01 1.087022136314464689e+02 1.087022136314464689e+02 1.147054544820558846e+02 1.147054544820558846e+02 1.147054544820558846e+02 1.133905431258727674e+02 1.022300965781916489e+02 7.597237089154936029e+01 5.377160216755163447e+01 3.305906274090907715e+01 2.039147664582788977e+01 1.124291490329893861e+01
5.616839841467140104e+01 7.795718347219245459e+01 8.882260156250372063e+01 1.078543820274822735e+02 1.147054544820558846e+02 1.226842364334649460e+02 1.226842364334649460e+02 1.226842364334649460e+02 1.164887225836034048e+02 1.226842364334649460e+02 1.226842364334649460e+02 1.226842364334649460e+02 1.022300965781916489e+02 7.774133650619532432e+01 5.377160216755163447e+01 3.320559475659237592e+01 2.049002952487080975e+01 1.124291490329893861e+01
7.641426543129340132e+01 9.925820876447563990e+01 1.079504083644616088e+02 1.226842364334649460e+02 0.000000000000000000e+00 0.000000000000000000e+00 1.226842364334649460e+02 1.192822184157544854e+02 1.192822184157544854e+02 1.137237671348037225e+02 1.126314873331923962e+02 1.192822184157544854e+02 1.083838420268825899e+02 8.973240529928985154e+01 6.640806347437663248e+01 4.107898700479087495e+01 2.450625027767076602e+01 1.124291490329893861e+01
9.166604683547001287e+01 1.079504083644616088e+02 1.226842364334649460e+02 0.000000000000000000e+00 0.000000000000000000e+00 1.192822184157544854e+02 1.108886095147667561e+02 1.050670965377938444e+02 9.060010349278506681e+01 9.060010349278506681e+01 9.377647059579587108e+01 1.064489024695850929e+02 1.126314873331923962e+02 9.088428148771843951e+01 7.717493855227309041e+01 5.377160216755163447e+01 3.080237484539033588e+01 2.049002952487080975e+01
1.079504083644616088e+02 1.177142198352416358e+02 0.000000000000000000e+00 0.000000000000000000e+00 1.192822184157544854e+02 1.050670965377938444e+02 9.322018721024682009e+01 7.819836727739084381e+01 7.407644866085246349e+01 6.852762814585365447e+01 7.375441665187906892e+01 8.361133271539043221e+01 9.262601867238267062e+01 9.679952513431142336e+01 7.811806521015768112e+01 6.065146506860195075e+01 4.107898700479087495e+01 2.450625027767076602e+01
1.064489024695850929e+02 1.177142198352416358e+02 1.192822184157544854e+02 1.108886095147667561e+02 9.865504389420745213e+01 8.709539833125518271e+01 7.407644866085246349e+01 5.782642235466136782e+01 4.875296394239839515e+01 4.098615155694848511e+01 4.726443183693584871e+01 6.116292227532177606e+01 8.257884632912949030e+01 9.377647059579587108e+01 7.936863967554685928e+01 6.537775435073022834e+01 4.221716492251796637e+01 2.568529433357516112e+01
9.262601867238267062e+01 1.041238783246166122e+02 1.041238783246166122e+02 9.060010349278506681e+01 7.819836727739084381e+01 6.297549537968494349e+01 4.875296394239839515e+01 3.940090394854519218e+01 2.929922399968505076e+01 2.828986759800314132e+01 3.554235888537392185e+01 4.680146146429497378e+01 6.600464494719579989e+01 7.375441665187906892e+01 7.936863967554685928e+01 6.574143253830513345e+01 4.150612086505057619e+01 2.766131569558958958e+01
7.375441665187906892e+01 7.912395449714490780e+01 7.722202894819457697e+01 6.297549537968494349e+01 5.492520015652532095e+01 3.885747856689129520e+01 3.160766940868442632e+01 2.652822769534610359e+01 2.167991633867523760e+01 2.241582108619439495e+01 2.451518835279827968e+01 3.855159432389605456e+01 4.684394641779822166e+01 5.832268767327226300e+01 6.250520513201797712e+01 4.946349356604365965e+01 3.566712617142626129e+01 2.374732799718528042e+01
