1.157920322960940940e+00 1.157920322960940940e+00 1.513175972072411613e+00 1.513175972072411613e+00 1.515980476697848189e+00 1.529959756879622823e+00 1.529959756879622823e+00 2.609247325520172467e+01 1.650157864708618547e+02 1.655024162135547954e+02 1.655024162135547954e+02 1.639046308974151316e+02 1.655024162135547954e+02 1.550134275618682125e+02 6.738866941531435373e+01 1.513175972072411613e+00 1.517254761250206752e+00 1.448444016827660663e+00
1.157920322960940940e+00 1.157920322960940940e+00 1.513175972072411613e+00 1.513175972072411613e+00 1.515980476697848189e+00 1.476934830297549350e+00 2.421111249350969530e+01 1.102572954508706999e+02 1.599686756010339082e+02 1.661266221429889640e+02 1.661266221429889640e+02 8.234169709299388273e+01 1.187542084449052879e+02 1.616374641173105147e+02 8.576952098224377607e+01 1.572121432812598973e+00 1.510622354878528917e+00 1.510622354878528917e+00
1.157920322960940940e+00 1.157920322960940940e+00 1.157920322960940940e+00 1.513175972072411613e+00 1.581094077116241170e+00 1.529959756879622823e+00 1.853728053923545449e+00 5.645455185928109643e+01 7.986893628903085585e+01 6.461669006470881982e+01 1.728075206947211395e+00 2.012789811607463619e+00 2.158414539429307499e+00 1.328535566779785597e+02 1.513175972072411613e+00 1.504415272839502604e+00 1.497509996224805073e+00 1.510622354878528917e+00
1.157920322960940940e+00 1.157920322960940940e+00 1.157920322960940940e+00 1.157920322960940940e+00 1.581094077116241170e+00 1.726355973102020380e+00 1.572121432812598973e+00 1.726355973102020380e+00 1.726355973102020380e+00 1.726355973102020380e+00 1.726355973102020380e+00 1.811030386131645242e+00 1.744696322861747362e+00 1.853728053923545449e+00 1.581094077116241170e+00 1.517254761250206752e+00 1.448444016827660663e+00 1.476934830297549350e+00
1.157920322960940940e+00 1.157920322960940940e+00 1.157920322960940940e+00 1.513175972072411613e+00 1.572121432812598973e+00 1.600235901054212651e+00 1.572121432812598973e+00 1.600235901054212651e+00 1.821244447622128781e+00 1.726355973102020380e+00 1.753382387546039034e+00 1.727785742404430280e+00 1.529959756879622823e+00 1.600235901054212651e+00 1.513175972072411613e+00 1.517254761250206752e+00 1.448444016827660663e+00 1.448444016827660663e+00
1.157920322960940940e+00 1.157920322960940940e+00 1.157920322960940940e+00 1.513175972072411613e+00 1.513175972072411613e+00 1.419228641103437605e+00 1.541817720668243297e+00 1.497509996224805073e+00 1.541817720668243297e+00 1.541817720668243297e+00 1.753382387546039034e+00 1.727785742404430280e+00 1.733986524414708796e+00 1.513175972072411613e+00 1.517254761250206752e+00 1.419228641103437605e+00 1.448444016827660663e+00 1.448444016827660663e+00
1.157920322960940940e+00 1.157920322960940940e+00 1.157920322960940940e+00 1.513175972072411613e+00 1.513175972072411613e+00 1.513175972072411613e+00 1.504415272839502604e+00 1.513175972072411613e+00 1.448444016827660663e+00 1.476934830297549350e+00 2.070230813531534864e+01 2.609247325520172467e+01 4.523932907710069173e+00 1.562328410554923552e+00 1.600235901054212651e+00 1.504415272839502604e+00 1.324014831503530942e+00 1.448444016827660663e+00
1.157920322960940940e+00 1.157920322960940940e+00 1.157920322960940940e+00 1.513175972072411613e+00 1.419228641103437605e+00 1.513175972072411613e+00 1.324014831503530942e+00 1.476934830297549350e+00 1.733986524414708796e+00 2.609247325520172467e+01 2.609247325520172467e+01 2.803860357341520526e+01 1.572121432812598973e+00 1.517254761250206752e+00 1.476934830297549350e+00 1.157920322960940940e+00 1.324014831503530942e+00 1.324014831503530942e+00
1.157920322960940940e+00 1.157920322960940940e+00 1.157920322960940940e+00 1.157920322960940940e+00 1.157920322960940940e+00 1.157920322960940940e+00 1.434833712701845787e+00 2.609247325520172467e+01 1.639046308974151316e+02 1.605033692143097142e+02 5.382407430886640753e+01 1.562328410554923552e+00 1.517254761250206752e+00 1.476934830297549350e+00 1.261858756908649015e+00 1.157920322960940940e+00 1.157920322960940940e+00 1.157920322960940940e+00
1.157920322960940940e+00 1.227532849370740919e+00 1.157920322960940940e+00 1.157920322960940940e+00 1.157920322960940940e+00 1.733986524414708796e+00 5.789753069563435872e+01 1.639046308974151316e+02 1.573480156259743978e+02 6.461669006470881982e+01 1.513175972072411613e+00 1.562328410554923552e+00 1.497509996224805073e+00 1.448444016827660663e+00 1.261858756908649015e+00 1.157920322960940940e+00 1.157920322960940940e+00 1.157920322960940940e+00
1.497509996224805073e+00 1.353464681780746304e+00 1.227532849370740919e+00 1.157920322960940940e+00 5.789753069563435872e+01 1.650157864708618547e+02 1.639046308974151316e+02 5.382407430886640753e+01 8.234169709299388273e+01 2.005058375337253729e+00 1.661112504986534288e+00 1.504415272839502604e+00 1.513175972072411613e+00 1.353464681780746304e+00 1.448444016827660663e+00 1.157920322960940940e+00 1.157920322960940940e+00 1.157920322960940940e+00
1.448444016827660663e+00 1.448444016827660663e+00 1.227532849370740919e+00 5.530157046361673423e+01 1.650157864708618547e+02 1.639046308974151316e+02 1.641551124002392328e+02 1.572121432812598973e+00 1.893572281989448269e+00 1.893572281989448269e+00 1.513175972072411613e+00 1.515980476697848189e+00 1.510622354878528917e+00 1.448444016827660663e+00 1.261858756908649015e+00 1.261858756908649015e+00 1.157920322960940940e+00 1.157920322960940940e+00
1.497509996224805073e+00 1.448444016827660663e+00 4.188628398430251565e+01 1.650157864708618547e+02 1.655024162135547954e+02 1.488371257823287976e+02 2.005058375337253729e+00 1.991089226904888543e+00 1.998789810702525926e+00 2.005058375337253729e+00 1.513175972072411613e+00 1.515980476697848189e+00 1.504415272839502604e+00 1.448444016827660663e+00 1.528311094372099888e+00 1.497509996224805073e+00 1.227532849370740919e+00 1.324014831503530942e+00
1.497509996224805073e+00 1.448444016827660663e+00 4.188628398430251565e+01 1.632856944561081036e+02 1.650157864708618547e+02 1.632619913844528696e+02 1.486168191199337230e+02 2.818256858508737395e+01 1.792734610040154664e+00 2.168831205155987263e+00 1.792734610040154664e+00 1.821244447622128781e+00 1.504415272839502604e+00 1.581094077116241170e+00 1.529959756879622823e+00 1.510622354878528917e+00 1.353464681780746304e+00 1.448444016827660663e+00
1.476934830297549350e+00 1.476934830297549350e+00 4.188628398430251565e+01 1.617434149434990616e+02 1.650157864708618547e+02 1.591721428435201062e+02 1.641835510259506066e+02 1.230107638718340866e+02 8.132761510119300397e+01 8.132761510119300397e+01 8.132761510119300397e+01 2.500003542936422907e+00 1.513175972072411613e+00 1.581094077116241170e+00 1.504415272839502604e+00 1.510622354878528917e+00 1.497509996224805073e+00 1.448444016827660663e+00
1.157920322960940940e+00 1.157920322960940940e+00 4.188628398430251565e+01 1.599686756010339082e+02 1.650157864708618547e+02 1.655024162135547954e+02 1.655024162135547954e+02 1.655024162135547954e+02 1.655024162135547954e+02 1.655024162135547954e+02 1.641835510259506066e+02 1.257310562152241289e+02 1.513175972072411613e+00 1.513175972072411613e+00 1.515980476697848189e+00 1.497509996224805073e+00 1.510622354878528917e+00 1.510622354878528917e+00
1.157920322960940940e+00 1.157920322960940940e+00 1.528311094372099888e+00 7.111423789765368042e+01 1.604935377167763306e+02 1.661266221429889640e+02 1.661266221429889640e+02 1.661266221429889640e+02 1.607255141502003255e+02 1.661266221429889640e+02 1.607255141502003255e+02 5.382407430886640753e+01 7.236511177706799636e+00 1.513175972072411613e+00 1.419228641103437605e+00 1.476934830297549350e+00 1.476934830297549350e+00 1.476934830297549350e+00
1.157920322960940940e+00 1.157920322960940940e+00 1.419228641103437605e+00 1.528311094372099888e+00 3.787985775501190311e+00 1.187542084449052879e+02 1.620144457933880346e+02 5.382407430886640753e+01 7.111423789765368042e+01 8.628983522467025580e+01 2.803860357341520526e+01 1.572121432812598973e+00 1.497509996224805073e+00 1.513175972072411613e+00 1.504415272839502604e+00 1.157920322960940940e+00 1.157920322960940940e+00 1.261858756908649015e+00
