2.423213163013870908e+00 1.850747644746660869e+00 1.536139334687430136e+00 1.536139334687430136e+00 1.536139334687430136e+00 1.536139334687430136e+00 1.536139334687430136e+00 1.536139334687430136e+00 1.536139334687430136e+00 1.536139334687430136e+00 1.536139334687430136e+00 1.536139334687430136e+00 1.536139334687430136e+00 1.536139334687430136e+00 1.536139334687430136e+00 1.536139334687430136e+00 1.536139334687430136e+00 1.536139334687430136e+00
2.231444845964986268e+00 1.850747644746660869e+00 1.536139334687430136e+00 1.536139334687430136e+00 1.536139334687430136e+00 1.536139334687430136e+00 1.536139334687430136e+00 1.536139334687430136e+00 1.536139334687430136e+00 1.536139334687430136e+00 1.536139334687430136e+00 1.536139334687430136e+00 1.536139334687430136e+00 1.536139334687430136e+00 1.536139334687430136e+00 1.536139334687430136e+00 1.536139334687430136e+00 1.536139334687430136e+00
1.850747644746660869e+00 1.850747644746660869e+00 1.536139334687430136e+00 1.536139334687430136e+00 1.536139334687430136e+00 1.536139334687430136e+00 1.536139334687430136e+00 1.536139334687430136e+00 1.536139334687430136e+00 1.536139334687430136e+00 1.536139334687430136e+00 1.536139334687430136e+00 1.536139334687430136e+00 1.753382387546039034e+00 2.423213163013870908e+00 1.850747644746660869e+00 1.536139334687430136e+00 1.536139334687430136e+00
1.850747644746660869e+00 1.536139334687430136e+00 1.536139334687430136e+00 1.536139334687430136e+00 1.536139334687430136e+00 1.536139334687430136e+00 1.536139334687430136e+00 1.536139334687430136e+00 1.536139334687430136e+00 1.536139334687430136e+00 1.536139334687430136e+00 1.536139334687430136e+00 1.753382387546039034e+00 1.753382387546039034e+00 2.700748830551280566e+00 2.214548054662182253e+01 1.850747644746660869e+00 1.536139334687430136e+00
1.536139334687430136e+00 1.536139334687430136e+00 1.536139334687430136e+00 1.536139334687430136e+00 1.536139334687430136e+00 1.536139334687430136e+00 1.536139334687430136e+00 1.850747644746660869e+00 1.893572281989448269e+00 1.536139334687430136e+00 1.893572281989448269e+00 1.893572281989448269e+00 1.998789810702525926e+00 1.921199123228571670e+00 7.532703971415690702e+00 2.700748830551280566e+00 1.850747644746660869e+00 1.536139334687430136e+00
1.536139334687430136e+00 1.536139334687430136e+00 1.536139334687430136e+00 1.536139334687430136e+00 1.536139334687430136e+00 1.536139334687430136e+00 1.536139334687430136e+00 1.850747644746660869e+00 1.893572281989448269e+00 1.893572281989448269e+00 1.893572281989448269e+00 1.893572281989448269e+00 1.998789810702525926e+00 2.186584608129800600e+00 2.355671069333707379e+01 4.012947379021204597e+01 1.850747644746660869e+00 1.536139334687430136e+00
1.536139334687430136e+00 1.536139334687430136e+00 1.536139334687430136e+00 1.536139334687430136e+00 1.536139334687430136e+00 1.850747644746660869e+00 1.850747644746660869e+00 1.893572281989448269e+00 1.893572281989448269e+00 1.893572281989448269e+00 1.921199123228571670e+00 1.753382387546039034e+00 1.536139334687430136e+00 1.998789810702525926e+00 2.355671069333707379e+01 2.231444845964986268e+00 1.893572281989448269e+00 1.536139334687430136e+00
1.536139334687430136e+00 1.536139334687430136e+00 1.536139334687430136e+00 1.536139334687430136e+00 1.850747644746660869e+00 1.850747644746660869e+00 1.753382387546039034e+00 1.753382387546039034e+00 1.753382387546039034e+00 1.753382387546039034e+00 1.753382387546039034e+00 1.753382387546039034e+00 1.753382387546039034e+00 3.489785374968022325e+01 2.231444845964986268e+00 1.850747644746660869e+00 1.536139334687430136e+00 1.536139334687430136e+00
1.536139334687430136e+00 1.536139334687430136e+00 1.536139334687430136e+00 1.536139334687430136e+00 1.850747644746660869e+00 1.850747644746660869e+00 1.753382387546039034e+00 1.753382387546039034e+00 1.753382387546039034e+00 1.536139334687430136e+00 1.536139334687430136e+00 1.753382387546039034e+00 1.471424689556817533e+01 1.259155265713658700e+01 1.850747644746660869e+00 1.850747644746660869e+00 1.536139334687430136e+00 1.536139334687430136e+00
1.536139334687430136e+00 1.536139334687430136e+00 1.536139334687430136e+00 1.536139334687430136e+00 1.955346458133899956e+00 1.850747644746660869e+00 1.753382387546039034e+00 1.753382387546039034e+00 1.536139334687430136e+00 1.536139334687430136e+00 1.753382387546039034e+00 2.305081587383583752e+01 2.000429864186777351e+01 2.231444845964986268e+00 1.850747644746660869e+00 1.536139334687430136e+00 1.536139334687430136e+00 1.536139334687430136e+00
1.536139334687430136e+00 1.536139334687430136e+00 1.536139334687430136e+00 1.536139334687430136e+00 1.536139334687430136e+00 2.423213163013870908e+00 1.850747644746660869e+00 1.536139334687430136e+00 1.536139334687430136e+00 1.753382387546039034e+00 6.436909154902520136e+00 2.894709161112685170e+00 2.231444845964986268e+00 1.893572281989448269e+00 1.850747644746660869e+00 1.536139334687430136e+00 1.536139334687430136e+00 1.536139334687430136e+00
1.536139334687430136e+00 1.536139334687430136e+00 1.536139334687430136e+00 1.536139334687430136e+00 1.753382387546039034e+00 8.218316292390511535e+00 2.506998397702862480e+00 1.753382387546039034e+00 6.436909154902520136e+00 7.011364324724548069e+00 7.011364324724548069e+00 1.018851438965332612e+01 7.011364324724548069e+00 1.850747644746660869e+00 1.753382387546039034e+00 1.536139334687430136e+00 1.536139334687430136e+00 1.536139334687430136e+00
1.536139334687430136e+00 1.536139334687430136e+00 1.536139334687430136e+00 1.753382387546039034e+00 2.517668262679550040e+01 7.532703971415690702e+00 2.700748830551280566e+00 3.179274124022857251e+00 4.765255106905058824e+00 8.485169263915869564e+00 2.231444845964986268e+00 2.211323395428305361e+00 1.921199123228571670e+00 1.850747644746660869e+00 1.536139334687430136e+00 1.536139334687430136e+00 1.536139334687430136e+00 1.536139334687430136e+00
1.536139334687430136e+00 1.536139334687430136e+00 1.536139334687430136e+00 1.998789810702525926e+00 2.517668262679550040e+01 1.274140034657577161e+02 1.259155265713658700e+01 2.231444845964986268e+00 3.588090826785482079e+00 2.257861055997218536e+00 1.850747644746660869e+00 2.275316194276507442e+00 1.850747644746660869e+00 1.536139334687430136e+00 1.536139334687430136e+00 1.536139334687430136e+00 1.536139334687430136e+00 1.536139334687430136e+00
1.536139334687430136e+00 1.536139334687430136e+00 1.536139334687430136e+00 1.893572281989448269e+00 2.211323395428305361e+00 3.201143131692806776e+01 2.231444845964986268e+00 1.850747644746660869e+00 1.893572281989448269e+00 1.850747644746660869e+00 1.536139334687430136e+00 1.536139334687430136e+00 1.536139334687430136e+00 1.536139334687430136e+00 1.536139334687430136e+00 1.536139334687430136e+00 1.536139334687430136e+00 1.536139334687430136e+00
1.536139334687430136e+00 1.536139334687430136e+00 1.536139334687430136e+00 1.850747644746660869e+00 1.893572281989448269e+00 1.893572281989448269e+00 1.850747644746660869e+00 1.536139334687430136e+00 1.753382387546039034e+00 1.536139334687430136e+00 1.536139334687430136e+00 1.536139334687430136e+00 1.536139334687430136e+00 1.536139334687430136e+00 1.536139334687430136e+00 1.536139334687430136e+00 1.536139334687430136e+00 1.536139334687430136e+00
1.536139334687430136e+00 1.536139334687430136e+00 1.536139334687430136e+00 1.536139334687430136e+00 1.753382387546039034e+00 1.753382387546039034e+00 1.753382387546039034e+00 1.753382387546039034e+00 1.536139334687430136e+00 1.536139334687430136e+00 1.536139334687430136e+00 1.536139334687430136e+00 1.536139334687430136e+00 1.536139334687430136e+00 1.536139334687430136e+00 1.536139334687430136e+00 1.536139334687430136e+00 1.753382387546039034e+00
1.536139334687430136e+00 1.536139334687430136e+00 1.536139334687430136e+00 1.536139334687430136e+00 1.536139334687430136e+00 1.536139334687430136e+00 1.536139334687430136e+00 1.536139334687430136e+00 1.536139334687430136e+00 1.536139334687430136e+00 1.536139334687430136e+00 1.536139334687430136e+00 1.536139334687430136e+00 1.536139334687430136e+00 1.536139334687430136e+00 1.536139334687430136e+00 1.753382387546039034e+00 1.753382387546039034e+00
