1.121013750630070405e+01 1.121013750630070405e+01 1.121013750630070405e+01 1.237044865635703061e+01 2.173773284753282553e+01 2.732568175620847839e+01 3.895087985458401647e+01 4.870174371674436742e+01 5.273327729393012930e+01 5.595202221709396184e+01 5.595202221709396184e+01 5.170791204313317024e+01 4.651383421598833223e+01 2.909584292410609763e+01 2.049002952487080975e+01 2.049002952487080975e+01 1.121013750630070405e+01 1.121013750630070405e+01
1.121013750630070405e+01 1.121013750630070405e+01 1.121013750630070405e+01 1.936198618884699840e+01 2.649076345150908551e+01 4.007278855309570531e+01 5.264177309281996742e+01 5.961058917611699570e+01 6.806425015296186132e+01 6.922502971293690166e+01 6.863019262103961182e+01 6.506704467636413369e+01 5.425172826657857428e+01 4.651383421598833223e+01 3.534994636413594549e+01 2.049002952487080975e+01 1.237044865635703061e+01 1.121013750630070405e+01
1.121013750630070405e+01 1.121013750630070405e+01 1.237044865635703061e+01 2.173773284753282553e+01 3.251645114493795319e+01 4.560334864711425240e+01 6.288798495410033951e+01 7.153853408591875507e+01 7.100972626662165510e+01 7.249669300349829371e+01 7.249669300349829371e+01 7.249669300349829371e+01 6.936836812466357571e+01 5.425172826657857428e+01 4.221716492251796637e+01 3.080237484539033588e+01 2.049002952487080975e+01 1.121013750630070405e+01
1.121013750630070405e+01 1.121013750630070405e+01 1.686801488371027347e+01 2.345493351614515376e+01 3.808871620217054499e+01 5.250593447216020593e+01 6.971484291097937103e+01 7.100972626662165510e+01 6.595743171909558100e+01 6.399506337701208025e+01 6.688945606817020462e+01 7.109064250552690112e+01 7.660168131621249188e+01 6.929614594140873862e+01 5.246890772368340805e+01 3.320559475659237592e+01 2.049002952487080975e+01 1.121013750630070405e+01
1.121013750630070405e+01 1.121013750630070405e+01 1.686801488371027347e+01 2.641045109728674589e+01 4.207376769714919362e+01 5.443679027931498382e+01 6.688945606817020462e+01 6.956255232366181929e+01 5.820788621884368297e+01 6.161645835989016717e+01 6.496533274734646568e+01 7.265801279757859277e+01 7.516463067760140859e+01 6.492025683403419123e+01 5.246890772368340805e+01 3.166731897413205843e+01 2.026508544406563672e+01 1.121013750630070405e+01
1.121013750630070405e+01 1.121013750630070405e+01 1.686801488371027347e+01 2.216415426181830028e+01 4.089268980347095805e+01 5.443679027931498382e+01 6.688945606817020462e+01 6.936836812466357571e+01 6.173514813051532713e+01 6.474285885171609323e+01 6.745377505783869765e+01 6.971484291097937103e+01 6.956255232366181929e+01 5.905790712023000566e+01 4.333262146810553617e+01 2.787081344892253298e+01 1.824515956154935736e+01 1.121013750630070405e+01
1.121013750630070405e+01 1.121013750630070405e+01 1.237044865635703061e+01 2.361573344403457142e+01 3.474270695282812937e+01 5.128861927636476281e+01 6.347057163577017036e+01 7.069565590757541429e+01 7.387490008364881078e+01 7.298590830519898986e+01 7.153853408591875507e+01 7.100972626662165510e+01 6.595743171909558100e+01 4.945696472212788564e+01 3.566712617142626129e+01 2.403352346798011752e+01 1.237044865635703061e+01 1.121013750630070405e+01
1.121013750630070405e+01 1.121013750630070405e+01 1.121013750630070405e+01 2.228350278240664650e+01 3.232099719378036440e+01 4.380016816449965944e+01 6.347057163577017036e+01 7.417669524725094732e+01 7.978174078002842862e+01 8.613012512211025751e+01 7.900845265508688442e+01 6.762927714629776688e+01 5.282835439939699995e+01 3.834782627344311123e+01 2.612554513884161622e+01 2.026508544406563672e+01 1.121013750630070405e+01 1.121013750630070405e+01
1.121013750630070405e+01 1.121013750630070405e+01 1.121013750630070405e+01 1.686801488371027347e+01 2.361573344403457142e+01 3.474270695282812937e+01 5.443679027931498382e+01 7.016220084064542561e+01 8.692853956748956534e+01 8.959035158402015497e+01 7.704370138608489071e+01 6.528547700957297195e+01 5.246890772368340805e+01 3.256354053046011643e+01 2.300461492596647517e+01 1.237044865635703061e+01 1.121013750630070405e+01 1.121013750630070405e+01
1.121013750630070405e+01 1.121013750630070405e+01 1.121013750630070405e+01 1.237044865635703061e+01 2.216415426181830028e+01 3.232099719378036440e+01 5.443679027931498382e+01 7.016220084064542561e+01 8.833427790766582177e+01 9.071402664796957538e+01 7.811806521015768112e+01 6.528547700957297195e+01 4.523908543265389426e+01 2.712378155149530201e+01 2.026508544406563672e+01 1.121013750630070405e+01 1.121013750630070405e+01 1.121013750630070405e+01
1.121013750630070405e+01 1.121013750630070405e+01 1.121013750630070405e+01 1.237044865635703061e+01 2.216415426181830028e+01 3.303638265774011984e+01 4.887789308105215724e+01 7.016220084064542561e+01 8.833427790766582177e+01 9.071402664796957538e+01 8.402471043728816369e+01 6.528547700957297195e+01 5.009440744074903051e+01 2.995629568332966031e+01 2.049002952487080975e+01 1.121013750630070405e+01 1.121013750630070405e+01 1.121013750630070405e+01
1.121013750630070405e+01 1.121013750630070405e+01 1.121013750630070405e+01 1.237044865635703061e+01 2.216415426181830028e+01 3.303638265774011984e+01 4.887789308105215724e+01 7.016220084064542561e+01 8.270052297874491387e+01 8.435257854200357031e+01 7.936863967554685928e+01 6.570954853138130147e+01 5.009440744074903051e+01 3.224453277692786912e+01 2.049002952487080975e+01 1.121013750630070405e+01 1.121013750630070405e+01 1.121013750630070405e+01
1.121013750630070405e+01 1.121013750630070405e+01 1.121013750630070405e+01 1.686801488371027347e+01 2.216415426181830028e+01 3.303638265774011984e+01 4.887789308105215724e+01 6.496533274734646568e+01 6.887117226418941129e+01 7.441931721345352457e+01 7.249669300349829371e+01 6.492025683403419123e+01 5.186711104280638551e+01 3.830879256265635746e+01 2.477278857180320060e+01 1.824515956154935736e+01 1.121013750630070405e+01 1.121013750630070405e+01
1.121013750630070405e+01 1.121013750630070405e+01 1.121013750630070405e+01 1.686801488371027347e+01 2.345493351614515376e+01 3.808871620217054499e+01 4.695907827988251171e+01 6.113398102849675553e+01 6.399506337701208025e+01 6.399506337701208025e+01 6.399506337701208025e+01 6.229420872893826555e+01 5.511657381222703123e+01 4.221716492251796637e+01 2.995629568332966031e+01 2.049002952487080975e+01 1.121013750630070405e+01 1.121013750630070405e+01
1.121013750630070405e+01 1.121013750630070405e+01 1.237044865635703061e+01 1.686801488371027347e+01 2.780570630009432875e+01 4.240750516699698380e+01 5.128861927636476281e+01 5.802056805364819780e+01 6.161645835989016717e+01 5.577703832584331423e+01 6.229420872893826555e+01 6.161645835989016717e+01 5.511657381222703123e+01 4.523908543265389426e+01 2.995629568332966031e+01 2.039147664582788977e+01 1.121013750630070405e+01 1.121013750630070405e+01
1.121013750630070405e+01 1.121013750630070405e+01 1.237044865635703061e+01 1.936198618884699840e+01 2.897931068124023568e+01 4.125445806040308128e+01 5.250593447216020593e+01 6.161645835989016717e+01 6.161645835989016717e+01 5.437393068171343202e+01 5.802056805364819780e+01 6.113398102849675553e+01 5.511657381222703123e+01 4.523908543265389426e+01 2.821736811416711532e+01 1.824515956154935736e+01 1.121013750630070405e+01 1.121013750630070405e+01
1.121013750630070405e+01 1.121013750630070405e+01 1.237044865635703061e+01 2.216415426181830028e+01 3.008957862293773999e+01 4.560334864711425240e+01 6.025208695808477444e+01 6.506704467636413369e+01 6.474285885171609323e+01 6.046951149459255248e+01 6.046951149459255248e+01 6.042192799317623297e+01 5.109190200183822839e+01 3.798017439244367210e+01 2.542811314857901550e+01 1.824515956154935736e+01 1.121013750630070405e+01 1.121013750630070405e+01
1.121013750630070405e+01 1.121013750630070405e+01 1.237044865635703061e+01 2.216415426181830028e+01 3.232099719378036440e+01 4.695907827988251171e+01 6.025208695808477444e+01 7.053992272585017531e+01 7.053992272585017531e+01 7.053992272585017531e+01 6.042192799317623297e+01 5.820788621884368297e+01 4.523908543265389426e+01 3.488684708177073901e+01 2.300461492596647517e+01 1.237044865635703061e+01 1.121013750630070405e+01 1.121013750630070405e+01
