1.124493001858046881e+01 1.124493001858046881e+01 1.641674049814366398e+01 2.151258903102433706e+01 3.589232582415607453e+01 5.308228188481217558e+01 7.272369867975899638e+01 8.620177687132475342e+01 8.805754808481063378e+01 9.430555604359500421e+01 8.958049092261802571e+01 9.088896798324174142e+01 7.680214083149326143e+01 5.674117921181021273e+01 4.107898700479087495e+01 2.450625027767076602e+01 2.049002952487080975e+01 1.124493001858046881e+01
1.124493001858046881e+01 1.124493001858046881e+01 1.641674049814366398e+01 2.346444222995531703e+01 3.788604032508825981e+01 5.487922534596474833e+01 6.887177139452636254e+01 8.310081845022230596e+01 9.042538560355137633e+01 9.056663523110312042e+01 9.386195856142410321e+01 9.494576720157124328e+01 9.088896798324174142e+01 7.449488182055956997e+01 5.338707378815902871e+01 3.273064807269149412e+01 2.049002952487080975e+01 1.124493001858046881e+01
1.124493001858046881e+01 1.124493001858046881e+01 1.124493001858046881e+01 2.315877287485290381e+01 3.474270695282812937e+01 4.680242502466338550e+01 5.834357890457776108e+01 6.895075628414792845e+01 7.174678228519177026e+01 7.819836727739084381e+01 8.310081845022230596e+01 9.473037610555473975e+01 9.298171395384726168e+01 8.251702329447930140e+01 6.166216627730582900e+01 3.749933851223546100e+01 2.049002952487080975e+01 1.824250036165754807e+01
1.124493001858046881e+01 1.124493001858046881e+01 1.124493001858046881e+01 2.228350278240664650e+01 2.791452351151508893e+01 3.554235888537392185e+01 4.640398037295512523e+01 5.365792541824745854e+01 5.466713168929208422e+01 5.981016162521786583e+01 7.967704437978410681e+01 8.978419053443130338e+01 9.569734486127893547e+01 8.738947562710139039e+01 6.166216627730582900e+01 4.150612086505057619e+01 2.364431130350009269e+01 1.824250036165754807e+01
1.124493001858046881e+01 1.124493001858046881e+01 1.124493001858046881e+01 1.641674049814366398e+01 2.302957657833706406e+01 3.183938190509453747e+01 3.914880621476881828e+01 4.434902616100796280e+01 5.089752330679198877e+01 6.590137384894745765e+01 7.959459750197063954e+01 9.342682015094982262e+01 9.919103658779110333e+01 8.973240529928985154e+01 7.143518651598644453e+01 4.318975833904346473e+01 2.364431130350009269e+01 1.824250036165754807e+01
1.124493001858046881e+01 1.124493001858046881e+01 1.124493001858046881e+01 2.074217201957976187e+01 2.655141194584532016e+01 3.710326914588575420e+01 4.546031148826007495e+01 5.413974619267198563e+01 6.144558691490234992e+01 7.461781619190983861e+01 9.288648854009170464e+01 1.078692428324633141e+02 1.060093687126349522e+02 9.872353772772433445e+01 7.597237089154936029e+01 4.929564019710966960e+01 2.621267856141273356e+01 1.824250036165754807e+01
1.124493001858046881e+01 1.124493001858046881e+01 2.074217201957976187e+01 2.655141194584532016e+01 3.895252874763038164e+01 5.020566717596896211e+01 6.192879636443723967e+01 7.558371094647506538e+01 8.072953224413446094e+01 9.561113561609704448e+01 1.078692428324633141e+02 1.144584435143435144e+02 1.153134513388243079e+02 1.022300965781916489e+02 7.686098218188303122e+01 4.929564019710966960e+01 2.994394735015642439e+01 2.049002952487080975e+01
1.124493001858046881e+01 1.422236647007574994e+01 2.404298216252844256e+01 3.530402591992596228e+01 5.395869024250990265e+01 7.213600636562017598e+01 8.816650600129487714e+01 9.664401997967030411e+01 1.078692428324633141e+02 1.078692428324633141e+02 1.158165633405446897e+02 1.227163639141154192e+02 1.167687613452610265e+02 1.022300965781916489e+02 8.738947562710139039e+01 5.590530607770736538e+01 3.320909887045790043e+01 2.049002952487080975e+01
1.124493001858046881e+01 2.074217201957976187e+01 2.751661311330464343e+01 4.616956965004188618e+01 6.573547236704011709e+01 8.601545234592802558e+01 9.899946115899581400e+01 1.073031262716481251e+02 1.082321326823649486e+02 1.050826647434023187e+02 1.150099816345909289e+02 1.150099816345909289e+02 1.182848990155374764e+02 1.085289498046353742e+02 8.738947562710139039e+01 6.166216627730582900e+01 3.749933851223546100e+01 2.364431130350009269e+01
1.124493001858046881e+01 2.114409218102913712e+01 3.232099719378036440e+01 4.695177405514863977e+01 6.914698589469402634e+01 8.726174606517352572e+01 9.881401672593432295e+01 9.881401672593432295e+01 9.781266752472434689e+01 9.061089428334099694e+01 9.186412421870586797e+01 9.950337858489569953e+01 1.083589299697193695e+02 1.071461277126524578e+02 8.738947562710139039e+01 6.166216627730582900e+01 4.150612086505057619e+01 2.364431130350009269e+01
1.124493001858046881e+01 2.114409218102913712e+01 2.897279071790541138e+01 4.479803256401829259e+01 6.255821900402089852e+01 7.375441665187906892e+01 7.819836727739084381e+01 7.934444845372308919e+01 7.321054698621195200e+01 7.174678228519177026e+01 7.594971174920202373e+01 9.261862229621065978e+01 9.678216746359368017e+01 9.681885231933276259e+01 8.738947562710139039e+01 6.527537920408471450e+01 4.137176197309226211e+01 2.344977122399386360e+01
1.124493001858046881e+01 1.238072745656670470e+01 2.361477138187780511e+01 3.275266647993864666e+01 4.640398037295512523e+01 4.989994982016910541e+01 5.174245601727684374e+01 5.174245601727684374e+01 5.238019659463067512e+01 5.466713168929208422e+01 6.497411712796170491e+01 7.967704437978410681e+01 9.696788017832815854e+01 9.681885231933276259e+01 8.135041565501558125e+01 6.086177493621609358e+01 4.122699435477055374e+01 2.322072043560751098e+01
1.124493001858046881e+01 1.124493001858046881e+01 2.215641274947457973e+01 2.451518835279827968e+01 3.067304917939956610e+01 3.397873716759473695e+01 3.823179121873995001e+01 3.862825191954816972e+01 3.914880621476881828e+01 5.026846145382914699e+01 6.590137384894745765e+01 8.284027933312493985e+01 9.790684353191610967e+01 9.444008131512497073e+01 7.749417389232249320e+01 5.746919196200946800e+01 3.351989531009682111e+01 2.063668946969868045e+01
1.124493001858046881e+01 1.978491827346650211e+01 2.082255887800263139e+01 2.296805008204022513e+01 2.807872472431950683e+01 2.807872472431950683e+01 3.156617134632035260e+01 3.710326914588575420e+01 4.729639811904943514e+01 5.951350990584400336e+01 7.739439633673538310e+01 8.989092809972999021e+01 9.563539776795515479e+01 8.985295941006087617e+01 6.989061983515635745e+01 4.451353564731946477e+01 2.788207646909603810e+01 2.039628176122204550e+01
2.352655720605731560e+01 3.120490755463788446e+01 3.400606222463753170e+01 3.840861239134714822e+01 3.840861239134714822e+01 4.243371614674806835e+01 4.243371614674806835e+01 5.413974619267198563e+01 6.459510942585764326e+01 7.461781619190983861e+01 8.989092809972999021e+01 9.632847386479923557e+01 8.702091940006013715e+01 7.533571996760629474e+01 5.560408367316949096e+01 3.684245050438378399e+01 2.403207575678776209e+01 1.824250036165754807e+01
3.461216152130268853e+01 4.546031148826007495e+01 5.413974619267198563e+01 5.511507275015767959e+01 5.511507275015767959e+01 5.799531241386244318e+01 6.192879636443723967e+01 7.558371094647506538e+01 8.072953224413446094e+01 9.049887074390761654e+01 9.610858618873990622e+01 8.702091940006013715e+01 7.944591071758681267e+01 6.411749892998012967e+01 4.460611900825884391e+01 2.776813705018102851e+01 2.039628176122204550e+01 1.124493001858046881e+01
4.157703218815235857e+01 5.951350990584400336e+01 6.858904926971932525e+01 8.024964709276569863e+01 8.472165330228783375e+01 8.472165330228783375e+01 8.472165330228783375e+01 9.049887074390761654e+01 9.522954126534183672e+01 9.632847386479923557e+01 9.061089428334099694e+01 7.407644866085246349e+01 6.411749892998012967e+01 4.582734416228204566e+01 3.160766940868442632e+01 2.063668946969868045e+01 1.824250036165754807e+01 1.124493001858046881e+01
4.695177405514863977e+01 6.845056321431719937e+01 8.180285355488409493e+01 8.630184760119139753e+01 8.914410929064028721e+01 8.905241388414147252e+01 8.905241388414147252e+01 9.042538560355137633e+01 8.506655254948084632e+01 8.052788724266444831e+01 7.042220186886412137e+01 5.782642235466136782e+01 4.460611900825884391e+01 3.160766940868442632e+01 2.218600342955380711e+01 1.824250036165754807e+01 1.124493001858046881e+01 1.124493001858046881e+01
