1.324014831503530942e+00 1.324014831503530942e+00 1.324014831503530942e+00 1.324014831503530942e+00 1.572121432812598973e+00 1.497509996224805073e+00 1.504415272839502604e+00 1.477458893451582655e+00 1.436289013337177956e+00 1.528311094372099888e+00 1.497509996224805073e+00 1.324014831503530942e+00 1.324014831503530942e+00 1.324014831503530942e+00 1.324014831503530942e+00 1.324014831503530942e+00 1.324014831503530942e+00 1.324014831503530942e+00
1.324014831503530942e+00 1.324014831503530942e+00 1.324014831503530942e+00 1.572121432812598973e+00 1.497509996224805073e+00 1.497509996224805073e+00 1.497509996224805073e+00 1.497509996224805073e+00 1.529959756879622823e+00 1.497509996224805073e+00 1.436289013337177956e+00 1.477458893451582655e+00 1.324014831503530942e+00 1.324014831503530942e+00 1.324014831503530942e+00 1.324014831503530942e+00 1.324014831503530942e+00 1.324014831503530942e+00
1.324014831503530942e+00 1.324014831503530942e+00 1.324014831503530942e+00 1.504415272839502604e+00 1.504415272839502604e+00 1.436289013337177956e+00 1.497509996224805073e+00 1.529959756879622823e+00 1.529959756879622823e+00 1.504415272839502604e+00 1.436289013337177956e+00 1.408406779242882934e+00 1.324014831503530942e+00 1.324014831503530942e+00 1.324014831503530942e+00 1.324014831503530942e+00 1.324014831503530942e+00 1.324014831503530942e+00
1.324014831503530942e+00 1.324014831503530942e+00 1.324014831503530942e+00 1.504415272839502604e+00 1.436289013337177956e+00 1.477458893451582655e+00 1.436289013337177956e+00 1.664179253167217043e+00 1.529959756879622823e+00 1.504415272839502604e+00 1.436289013337177956e+00 1.436289013337177956e+00 1.324014831503530942e+00 1.324014831503530942e+00 1.324014831503530942e+00 1.324014831503530942e+00 1.324014831503530942e+00 1.324014831503530942e+00
1.324014831503530942e+00 1.324014831503530942e+00 1.324014831503530942e+00 1.324014831503530942e+00 1.324014831503530942e+00 1.477458893451582655e+00 1.408406779242882934e+00 1.436289013337177956e+00 1.958363994013259113e+00 1.504415272839502604e+00 1.436289013337177956e+00 1.324014831503530942e+00 1.324014831503530942e+00 1.324014831503530942e+00 1.324014831503530942e+00 1.324014831503530942e+00 1.324014831503530942e+00 1.324014831503530942e+00
1.324014831503530942e+00 1.324014831503530942e+00 1.324014831503530942e+00 1.324014831503530942e+00 1.324014831503530942e+00 1.324014831503530942e+00 1.324014831503530942e+00 1.436289013337177956e+00 2.005058375337253729e+00 1.504415272839502604e+00 1.408406779242882934e+00 1.408406779242882934e+00 1.324014831503530942e+00 1.324014831503530942e+00 1.324014831503530942e+00 1.324014831503530942e+00 1.324014831503530942e+00 1.324014831503530942e+00
1.324014831503530942e+00 1.324014831503530942e+00 1.324014831503530942e+00 1.324014831503530942e+00 1.324014831503530942e+00 1.324014831503530942e+00 1.324014831503530942e+00 1.436289013337177956e+00 1.746281260738523855e+00 2.290331076719003711e+00 1.842519431176843359e+00 1.408406779242882934e+00 1.324014831503530942e+00 1.324014831503530942e+00 1.324014831503530942e+00 1.324014831503530942e+00 1.324014831503530942e+00 1.324014831503530942e+00
1.324014831503530942e+00 1.324014831503530942e+00 1.324014831503530942e+00 1.324014831503530942e+00 1.324014831503530942e+00 1.324014831503530942e+00 1.324014831503530942e+00 1.436289013337177956e+00 2.883816791286159198e+00 2.005058375337253729e+00 1.860549305109003182e+00 1.769981545660051392e+00 1.324014831503530942e+00 1.324014831503530942e+00 1.324014831503530942e+00 1.324014831503530942e+00 1.324014831503530942e+00 1.324014831503530942e+00
1.324014831503530942e+00 1.324014831503530942e+00 1.324014831503530942e+00 1.324014831503530942e+00 1.324014831503530942e+00 1.324014831503530942e+00 1.324014831503530942e+00 1.436289013337177956e+00 2.783579408069607464e+00 2.594485885576404360e+00 1.572121432812598973e+00 1.744696322861747362e+00 1.477458893451582655e+00 1.324014831503530942e+00 1.324014831503530942e+00 1.324014831503530942e+00 1.324014831503530942e+00 1.324014831503530942e+00
1.324014831503530942e+00 1.324014831503530942e+00 1.324014831503530942e+00 1.324014831503530942e+00 1.324014831503530942e+00 1.324014831503530942e+00 1.324014831503530942e+00 1.436289013337177956e+00 2.908137993377680974e+00 1.572121432812598973e+00 1.497509996224805073e+00 1.477458893451582655e+00 1.436289013337177956e+00 1.324014831503530942e+00 1.324014831503530942e+00 1.324014831503530942e+00 1.324014831503530942e+00 1.324014831503530942e+00
1.324014831503530942e+00 1.324014831503530942e+00 1.324014831503530942e+00 1.324014831503530942e+00 1.324014831503530942e+00 1.324014831503530942e+00 1.324014831503530942e+00 1.436289013337177956e+00 1.853728053923545449e+00 1.504415272839502604e+00 1.504415272839502604e+00 1.436289013337177956e+00 1.477458893451582655e+00 1.324014831503530942e+00 1.324014831503530942e+00 1.324014831503530942e+00 1.324014831503530942e+00 1.324014831503530942e+00
1.324014831503530942e+00 1.324014831503530942e+00 1.324014831503530942e+00 1.324014831503530942e+00 1.324014831503530942e+00 1.324014831503530942e+00 1.324014831503530942e+00 1.436289013337177956e+00 2.065531572209099664e+00 1.860549305109003182e+00 1.504415272839502604e+00 1.408406779242882934e+00 1.324014831503530942e+00 1.324014831503530942e+00 1.324014831503530942e+00 1.324014831503530942e+00 1.324014831503530942e+00 1.324014831503530942e+00
1.324014831503530942e+00 1.324014831503530942e+00 1.324014831503530942e+00 1.324014831503530942e+00 1.324014831503530942e+00 1.324014831503530942e+00 1.324014831503530942e+00 1.436289013337177956e+00 2.947870718702326087e+00 2.118878688580133396e+00 1.504415272839502604e+00 1.497509996224805073e+00 1.324014831503530942e+00 1.324014831503530942e+00 1.324014831503530942e+00 1.324014831503530942e+00 1.324014831503530942e+00 1.324014831503530942e+00
1.324014831503530942e+00 1.324014831503530942e+00 1.324014831503530942e+00 1.324014831503530942e+00 1.324014831503530942e+00 1.324014831503530942e+00 1.324014831503530942e+00 1.436289013337177956e+00 2.783579408069607464e+00 2.005058375337253729e+00 1.572121432812598973e+00 1.600235901054212651e+00 1.497509996224805073e+00 1.436289013337177956e+00 1.324014831503530942e+00 1.324014831503530942e+00 1.324014831503530942e+00 1.324014831503530942e+00
1.324014831503530942e+00 1.324014831503530942e+00 1.324014831503530942e+00 1.324014831503530942e+00 1.324014831503530942e+00 1.324014831503530942e+00 1.324014831503530942e+00 1.477458893451582655e+00 2.168831205155987263e+00 2.500003542936422907e+00 1.921857963664621805e+00 1.572121432812598973e+00 1.529959756879622823e+00 1.477458893451582655e+00 1.324014831503530942e+00 1.324014831503530942e+00 1.324014831503530942e+00 1.324014831503530942e+00
1.324014831503530942e+00 1.324014831503530942e+00 1.324014831503530942e+00 1.324014831503530942e+00 1.324014831503530942e+00 1.324014831503530942e+00 1.324014831503530942e+00 1.769981545660051392e+00 4.432889880640136226e+00 2.005058375337253729e+00 1.860549305109003182e+00 1.504415272839502604e+00 1.436289013337177956e+00 1.477458893451582655e+00 1.324014831503530942e+00 1.324014831503530942e+00 1.324014831503530942e+00 1.324014831503530942e+00
1.324014831503530942e+00 1.324014831503530942e+00 1.324014831503530942e+00 1.324014831503530942e+00 1.324014831503530942e+00 1.324014831503530942e+00 1.436289013337177956e+00 1.528311094372099888e+00 1.769981545660051392e+00 2.005058375337253729e+00 1.572121432812598973e+00 1.497509996224805073e+00 1.436289013337177956e+00 1.436289013337177956e+00 1.324014831503530942e+00 1.324014831503530942e+00 1.324014831503530942e+00 1.324014831503530942e+00
1.324014831503530942e+00 1.324014831503530942e+00 1.324014831503530942e+00 1.324014831503530942e+00 1.324014831503530942e+00 1.324014831503530942e+00 1.324014831503530942e+00 1.436289013337177956e+00 1.572121432812598973e+00 1.600235901054212651e+00 1.504415272839502604e+00 1.436289013337177956e+00 1.436289013337177956e+00 1.324014831503530942e+00 1.324014831503530942e+00 1.324014831503530942e+00 1.324014831503530942e+00 1.324014831503530942e+00
