1.124341071605364739e+01 1.124341071605364739e+01 1.124341071605364739e+01 2.078864022899094977e+01 2.560334092401205197e+01 3.653287552467523369e+01 4.211055134631652663e+01 5.233794079898481044e+01 5.595202221709396184e+01 5.799531241386244318e+01 5.799531241386244318e+01 6.983469600245952336e+01 6.738606314883607240e+01 6.849006608858661593e+01 6.331428113505452870e+01 4.961226339290479359e+01 3.534994636413594549e+01 2.321717155178703251e+01
1.124341071605364739e+01 1.124341071605364739e+01 1.936757059598803465e+01 2.404298216252844256e+01 3.870595448212998235e+01 5.368089125866158184e+01 6.460426806173637715e+01 7.510842589673862335e+01 8.385435024096176448e+01 8.342696958088743031e+01 7.978174078002842862e+01 8.308348767628962150e+01 8.308348767628962150e+01 7.516463067760140859e+01 6.310205935222201390e+01 5.246890772368340805e+01 3.705432086688361437e+01 2.321717155178703251e+01
1.124341071605364739e+01 1.124341071605364739e+01 2.216415426181830028e+01 3.140699317660347845e+01 4.931942132899976627e+01 7.216720808484483030e+01 8.601258844521443336e+01 9.049887074390761654e+01 9.572427422440722466e+01 9.071402664796957538e+01 9.071402664796957538e+01 8.610629841383477867e+01 7.931831890987791667e+01 7.202581306517106441e+01 5.808703895637528092e+01 4.625545114658950752e+01 3.113124738527675817e+01 2.066068914978005822e+01
1.124341071605364739e+01 1.237011099232469924e+01 2.345493351614515376e+01 3.808871620217054499e+01 6.239232446351349637e+01 8.126624277396831530e+01 9.632837537914276993e+01 9.805947663680255744e+01 9.479835434097408609e+01 9.060010349278506681e+01 7.819836727739084381e+01 7.441931721345352457e+01 6.376491496333586895e+01 5.492520015652532095e+01 4.678756574799814416e+01 3.404526975259862098e+01 2.585724252738721418e+01 2.026508544406563672e+01
1.124341071605364739e+01 1.686841361542827755e+01 2.641247969345369029e+01 4.931942132899976627e+01 7.483440850670045563e+01 8.977799366444445184e+01 9.610858618873990622e+01 8.985261064519360730e+01 8.034020064462318089e+01 7.303409718526569350e+01 6.250520513201797712e+01 5.492520015652532095e+01 5.130996577171861617e+01 3.805967685803339862e+01 3.216507675059211380e+01 2.395346197938063781e+01 2.026508544406563672e+01 1.124341071605364739e+01
1.124341071605364739e+01 2.216415426181830028e+01 3.251645114493795319e+01 5.342049354245435211e+01 7.483440850670045563e+01 9.103168881759451381e+01 9.479835434097408609e+01 8.402471043728816369e+01 7.704265425802138623e+01 7.100013794702498160e+01 5.863319045209365754e+01 5.009440744074903051e+01 4.354038960333262764e+01 3.124905016307921457e+01 2.333159922574618861e+01 1.824507337965376763e+01 1.124341071605364739e+01 1.124341071605364739e+01
1.237011099232469924e+01 2.176234755706700241e+01 3.251645114493795319e+01 5.488555386578882889e+01 8.284709474268954921e+01 9.487140689874519239e+01 9.572427422440722466e+01 8.959035158402015497e+01 8.267346879675268667e+01 7.387490008364881078e+01 6.849006608858661593e+01 5.425172826657857428e+01 4.169286596278512746e+01 3.341032787488930467e+01 2.450625027767076602e+01 2.049002952487080975e+01 1.124341071605364739e+01 1.124341071605364739e+01
1.237011099232469924e+01 2.216415426181830028e+01 3.560704732245393700e+01 5.488555386578882889e+01 7.968830647127907696e+01 9.473037610555473975e+01 9.679952513431142336e+01 8.959035158402015497e+01 8.959035158402015497e+01 8.959035158402015497e+01 8.267346879675268667e+01 6.906439138294685165e+01 5.425172826657857428e+01 4.169286596278512746e+01 3.341032787488930467e+01 2.049002952487080975e+01 1.124341071605364739e+01 1.124341071605364739e+01
1.124341071605364739e+01 2.216415426181830028e+01 3.474270695282812937e+01 4.887789308105215724e+01 7.398098520563712555e+01 9.262601867238267062e+01 9.553106285938230258e+01 9.306707131210109196e+01 9.306707131210109196e+01 9.071402664796957538e+01 8.959035158402015497e+01 8.267346879675268667e+01 6.936836812466357571e+01 5.169751101808036964e+01 4.169286596278512746e+01 3.080237484539033588e+01 2.049002952487080975e+01 1.124341071605364739e+01
1.124341071605364739e+01 1.779079182320737118e+01 2.626548335527708389e+01 4.680146146429497378e+01 6.116292227532177606e+01 7.375441665187906892e+01 7.819836727739084381e+01 9.060010349278506681e+01 7.819836727739084381e+01 7.819836727739084381e+01 7.628243749671055696e+01 7.835276756678624110e+01 7.270160134731605694e+01 6.507096628203906619e+01 5.169751101808036964e+01 3.995910212940705719e+01 2.450625027767076602e+01 1.237011099232469924e+01
1.124341071605364739e+01 1.124341071605364739e+01 2.361874372888165752e+01 3.185885154840470079e+01 4.684394641779822166e+01 5.833416767702552619e+01 6.895075628414792845e+01 6.376491496333586895e+01 6.139344518259565575e+01 5.833416767702552619e+01 5.833416767702552619e+01 6.895075628414792845e+01 6.887117226418941129e+01 7.100013794702498160e+01 6.173514813051532713e+01 4.651581203815166532e+01 3.080237484539033588e+01 2.049002952487080975e+01
1.124341071605364739e+01 1.124341071605364739e+01 1.455069427316034769e+01 2.451518835279827968e+01 3.360954846030377041e+01 4.257148120841039685e+01 4.257148120841039685e+01 4.098615155694848511e+01 4.098615155694848511e+01 4.052501818180429893e+01 4.098615155694848511e+01 4.726443183693584871e+01 5.982162018847085960e+01 6.688945606817020462e+01 6.507096628203906619e+01 5.377160216755163447e+01 3.750023414712531178e+01 2.321717155178703251e+01
1.124341071605364739e+01 1.124341071605364739e+01 1.124341071605364739e+01 1.686841361542827755e+01 2.228350278240664650e+01 2.578547405696741279e+01 2.828986759800314132e+01 2.467721407813568746e+01 2.467721407813568746e+01 2.467721407813568746e+01 2.917681192309971294e+01 3.960792987953965394e+01 5.199518230876071101e+01 6.496533274734646568e+01 7.100013794702498160e+01 5.637820145493431312e+01 4.150612086505057619e+01 2.568529433357516112e+01
1.124341071605364739e+01 1.124341071605364739e+01 1.237011099232469924e+01 1.686841361542827755e+01 2.149488827623791565e+01 2.431283530302896523e+01 2.603873383769855820e+01 2.863144414375484104e+01 2.159089524345141342e+01 2.142577157268918597e+01 2.509482801084143233e+01 3.689043589737454454e+01 5.199518230876071101e+01 6.744261989903280607e+01 7.084431400459928341e+01 6.065146506860195075e+01 4.336408097459612776e+01 2.568529433357516112e+01
1.124341071605364739e+01 1.124341071605364739e+01 1.936757059598803465e+01 2.414727821639969818e+01 3.127981309851279335e+01 3.614011623443803245e+01 3.945081586469530066e+01 3.284133949145255826e+01 2.884746801331188593e+01 2.785285656922230757e+01 3.156617134632035260e+01 4.080202694668128061e+01 5.914133479116669179e+01 7.183536155949087743e+01 7.444971912714635209e+01 6.528547700957297195e+01 4.336408097459612776e+01 2.542811314857901550e+01
1.124341071605364739e+01 1.237011099232469924e+01 2.176234755706700241e+01 3.540486534941953778e+01 4.635146924035146299e+01 5.609744574289497621e+01 5.595202221709396184e+01 5.733658196160298814e+01 4.477139578338565684e+01 4.243805369543026984e+01 4.360079296905899326e+01 5.395869024250990265e+01 7.231673774639119756e+01 7.754181864579665273e+01 7.633798399115289612e+01 5.894880806933903727e+01 3.847100120090766495e+01 2.542811314857901550e+01
1.124341071605364739e+01 1.237011099232469924e+01 2.345493351614515376e+01 3.808871620217054499e+01 5.770734805131986889e+01 7.453020798175963080e+01 7.387490008364881078e+01 7.428345845030023042e+01 6.906439138294685165e+01 5.733658196160298814e+01 6.144558691490234992e+01 7.404602509873716087e+01 8.086119439207067217e+01 7.900845265508688442e+01 6.956255232366181929e+01 5.384721103630690919e+01 3.684245050438378399e+01 2.066068914978005822e+01
1.124341071605364739e+01 1.237011099232469924e+01 2.641247969345369029e+01 4.207376769714919362e+01 6.272658992562321600e+01 8.620177687132475342e+01 8.903811276347647663e+01 8.959035158402015497e+01 8.959035158402015497e+01 7.428345845030023042e+01 7.978174078002842862e+01 8.086119439207067217e+01 8.183826590112805377e+01 8.045780853811344002e+01 6.492025683403419123e+01 4.366403970696784143e+01 2.787397780662373492e+01 2.026508544406563672e+01
