1.126490116996131974e+01 1.126490116996131974e+01 1.126490116996131974e+01 1.126490116996131974e+01 1.126490116996131974e+01 2.074217201957976187e+01 3.428575459452749641e+01 5.236853523677192612e+01 7.272369867975899638e+01 7.754181864579665273e+01 6.762927714629776688e+01 5.204437506930877078e+01 2.766131569558958958e+01 1.989637997431533023e+01 1.126490116996131974e+01 1.126490116996131974e+01 1.126490116996131974e+01 1.126490116996131974e+01
1.126490116996131974e+01 1.126490116996131974e+01 1.126490116996131974e+01 1.126490116996131974e+01 1.686778697132384863e+01 2.176234755706700241e+01 3.808871620217054499e+01 5.985450955781784188e+01 7.959459750197063954e+01 8.142844289049864415e+01 7.361792592660336254e+01 4.919125963631508114e+01 3.020728189477805259e+01 1.989637997431533023e+01 1.126490116996131974e+01 1.126490116996131974e+01 1.126490116996131974e+01 1.126490116996131974e+01
1.126490116996131974e+01 1.126490116996131974e+01 1.126490116996131974e+01 1.126490116996131974e+01 1.936440303383771777e+01 2.698657185347812870e+01 4.442322010824742051e+01 6.573547236704011709e+01 8.203032948250529444e+01 8.324465948523594250e+01 6.990585904079232193e+01 4.919125963631508114e+01 2.849536742138479894e+01 1.989637997431533023e+01 1.126490116996131974e+01 1.126490116996131974e+01 1.126490116996131974e+01 1.126490116996131974e+01
1.126490116996131974e+01 1.126490116996131974e+01 1.126490116996131974e+01 1.126490116996131974e+01 2.074217201957976187e+01 3.428575459452749641e+01 5.236853523677192612e+01 7.425195695592316270e+01 8.497213559880796652e+01 8.402471043728816369e+01 6.570954853138130147e+01 4.919125963631508114e+01 2.766131569558958958e+01 1.989637997431533023e+01 1.126490116996131974e+01 1.126490116996131974e+01 1.126490116996131974e+01 1.126490116996131974e+01
1.126490116996131974e+01 1.126490116996131974e+01 1.126490116996131974e+01 1.686778697132384863e+01 2.176234755706700241e+01 3.751020995117742274e+01 5.777822825007203278e+01 7.959459750197063954e+01 9.230783621565176134e+01 8.644535650284109352e+01 7.597237089154936029e+01 4.352018790524184055e+01 3.037460504782519166e+01 2.091264622104480964e+01 1.126490116996131974e+01 1.126490116996131974e+01 1.126490116996131974e+01 1.126490116996131974e+01
1.126490116996131974e+01 1.126490116996131974e+01 1.126490116996131974e+01 1.686778697132384863e+01 2.710046378756584318e+01 4.569539799680872960e+01 6.573547236704011709e+01 9.003639706058392278e+01 9.925291257472103723e+01 9.911123469501710304e+01 7.717493855227309041e+01 5.338674766987266906e+01 3.237070809700489349e+01 2.049002952487080975e+01 1.126490116996131974e+01 1.126490116996131974e+01 1.126490116996131974e+01 1.126490116996131974e+01
1.126490116996131974e+01 1.126490116996131974e+01 1.126490116996131974e+01 1.997481843748850849e+01 3.262840794615879503e+01 5.342049354245435211e+01 7.737381921173944477e+01 1.011151529873960868e+02 1.118246327909059517e+02 1.060093687126349522e+02 8.973240529928985154e+01 6.834889311077886020e+01 4.169286596278512746e+01 2.969383579689096209e+01 2.049002952487080975e+01 1.126490116996131974e+01 1.126490116996131974e+01 1.126490116996131974e+01
1.126490116996131974e+01 1.126490116996131974e+01 1.126490116996131974e+01 2.176234755706700241e+01 3.689043589737454454e+01 5.777822825007203278e+01 8.473869964078568273e+01 1.079504083644616088e+02 1.158165633405446897e+02 1.133905431258727674e+02 1.022300965781916489e+02 7.717493855227309041e+01 5.483634080418008239e+01 4.107898700479087495e+01 2.450625027767076602e+01 1.126490116996131974e+01 1.126490116996131974e+01 1.126490116996131974e+01
1.126490116996131974e+01 1.126490116996131974e+01 1.686778697132384863e+01 2.641247969345369029e+01 4.442322010824742051e+01 6.272658992562321600e+01 8.785039590629016004e+01 1.084778658643535323e+02 1.164424178260872651e+02 1.133905431258727674e+02 1.022300965781916489e+02 9.091765863799099634e+01 7.449488182055956997e+01 5.338674766987266906e+01 2.994394735015642439e+01 2.049002952487080975e+01 1.126490116996131974e+01 1.126490116996131974e+01
1.126490116996131974e+01 1.126490116996131974e+01 1.686778697132384863e+01 2.641247969345369029e+01 4.442322010824742051e+01 7.016220084064542561e+01 8.785039590629016004e+01 1.000374059712158328e+02 1.041238783246166122e+02 1.041238783246166122e+02 9.679744190647890889e+01 9.298171395384726168e+01 7.811806521015768112e+01 5.377160216755163447e+01 3.305906274090907715e+01 1.989637997431533023e+01 1.126490116996131974e+01 1.126490116996131974e+01
1.126490116996131974e+01 1.126490116996131974e+01 1.997481843748850849e+01 3.262840794615879503e+01 4.998577398692049911e+01 7.106162378996027940e+01 8.486903323366574625e+01 9.042538560355137633e+01 9.060010349278506681e+01 9.262601867238267062e+01 9.553106285938230258e+01 9.306707131210109196e+01 7.811806521015768112e+01 6.040367577066155746e+01 3.305906274090907715e+01 1.989637997431533023e+01 1.126490116996131974e+01 1.126490116996131974e+01
1.126490116996131974e+01 1.126490116996131974e+01 1.997481843748850849e+01 3.303638265774011984e+01 5.488555386578882889e+01 7.106162378996027940e+01 8.486903323366574625e+01 8.610629841383477867e+01 7.983827499213190038e+01 8.256517872907315336e+01 9.103168881759451381e+01 9.113760167247568234e+01 7.811806521015768112e+01 5.894880806933903727e+01 3.305906274090907715e+01 1.989637997431533023e+01 1.126490116996131974e+01 1.126490116996131974e+01
1.126490116996131974e+01 1.126490116996131974e+01 1.997481843748850849e+01 3.559991056138967025e+01 5.488555386578882889e+01 7.265801279757859277e+01 8.550754076697428729e+01 7.661548435042261929e+01 7.563898464666142729e+01 8.433855653252427942e+01 8.785039590629016004e+01 9.298171395384726168e+01 7.811806521015768112e+01 5.377160216755163447e+01 3.305906274090907715e+01 1.989637997431533023e+01 1.126490116996131974e+01 1.126490116996131974e+01
1.126490116996131974e+01 1.126490116996131974e+01 1.997481843748850849e+01 3.559991056138967025e+01 5.488555386578882889e+01 7.106162378996027940e+01 8.664390912892199026e+01 8.267346879675268667e+01 8.088331516954852418e+01 8.290619570382530412e+01 8.938716258574221740e+01 9.113760167247568234e+01 7.679713400885839292e+01 5.744623408363934658e+01 3.166731897413205843e+01 1.989637997431533023e+01 1.126490116996131974e+01 1.126490116996131974e+01
1.126490116996131974e+01 1.126490116996131974e+01 1.997481843748850849e+01 3.232099719378036440e+01 4.887789308105215724e+01 7.016220084064542561e+01 8.395991890580344830e+01 8.586095135807956069e+01 8.761160704324741744e+01 9.361404382070881525e+01 9.632613865943078224e+01 8.402471043728816369e+01 6.990585904079232193e+01 4.753987744225801038e+01 2.849536742138479894e+01 1.989637997431533023e+01 1.126490116996131974e+01 1.126490116996131974e+01
1.126490116996131974e+01 1.126490116996131974e+01 1.686778697132384863e+01 2.937689947891442444e+01 4.380016816449965944e+01 6.600464494719579989e+01 8.271736591653663595e+01 8.632613372401603158e+01 9.378985755031912674e+01 9.632613865943078224e+01 9.113760167247568234e+01 8.010005600009600357e+01 5.905790712023000566e+01 4.261345676285970541e+01 2.492974186294524941e+01 1.824250036165754807e+01 1.126490116996131974e+01 1.126490116996131974e+01
1.126490116996131974e+01 1.126490116996131974e+01 1.126490116996131974e+01 2.524352197177416812e+01 3.855159432389605456e+01 5.525323961804568285e+01 7.082609168826184032e+01 8.256517872907315336e+01 9.042538560355137633e+01 9.060010349278506681e+01 8.042833538048047615e+01 6.828880716756830793e+01 5.156767243577176885e+01 3.256354053046011643e+01 2.300461492596647517e+01 1.126490116996131974e+01 1.126490116996131974e+01 1.126490116996131974e+01
1.126490116996131974e+01 1.126490116996131974e+01 1.126490116996131974e+01 1.997481843748850849e+01 2.937689947891442444e+01 4.163353255535809438e+01 5.525323961804568285e+01 6.895075628414792845e+01 7.174678228519177026e+01 6.852762814585365447e+01 6.585873592349125261e+01 4.946349356604365965e+01 3.905210123846447345e+01 2.397854812049918749e+01 1.824250036165754807e+01 1.126490116996131974e+01 1.126490116996131974e+01 1.126490116996131974e+01
