1.157920322960940940e+00 1.157920322960940940e+00 1.513175972072411613e+00 1.504415272839502604e+00 1.414238054815444512e+00 1.425959058705807969e+00 1.425959058705807969e+00 1.425959058705807969e+00 1.513175972072411613e+00 1.513175972072411613e+00 1.497509996224805073e+00 1.524039167710919296e+00 1.524039167710919296e+00 1.476934830297549350e+00 1.524039167710919296e+00 1.478342207360586524e+00 1.414238054815444512e+00 1.425959058705807969e+00
1.227532849370740919e+00 1.157920322960940940e+00 1.513175972072411613e+00 1.504415272839502604e+00 1.425959058705807969e+00 1.425959058705807969e+00 1.425959058705807969e+00 1.510622354878528917e+00 1.513175972072411613e+00 1.513175972072411613e+00 1.524039167710919296e+00 1.425959058705807969e+00 1.448444016827660663e+00 1.529959756879622823e+00 1.513175972072411613e+00 1.517254761250206752e+00 1.414238054815444512e+00 1.353464681780746304e+00
1.562960426698323246e+00 1.497509996224805073e+00 1.497509996224805073e+00 1.227532849370740919e+00 1.324014831503530942e+00 1.425959058705807969e+00 1.572121432812598973e+00 1.497509996224805073e+00 1.497509996224805073e+00 1.414238054815444512e+00 1.425959058705807969e+00 1.425959058705807969e+00 1.425959058705807969e+00 1.476934830297549350e+00 1.581094077116241170e+00 1.517254761250206752e+00 1.448444016827660663e+00 1.353464681780746304e+00
1.510622354878528917e+00 1.562960426698323246e+00 1.448444016827660663e+00 1.493886903115157816e+00 1.324014831503530942e+00 1.513175972072411613e+00 1.513175972072411613e+00 1.524039167710919296e+00 1.507898862905742154e+00 1.414238054815444512e+00 1.425959058705807969e+00 1.414238054815444512e+00 1.425959058705807969e+00 1.731428546870463547e+00 1.572121432812598973e+00 1.493886903115157816e+00 1.425959058705807969e+00 1.261858756908649015e+00
1.507898862905742154e+00 1.507898862905742154e+00 1.572121432812598973e+00 1.414238054815444512e+00 1.434833712701845787e+00 1.513175972072411613e+00 1.504415272839502604e+00 1.524039167710919296e+00 1.425959058705807969e+00 1.414238054815444512e+00 1.353464681780746304e+00 1.513175972072411613e+00 1.425959058705807969e+00 1.581094077116241170e+00 1.478342207360586524e+00 1.524039167710919296e+00 1.425959058705807969e+00 1.286531874950107790e+00
1.524039167710919296e+00 1.614566915513834466e+00 1.597695876637137635e+00 1.524039167710919296e+00 2.181496190149480707e+00 1.513175972072411613e+00 1.504415272839502604e+00 1.513175972072411613e+00 1.425959058705807969e+00 1.448444016827660663e+00 1.324014831503530942e+00 1.425959058705807969e+00 1.529959756879622823e+00 1.780339356943106521e+00 1.661112504986534288e+00 1.504415272839502604e+00 1.448444016827660663e+00 1.448444016827660663e+00
1.614566915513834466e+00 1.529959756879622823e+00 1.563709789672182104e+00 5.789753069563435872e+01 1.328872961999807103e+02 1.513175972072411613e+00 1.504415272839502604e+00 1.434833712701845787e+00 1.425959058705807969e+00 1.448444016827660663e+00 1.425959058705807969e+00 1.425959058705807969e+00 2.005058375337253729e+00 1.780339356943106521e+00 1.581094077116241170e+00 1.581094077116241170e+00 1.562960426698323246e+00 1.497509996224805073e+00
1.524039167710919296e+00 1.524039167710919296e+00 3.127638743499172236e+01 1.205025801248511215e+02 1.651565779067272501e+02 6.617716753469380819e+01 1.513175972072411613e+00 1.414238054815444512e+00 1.488319788019801360e+00 1.414238054815444512e+00 1.448444016827660663e+00 1.476934830297549350e+00 2.005058375337253729e+00 1.614566915513834466e+00 1.581094077116241170e+00 1.513175972072411613e+00 1.515980476697848189e+00 1.524039167710919296e+00
1.157920322960940940e+00 1.461943102376729753e+00 4.188628398430251565e+01 1.599686756010339082e+02 6.326862511940159095e+01 6.605082078286406500e+01 2.005058375337253729e+00 1.661112504986534288e+00 1.504415272839502604e+00 1.434833712701845787e+00 1.524039167710919296e+00 2.181496190149480707e+00 2.500003542936422907e+00 1.513175972072411613e+00 1.614566915513834466e+00 1.581094077116241170e+00 1.524039167710919296e+00 1.448444016827660663e+00
1.157920322960940940e+00 1.157920322960940940e+00 1.474365636734590090e+00 1.474365636734590090e+00 1.772355351130541212e+00 3.787985775501190311e+00 1.513175972072411613e+00 1.510622354878528917e+00 1.741132164584051623e+00 1.524039167710919296e+00 2.240352996096401839e+01 1.650157864708618547e+02 1.257310562152241289e+02 1.513175972072411613e+00 1.581094077116241170e+00 1.562960426698323246e+00 1.504415272839502604e+00 1.515980476697848189e+00
1.157920322960940940e+00 1.157920322960940940e+00 1.157920322960940940e+00 1.157920322960940940e+00 1.157920322960940940e+00 1.474365636734590090e+00 1.513175972072411613e+00 1.581094077116241170e+00 1.731428546870463547e+00 1.772355351130541212e+00 4.188628398430251565e+01 1.599686756010339082e+02 5.382407430886640753e+01 1.614566915513834466e+00 1.513175972072411613e+00 1.597695876637137635e+00 1.504415272839502604e+00 1.515980476697848189e+00
1.157920322960940940e+00 1.157920322960940940e+00 1.157920322960940940e+00 1.157920322960940940e+00 1.157920322960940940e+00 1.157920322960940940e+00 1.513175972072411613e+00 1.572121432812598973e+00 1.497509996224805073e+00 1.744696322861747362e+00 3.148778777665200934e+01 7.111423789765368042e+01 1.572121432812598973e+00 1.513175972072411613e+00 1.497509996224805073e+00 1.524039167710919296e+00 1.581094077116241170e+00 1.515980476697848189e+00
1.157920322960940940e+00 1.157920322960940940e+00 1.157920322960940940e+00 1.157920322960940940e+00 1.157920322960940940e+00 1.157920322960940940e+00 1.513175972072411613e+00 1.513175972072411613e+00 1.425959058705807969e+00 1.529959756879622823e+00 4.808568623644381645e+00 1.513175972072411613e+00 1.517254761250206752e+00 1.524039167710919296e+00 1.448444016827660663e+00 1.513175972072411613e+00 1.513175972072411613e+00 1.513175972072411613e+00
1.157920322960940940e+00 1.157920322960940940e+00 1.157920322960940940e+00 1.157920322960940940e+00 1.157920322960940940e+00 1.157920322960940940e+00 1.513175972072411613e+00 1.513175972072411613e+00 1.425959058705807969e+00 1.425959058705807969e+00 1.581094077116241170e+00 1.513175972072411613e+00 1.507898862905742154e+00 1.448444016827660663e+00 1.414238054815444512e+00 1.434833712701845787e+00 1.563709789672182104e+00 1.524039167710919296e+00
1.157920322960940940e+00 1.157920322960940940e+00 1.157920322960940940e+00 1.157920322960940940e+00 1.157920322960940940e+00 1.157920322960940940e+00 1.581094077116241170e+00 1.261858756908649015e+00 1.353464681780746304e+00 1.157920322960940940e+00 1.572121432812598973e+00 1.517254761250206752e+00 1.524039167710919296e+00 1.448444016827660663e+00 1.510622354878528917e+00 1.529959756879622823e+00 1.414238054815444512e+00 1.414238054815444512e+00
1.157920322960940940e+00 1.157920322960940940e+00 1.157920322960940940e+00 1.157920322960940940e+00 1.157920322960940940e+00 1.157920322960940940e+00 1.510622354878528917e+00 1.562960426698323246e+00 1.261858756908649015e+00 1.513175972072411613e+00 1.478342207360586524e+00 1.524039167710919296e+00 1.448444016827660663e+00 1.513175972072411613e+00 1.425959058705807969e+00 1.529959756879622823e+00 1.448444016827660663e+00 1.157920322960940940e+00
1.157920322960940940e+00 1.157920322960940940e+00 1.157920322960940940e+00 1.157920322960940940e+00 1.157920322960940940e+00 1.513175972072411613e+00 1.515980476697848189e+00 1.529959756879622823e+00 1.529959756879622823e+00 1.513175972072411613e+00 1.572121432812598973e+00 1.504415272839502604e+00 1.414238054815444512e+00 1.510622354878528917e+00 1.513175972072411613e+00 1.476934830297549350e+00 1.529959756879622823e+00 1.157920322960940940e+00
1.157920322960940940e+00 1.157920322960940940e+00 1.157920322960940940e+00 1.157920322960940940e+00 1.614566915513834466e+00 1.581094077116241170e+00 1.581094077116241170e+00 1.529959756879622823e+00 1.529959756879622823e+00 1.614566915513834466e+00 1.741132164584051623e+00 1.504415272839502604e+00 1.563709789672182104e+00 1.414238054815444512e+00 1.414238054815444512e+00 1.476934830297549350e+00 1.157920322960940940e+00 1.157920322960940940e+00
