1.356823674886390130e+01 1.356823674886390130e+01 1.631576196724022765e+01 0.000000000000000000e+00 0.000000000000000000e+00 0.000000000000000000e+00 0.000000000000000000e+00 0.000000000000000000e+00 0.000000000000000000e+00 0.000000000000000000e+00 0.000000000000000000e+00 0.000000000000000000e+00 0.000000000000000000e+00 0.000000000000000000e+00 1.631576196724022765e+01 1.356823674886390130e+01 1.356823674886390130e+01 1.356823674886390130e+01
1.356823674886390130e+01 1.356823674886390130e+01 1.631576196724022765e+01 0.000000000000000000e+00 0.000000000000000000e+00 0.000000000000000000e+00 0.000000000000000000e+00 0.000000000000000000e+00 0.000000000000000000e+00 0.000000000000000000e+00 0.000000000000000000e+00 0.000000000000000000e+00 0.000000000000000000e+00 0.000000000000000000e+00 0.000000000000000000e+00 0.000000000000000000e+00 1.356823674886390130e+01 1.356823674886390130e+01
1.356823674886390130e+01 1.356823674886390130e+01 1.631576196724022765e+01 0.000000000000000000e+00 0.000000000000000000e+00 0.000000000000000000e+00 0.000000000000000000e+00 0.000000000000000000e+00 0.000000000000000000e+00 0.000000000000000000e+00 0.000000000000000000e+00 0.000000000000000000e+00 0.000000000000000000e+00 0.000000000000000000e+00 0.000000000000000000e+00 0.000000000000000000e+00 1.631576196724022765e+01 1.356823674886390130e+01
1.356823674886390130e+01 1.356823674886390130e+01 1.631576196724022765e+01 0.000000000000000000e+00 0.000000000000000000e+00 0.000000000000000000e+00 0.000000000000000000e+00 0.000000000000000000e+00 0.000000000000000000e+00 0.000000000000000000e+00 0.000000000000000000e+00 0.000000000000000000e+00 0.000000000000000000e+00 0.000000000000000000e+00 0.000000000000000000e+00 0.000000000000000000e+00 0.000000000000000000e+00 1.356823674886390130e+01
1.356823674886390130e+01 1.356823674886390130e+01 1.631576196724022765e+01 0.000000000000000000e+00 0.000000000000000000e+00 0.000000000000000000e+00 0.000000000000000000e+00 0.000000000000000000e+00 0.000000000000000000e+00 0.000000000000000000e+00 0.000000000000000000e+00 0.000000000000000000e+00 0.000000000000000000e+00 0.000000000000000000e+00 0.000000000000000000e+00 0.000000000000000000e+00 0.000000000000000000e+00 1.631576196724022765e+01
1.356823674886390130e+01 1.356823674886390130e+01 1.489695555666108362e+01 0.000000000000000000e+00 0.000000000000000000e+00 0.000000000000000000e+00 0.000000000000000000e+00 0.000000000000000000e+00 0.000000000000000000e+00 0.000000000000000000e+00 0.000000000000000000e+00 0.000000000000000000e+00 0.000000000000000000e+00 0.000000000000000000e+00 0.000000000000000000e+00 0.000000000000000000e+00 0.000000000000000000e+00 0.000000000000000000e+00
1.356823674886390130e+01 1.356823674886390130e+01 1.356823674886390130e+01 1.489695555666108362e+01 0.000000000000000000e+00 0.000000000000000000e+00 0.000000000000000000e+00 0.000000000000000000e+00 0.000000000000000000e+00 0.000000000000000000e+00 0.000000000000000000e+00 0.000000000000000000e+00 0.000000000000000000e+00 0.000000000000000000e+00 0.000000000000000000e+00 0.000000000000000000e+00 0.000000000000000000e+00 0.000000000000000000e+00
1.356823674886390130e+01 1.356823674886390130e+01 1.356823674886390130e+01 1.356823674886390130e+01 1.356823674886390130e+01 0.000000000000000000e+00 0.000000000000000000e+00 0.000000000000000000e+00 0.000000000000000000e+00 0.000000000000000000e+00 0.000000000000000000e+00 0.000000000000000000e+00 0.000000000000000000e+00 0.000000000000000000e+00 0.000000000000000000e+00 0.000000000000000000e+00 0.000000000000000000e+00 0.000000000000000000e+00
1.356823674886390130e+01 1.356823674886390130e+01 1.356823674886390130e+01 1.356823674886390130e+01 1.356823674886390130e+01 1.356823674886390130e+01 1.631576196724022765e+01 0.000000000000000000e+00 0.000000000000000000e+00 0.000000000000000000e+00 0.000000000000000000e+00 0.000000000000000000e+00 0.000000000000000000e+00 0.000000000000000000e+00 0.000000000000000000e+00 0.000000000000000000e+00 0.000000000000000000e+00 0.000000000000000000e+00
1.356823674886390130e+01 1.356823674886390130e+01 1.356823674886390130e+01 1.356823674886390130e+01 1.356823674886390130e+01 1.356823674886390130e+01 1.631576196724022765e+01 0.000000000000000000e+00 0.000000000000000000e+00 0.000000000000000000e+00 0.000000000000000000e+00 0.000000000000000000e+00 0.000000000000000000e+00 0.000000000000000000e+00 0.000000000000000000e+00 0.000000000000000000e+00 0.000000000000000000e+00 1.572004117442926052e+01
1.356823674886390130e+01 1.356823674886390130e+01 1.356823674886390130e+01 1.356823674886390130e+01 1.356823674886390130e+01 1.390349547157918764e+01 0.000000000000000000e+00 0.000000000000000000e+00 0.000000000000000000e+00 0.000000000000000000e+00 0.000000000000000000e+00 0.000000000000000000e+00 0.000000000000000000e+00 0.000000000000000000e+00 0.000000000000000000e+00 0.000000000000000000e+00 0.000000000000000000e+00 1.681606310947640992e+01
1.356823674886390130e+01 1.356823674886390130e+01 1.356823674886390130e+01 1.356823674886390130e+01 1.432987474180814758e+01 1.631576196724022765e+01 0.000000000000000000e+00 0.000000000000000000e+00 0.000000000000000000e+00 0.000000000000000000e+00 0.000000000000000000e+00 0.000000000000000000e+00 0.000000000000000000e+00 0.000000000000000000e+00 0.000000000000000000e+00 0.000000000000000000e+00 0.000000000000000000e+00 1.356823674886390130e+01
1.356823674886390130e+01 1.356823674886390130e+01 1.356823674886390130e+01 1.356823674886390130e+01 1.693845498597318411e+01 0.000000000000000000e+00 0.000000000000000000e+00 0.000000000000000000e+00 0.000000000000000000e+00 0.000000000000000000e+00 0.000000000000000000e+00 0.000000000000000000e+00 0.000000000000000000e+00 0.000000000000000000e+00 0.000000000000000000e+00 0.000000000000000000e+00 1.681606310947640992e+01 1.356823674886390130e+01
1.356823674886390130e+01 1.356823674886390130e+01 1.356823674886390130e+01 1.432987474180814758e+01 0.000000000000000000e+00 0.000000000000000000e+00 0.000000000000000000e+00 0.000000000000000000e+00 0.000000000000000000e+00 0.000000000000000000e+00 0.000000000000000000e+00 0.000000000000000000e+00 0.000000000000000000e+00 0.000000000000000000e+00 0.000000000000000000e+00 0.000000000000000000e+00 1.356823674886390130e+01 1.356823674886390130e+01
1.356823674886390130e+01 1.356823674886390130e+01 1.356823674886390130e+01 1.631576196724022765e+01 0.000000000000000000e+00 0.000000000000000000e+00 0.000000000000000000e+00 0.000000000000000000e+00 0.000000000000000000e+00 0.000000000000000000e+00 0.000000000000000000e+00 0.000000000000000000e+00 0.000000000000000000e+00 0.000000000000000000e+00 0.000000000000000000e+00 1.681606310947640992e+01 1.356823674886390130e+01 1.356823674886390130e+01
1.356823674886390130e+01 1.356823674886390130e+01 1.390349547157918764e+01 0.000000000000000000e+00 0.000000000000000000e+00 0.000000000000000000e+00 0.000000000000000000e+00 0.000000000000000000e+00 0.000000000000000000e+00 0.000000000000000000e+00 0.000000000000000000e+00 0.000000000000000000e+00 0.000000000000000000e+00 0.000000000000000000e+00 1.681606310947640992e+01 1.356823674886390130e+01 1.356823674886390130e+01 1.356823674886390130e+01
1.356823674886390130e+01 1.432987474180814758e+01 1.693845498597318411e+01 0.000000000000000000e+00 0.000000000000000000e+00 0.000000000000000000e+00 0.000000000000000000e+00 0.000000000000000000e+00 0.000000000000000000e+00 0.000000000000000000e+00 0.000000000000000000e+00 0.000000000000000000e+00 0.000000000000000000e+00 1.631576196724022765e+01 1.356823674886390130e+01 1.356823674886390130e+01 1.356823674886390130e+01 1.356823674886390130e+01
1.356823674886390130e+01 1.356823674886390130e+01 0.000000000000000000e+00 0.000000000000000000e+00 0.000000000000000000e+00 0.000000000000000000e+00 0.000000000000000000e+00 0.000000000000000000e+00 0.000000000000000000e+00 0.000000000000000000e+00 0.000000000000000000e+00 0.000000000000000000e+00 0.000000000000000000e+00 1.356823674886390130e+01 1.356823674886390130e+01 1.356823674886390130e+01 1.356823674886390130e+01 1.356823674886390130e+01
