1.474720961006201847e+01 1.474720961006201847e+01 1.474720961006201847e+01 1.474720961006201847e+01 1.474720961006201847e+01 2.207956594795269467e+01 2.263480614448074490e+01 2.161788819459172828e+01 2.161788819459172828e+01 2.207956594795269467e+01 2.409230764426619942e+01 3.132386091433124164e+01 3.271251543509730197e+01 3.203657864771373198e+01 2.991344832762847261e+01 2.099650847165708711e+01 1.474720961006201847e+01 1.474720961006201847e+01
1.474720961006201847e+01 1.474720961006201847e+01 1.474720961006201847e+01 1.474720961006201847e+01 2.130641507240085986e+01 2.865658763408406173e+01 3.203657864771373198e+01 3.203657864771373198e+01 2.379845854916139558e+01 2.309230668114208029e+01 2.668428241704238246e+01 4.040109106051673393e+01 3.933002267798903517e+01 4.175957990472078762e+01 2.991344832762847261e+01 2.569546630577656998e+01 1.474720961006201847e+01 1.474720961006201847e+01
1.474720961006201847e+01 1.474720961006201847e+01 1.474720961006201847e+01 2.130641507240085986e+01 2.668428241704238246e+01 3.132386091433124164e+01 3.933002267798903517e+01 3.231300146780272797e+01 3.079147346041743916e+01 3.231300146780272797e+01 3.469583823962506131e+01 4.479423008018542163e+01 5.308127399519619871e+01 4.742028379848785136e+01 3.734455034013920738e+01 2.569546630577656998e+01 2.028422991119026619e+01 1.474720961006201847e+01
1.474720961006201847e+01 1.474720961006201847e+01 1.474720961006201847e+01 2.244484192593545657e+01 3.469583823962506131e+01 4.040109106051673393e+01 5.308127399519619871e+01 4.175957990472078762e+01 4.175957990472078762e+01 3.231300146780272797e+01 4.125445806040308128e+01 5.444076890666703150e+01 6.048631914204278104e+01 5.308127399519619871e+01 3.734455034013920738e+01 2.569546630577656998e+01 2.028422991119026619e+01 1.474720961006201847e+01
1.474720961006201847e+01 1.474720961006201847e+01 2.207956594795269467e+01 2.752426649093496991e+01 4.125445806040308128e+01 5.134441385907707200e+01 5.308127399519619871e+01 5.308127399519619871e+01 4.175957990472078762e+01 3.366313818026114291e+01 4.699081521934586902e+01 5.692910457119156575e+01 7.053305940282612596e+01 5.555291646749467560e+01 3.734455034013920738e+01 2.569546630577656998e+01 2.028422991119026619e+01 1.474720961006201847e+01
1.474720961006201847e+01 1.474720961006201847e+01 2.130641507240085986e+01 3.188559808859824685e+01 4.479423008018542163e+01 5.692910457119156575e+01 6.048631914204278104e+01 5.308127399519619871e+01 4.175957990472078762e+01 4.040109106051673393e+01 5.629660846208960834e+01 6.609290734784821097e+01 7.053305940282612596e+01 5.555291646749467560e+01 3.846354894759279119e+01 2.374732799718528042e+01 1.474720961006201847e+01 1.474720961006201847e+01
1.474720961006201847e+01 1.474720961006201847e+01 2.447672083153234723e+01 4.007839875939953345e+01 5.444076890666703150e+01 6.947003003141209376e+01 7.053305940282612596e+01 6.172950676523787905e+01 5.189702451539184125e+01 5.549412335268540630e+01 6.609290734784821097e+01 7.294949237375122664e+01 7.598900005783555400e+01 5.555291646749467560e+01 3.680314731959136054e+01 2.374732799718528042e+01 1.474720961006201847e+01 1.474720961006201847e+01
1.474720961006201847e+01 2.130641507240085986e+01 3.188559808859824685e+01 4.549505150085411032e+01 6.146954104730722435e+01 7.294949237375122664e+01 7.598900005783555400e+01 6.820372908265387935e+01 6.820372908265387935e+01 6.609290734784821097e+01 7.584928010892976147e+01 8.067548881828025742e+01 7.662728052084133878e+01 5.555291646749467560e+01 3.165241350271159249e+01 2.065382199196314161e+01 1.474720961006201847e+01 1.474720961006201847e+01
1.474720961006201847e+01 2.130641507240085986e+01 3.262840794615879503e+01 4.997345519399475933e+01 7.487998841559812035e+01 8.193592587088954815e+01 8.659723485638791374e+01 7.598900005783555400e+01 7.598900005783555400e+01 8.813816759860884531e+01 8.813816759860884531e+01 8.514203835706442192e+01 7.662728052084133878e+01 5.159253477650641884e+01 3.165241350271159249e+01 2.065382199196314161e+01 1.474720961006201847e+01 1.474720961006201847e+01
1.474720961006201847e+01 2.422007611428130502e+01 3.232099719378036440e+01 4.997345519399475933e+01 7.368796968560302219e+01 8.193592587088954815e+01 8.453910409968500517e+01 8.453910409968500517e+01 8.692853956748956534e+01 9.484999309645621679e+01 9.544570467406605019e+01 9.087136598914879926e+01 7.133002711189357115e+01 4.941042896859846678e+01 2.569546630577656998e+01 2.028422991119026619e+01 1.474720961006201847e+01 1.474720961006201847e+01
1.474720961006201847e+01 2.422007611428130502e+01 3.232099719378036440e+01 4.684394641779822166e+01 6.121963238948699626e+01 6.857891038344664025e+01 7.441931721345352457e+01 7.441931721345352457e+01 8.193592587088954815e+01 9.474037820897325446e+01 9.578067817080552970e+01 8.403072872989983466e+01 6.577741021383434372e+01 4.451353564731946477e+01 2.569546630577656998e+01 2.028422991119026619e+01 1.474720961006201847e+01 1.474720961006201847e+01
1.474720961006201847e+01 1.474720961006201847e+01 2.647175592178259862e+01 4.067132887159561250e+01 4.726443183693584871e+01 5.580835803353405566e+01 5.580835803353405566e+01 5.980161167541374567e+01 7.368796968560302219e+01 8.193592587088954815e+01 8.586095135807956069e+01 8.003536344622060028e+01 6.078733164196768968e+01 3.846354894759279119e+01 2.374732799718528042e+01 1.474720961006201847e+01 1.474720961006201847e+01 1.474720961006201847e+01
1.474720961006201847e+01 1.474720961006201847e+01 2.226615518807342653e+01 2.647175592178259862e+01 2.647175592178259862e+01 3.620072970693715320e+01 4.097360493599317977e+01 4.726443183693584871e+01 6.121963238948699626e+01 7.368796968560302219e+01 7.982639849187097525e+01 6.954499028536085348e+01 5.213088024260137843e+01 3.347527019199284837e+01 2.374732799718528042e+01 1.474720961006201847e+01 1.474720961006201847e+01 1.474720961006201847e+01
1.474720961006201847e+01 1.474720961006201847e+01 1.474720961006201847e+01 1.474720961006201847e+01 2.226615518807342653e+01 2.647175592178259862e+01 2.938947691027247444e+01 3.545770739442033204e+01 4.997345519399475933e+01 7.368796968560302219e+01 7.270160134731605694e+01 6.954499028536085348e+01 4.941042896859846678e+01 3.025069478246258825e+01 2.065382199196314161e+01 1.474720961006201847e+01 1.474720961006201847e+01 1.474720961006201847e+01
1.474720961006201847e+01 1.474720961006201847e+01 1.474720961006201847e+01 1.474720961006201847e+01 1.474720961006201847e+01 1.474720961006201847e+01 2.718896538571743093e+01 3.545770739442033204e+01 4.997345519399475933e+01 6.772761342763608639e+01 6.921568428083246260e+01 6.078733164196768968e+01 4.451353564731946477e+01 2.569546630577656998e+01 2.028422991119026619e+01 1.474720961006201847e+01 1.474720961006201847e+01 1.474720961006201847e+01
1.474720961006201847e+01 1.474720961006201847e+01 1.474720961006201847e+01 1.474720961006201847e+01 1.474720961006201847e+01 1.474720961006201847e+01 2.447672083153234723e+01 3.529562859300730793e+01 5.444076890666703150e+01 6.772761342763608639e+01 7.211373436292983286e+01 5.555291646749467560e+01 3.846354894759279119e+01 2.374732799718528042e+01 1.474720961006201847e+01 1.474720961006201847e+01 1.474720961006201847e+01 1.474720961006201847e+01
1.474720961006201847e+01 1.474720961006201847e+01 1.474720961006201847e+01 1.474720961006201847e+01 1.474720961006201847e+01 1.474720961006201847e+01 2.422007611428130502e+01 4.549505150085411032e+01 5.692910457119156575e+01 7.113417057887684791e+01 6.921568428083246260e+01 5.555291646749467560e+01 3.680314731959136054e+01 2.374732799718528042e+01 1.474720961006201847e+01 1.474720961006201847e+01 1.474720961006201847e+01 1.474720961006201847e+01
1.474720961006201847e+01 1.474720961006201847e+01 1.474720961006201847e+01 1.474720961006201847e+01 1.474720961006201847e+01 1.474720961006201847e+01 2.422007611428130502e+01 4.185994508601287123e+01 5.692910457119156575e+01 6.857891038344664025e+01 6.750355635023106515e+01 4.941042896859846678e+01 3.108602717381083025e+01 2.065382199196314161e+01 1.474720961006201847e+01 1.474720961006201847e+01 1.474720961006201847e+01 1.474720961006201847e+01
