1.121516590550379533e+01 1.121516590550379533e+01 1.121516590550379533e+01 1.121516590550379533e+01 1.121516590550379533e+01 1.121516590550379533e+01 1.121516590550379533e+01 1.121516590550379533e+01 1.121516590550379533e+01 2.151386885691637474e+01 3.140699317660347845e+01 4.546031148826007495e+01 5.568678804292557061e+01 5.868376193514311012e+01 4.420336593810767312e+01 2.879130108802016608e+01 2.049002952487080975e+01 1.121516590550379533e+01
1.121516590550379533e+01 1.121516590550379533e+01 1.121516590550379533e+01 1.121516590550379533e+01 1.121516590550379533e+01 1.121516590550379533e+01 1.121516590550379533e+01 1.121516590550379533e+01 1.948892904663267345e+01 2.415547568310946147e+01 4.157703218815235857e+01 5.653424385589674728e+01 6.818855476815079442e+01 6.762927714629776688e+01 4.866925048041829172e+01 3.320909887045790043e+01 2.049002952487080975e+01 1.121516590550379533e+01
1.121516590550379533e+01 1.121516590550379533e+01 1.121516590550379533e+01 1.121516590550379533e+01 1.121516590550379533e+01 1.121516590550379533e+01 1.121516590550379533e+01 1.121516590550379533e+01 2.074217201957976187e+01 3.140699317660347845e+01 4.931942132899976627e+01 6.590137384894745765e+01 7.084431400459928341e+01 6.762927714629776688e+01 4.919125963631508114e+01 3.309268883856363175e+01 1.989637997431533023e+01 1.121516590550379533e+01
1.121516590550379533e+01 1.121516590550379533e+01 1.121516590550379533e+01 1.121516590550379533e+01 1.121516590550379533e+01 1.121516590550379533e+01 1.121516590550379533e+01 1.948892904663267345e+01 2.415547568310946147e+01 4.157703218815235857e+01 5.653424385589674728e+01 7.183536155949087743e+01 7.444971912714635209e+01 6.570954853138130147e+01 4.336408097459612776e+01 2.787397780662373492e+01 1.989637997431533023e+01 1.121516590550379533e+01
1.121516590550379533e+01 1.121516590550379533e+01 1.121516590550379533e+01 1.121516590550379533e+01 1.121516590550379533e+01 1.121516590550379533e+01 1.121516590550379533e+01 2.151386885691637474e+01 3.530402591992596228e+01 5.291593714533814818e+01 7.231673774639119756e+01 7.754181864579665273e+01 7.275278258920344854e+01 6.065632783748198165e+01 3.847100120090766495e+01 2.514547346564110342e+01 1.824250036165754807e+01 1.121516590550379533e+01
1.121516590550379533e+01 1.121516590550379533e+01 1.121516590550379533e+01 1.121516590550379533e+01 1.121516590550379533e+01 1.121516590550379533e+01 1.979007308638630391e+01 2.769858285364399109e+01 4.617537413454721928e+01 6.555195222157460933e+01 7.895027802469365952e+01 7.900845265508688442e+01 7.112134406496085148e+01 4.878569029190712314e+01 3.351989531009682111e+01 2.300461492596647517e+01 1.121516590550379533e+01 1.121516590550379533e+01
1.121516590550379533e+01 1.121516590550379533e+01 1.121516590550379533e+01 1.121516590550379533e+01 1.121516590550379533e+01 1.121516590550379533e+01 2.176234755706700241e+01 3.715268489886724979e+01 5.479982191475179576e+01 7.288948354276634234e+01 8.308348767628962150e+01 7.633798399115289612e+01 6.065632783748198165e+01 4.368390757360978682e+01 2.787397780662373492e+01 1.989637997431533023e+01 1.121516590550379533e+01 1.121516590550379533e+01
1.121516590550379533e+01 1.121516590550379533e+01 1.121516590550379533e+01 1.121516590550379533e+01 1.121516590550379533e+01 2.074217201957976187e+01 2.769858285364399109e+01 4.617537413454721928e+01 6.573547236704011709e+01 7.959459750197063954e+01 8.575622615419419503e+01 7.112134406496085148e+01 5.560408367316949096e+01 3.566712617142626129e+01 2.403207575678776209e+01 1.237761204657937952e+01 1.121516590550379533e+01 1.121516590550379533e+01
1.121516590550379533e+01 1.121516590550379533e+01 1.121516590550379533e+01 1.121516590550379533e+01 1.237761204657937952e+01 2.151386885691637474e+01 3.428575459452749641e+01 5.479982191475179576e+01 7.288948354276634234e+01 8.062153106744956688e+01 7.827952486399020415e+01 6.298986580433088989e+01 4.261345676285970541e+01 2.787397780662373492e+01 2.027388203168074554e+01 1.121516590550379533e+01 1.121516590550379533e+01 1.121516590550379533e+01
1.121516590550379533e+01 1.121516590550379533e+01 1.121516590550379533e+01 1.121516590550379533e+01 1.948892904663267345e+01 2.698657185347812870e+01 4.617537413454721928e+01 6.573547236704011709e+01 7.874425689796004235e+01 8.173787385994930332e+01 7.124984766030271999e+01 5.017752103599525526e+01 3.257005873791177919e+01 2.403207575678776209e+01 1.237761204657937952e+01 1.121516590550379533e+01 1.121516590550379533e+01 1.121516590550379533e+01
1.121516590550379533e+01 1.121516590550379533e+01 1.121516590550379533e+01 1.237761204657937952e+01 2.176234755706700241e+01 3.428575459452749641e+01 5.291593714533814818e+01 7.288948354276634234e+01 8.141518992167367230e+01 7.633798399115289612e+01 5.905790712023000566e+01 4.140831987466040687e+01 2.403207575678776209e+01 1.824250036165754807e+01 1.121516590550379533e+01 1.121516590550379533e+01 1.121516590550379533e+01 1.121516590550379533e+01
1.121516590550379533e+01 1.121516590550379533e+01 1.121516590550379533e+01 1.979007308638630391e+01 2.769858285364399109e+01 4.617537413454721928e+01 6.590137384894745765e+01 7.874425689796004235e+01 7.900845265508688442e+01 6.981283501477795994e+01 4.753987744225801038e+01 3.257005873791177919e+01 2.066068914978005822e+01 1.121516590550379533e+01 1.121516590550379533e+01 1.121516590550379533e+01 1.121516590550379533e+01 1.121516590550379533e+01
1.121516590550379533e+01 1.121516590550379533e+01 1.422314655911501724e+01 2.303329309841375050e+01 3.715268489886724979e+01 5.479982191475179576e+01 7.288948354276634234e+01 8.062153106744956688e+01 8.010005600009600357e+01 5.866056983232843436e+01 4.261345676285970541e+01 2.514547346564110342e+01 1.824250036165754807e+01 1.121516590550379533e+01 1.121516590550379533e+01 1.121516590550379533e+01 1.121516590550379533e+01 1.121516590550379533e+01
1.121516590550379533e+01 1.121516590550379533e+01 2.074217201957976187e+01 3.140699317660347845e+01 4.617537413454721928e+01 6.590137384894745765e+01 7.959459750197063954e+01 7.900845265508688442e+01 6.981283501477795994e+01 5.017752103599525526e+01 3.351989531009682111e+01 2.066068914978005822e+01 1.121516590550379533e+01 1.121516590550379533e+01 1.121516590550379533e+01 1.121516590550379533e+01 1.121516590550379533e+01 1.121516590550379533e+01
1.121516590550379533e+01 1.948892904663267345e+01 2.415547568310946147e+01 4.007278855309570531e+01 5.653424385589674728e+01 7.272369867975899638e+01 8.062153106744956688e+01 7.827952486399020415e+01 5.905790712023000566e+01 4.261345676285970541e+01 2.787397780662373492e+01 1.824250036165754807e+01 1.121516590550379533e+01 1.121516590550379533e+01 1.121516590550379533e+01 1.121516590550379533e+01 1.121516590550379533e+01 1.121516590550379533e+01
1.121516590550379533e+01 2.074217201957976187e+01 2.952523846670918317e+01 4.563527439744525793e+01 6.590137384894745765e+01 8.141518992167367230e+01 7.983827499213190038e+01 6.298986580433088989e+01 4.946062213476132996e+01 3.257005873791177919e+01 2.066068914978005822e+01 1.237761204657937952e+01 1.121516590550379533e+01 1.121516590550379533e+01 1.121516590550379533e+01 1.121516590550379533e+01 1.121516590550379533e+01 1.121516590550379533e+01
1.237761204657937952e+01 2.151386885691637474e+01 3.763775041347975758e+01 5.199518230876071101e+01 7.106162378996027940e+01 7.653350879947311114e+01 6.767471667567882321e+01 5.470114603210068083e+01 3.905210123846447345e+01 2.397854812049918749e+01 1.824250036165754807e+01 1.121516590550379533e+01 1.121516590550379533e+01 1.121516590550379533e+01 1.121516590550379533e+01 1.121516590550379533e+01 1.121516590550379533e+01 1.121516590550379533e+01
1.237761204657937952e+01 2.346444222995531703e+01 3.559991056138967025e+01 5.487514391407777481e+01 6.451424876265485864e+01 6.480341341160701063e+01 5.499232325944376498e+01 3.958328053591638707e+01 2.585724252738721418e+01 2.027388203168074554e+01 1.121516590550379533e+01 1.121516590550379533e+01 1.121516590550379533e+01 1.121516590550379533e+01 1.121516590550379533e+01 1.121516590550379533e+01 1.121516590550379533e+01 1.121516590550379533e+01
