2.154167472661066007e+00 3.690315307803308631e+00 2.154167472661066007e+00 2.049407543478585669e+00 2.089482462716421018e+00 2.089482462716421018e+00 2.049407543478585669e+00 2.049407543478585669e+00 2.049407543478585669e+00 2.089482462716421018e+00 2.089482462716421018e+00 2.049407543478585669e+00 2.049407543478585669e+00 2.049407543478585669e+00 2.049407543478585669e+00 2.049407543478585669e+00 2.049407543478585669e+00 2.049407543478585669e+00
8.529013482219694353e+00 5.462416445789550323e+00 2.574388272224322094e+01 7.532703971415690702e+00 7.532703971415690702e+00 2.153559158241906601e+01 2.254961381106594231e+01 7.532703971415690702e+00 2.700748830551280566e+00 2.049407543478585669e+00 2.089482462716421018e+00 2.089482462716421018e+00 2.089482462716421018e+00 2.049407543478585669e+00 2.049407543478585669e+00 2.049407543478585669e+00 2.049407543478585669e+00 2.049407543478585669e+00
1.153105826357133878e+01 1.153105826357133878e+01 3.489785374968022325e+01 1.288029536662689800e+01 1.136146036725249218e+02 1.500746818361677697e+02 1.574861816977730768e+02 1.409054512062192828e+02 1.500746818361677697e+02 3.258927743340673544e+01 7.532703971415690702e+00 2.700748830551280566e+00 2.049407543478585669e+00 2.154167472661066007e+00 2.049407543478585669e+00 2.089482462716421018e+00 2.049407543478585669e+00 2.049407543478585669e+00
2.717018482556591952e+00 2.231444845964986268e+00 2.178622194370690490e+00 3.201143131692806776e+01 1.006290649144180236e+02 1.591109825287327908e+02 1.274140034657577161e+02 1.591109825287327908e+02 1.526545403390892659e+02 1.500746818361677697e+02 1.574861816977730768e+02 1.500746818361677697e+02 2.700748830551280566e+00 2.700748830551280566e+00 2.049407543478585669e+00 2.049407543478585669e+00 2.089482462716421018e+00 2.049407543478585669e+00
2.231444845964986268e+00 2.231444845964986268e+00 2.231444845964986268e+00 2.231444845964986268e+00 2.231444845964986268e+00 2.231444845964986268e+00 3.201143131692806776e+01 3.201143131692806776e+01 8.530822644892248263e+01 8.530822644892248263e+01 1.526545403390892659e+02 1.557844836793942989e+02 1.570813013643698923e+02 3.258927743340673544e+01 2.700748830551280566e+00 2.049407543478585669e+00 2.049407543478585669e+00 2.049407543478585669e+00
2.089482462716421018e+00 2.089482462716421018e+00 2.049407543478585669e+00 2.231444845964986268e+00 2.089482462716421018e+00 2.089482462716421018e+00 2.231444845964986268e+00 2.231444845964986268e+00 2.231444845964986268e+00 2.231444845964986268e+00 8.530822644892248263e+01 1.591109825287327908e+02 1.557844836793942989e+02 1.570813013643698923e+02 3.665718683195714789e+01 2.049407543478585669e+00 2.154167472661066007e+00 2.154167472661066007e+00
2.049407543478585669e+00 2.049407543478585669e+00 2.049407543478585669e+00 2.049407543478585669e+00 2.049407543478585669e+00 2.049407543478585669e+00 2.049407543478585669e+00 2.049407543478585669e+00 2.049407543478585669e+00 2.154167472661066007e+00 2.178622194370690490e+00 8.530822644892248263e+01 1.591109825287327908e+02 1.570813013643698923e+02 3.665718683195714789e+01 2.049407543478585669e+00 2.154167472661066007e+00 2.154167472661066007e+00
2.049407543478585669e+00 2.049407543478585669e+00 2.049407543478585669e+00 2.049407543478585669e+00 2.049407543478585669e+00 2.049407543478585669e+00 2.049407543478585669e+00 2.049407543478585669e+00 2.049407543478585669e+00 2.049407543478585669e+00 2.154167472661066007e+00 4.275285089483914192e+01 1.571618970720158757e+02 1.570813013643698923e+02 8.665156302044431413e+01 2.049407543478585669e+00 2.154167472661066007e+00 2.154167472661066007e+00
2.049407543478585669e+00 2.049407543478585669e+00 2.049407543478585669e+00 2.049407543478585669e+00 2.049407543478585669e+00 2.049407543478585669e+00 2.049407543478585669e+00 2.049407543478585669e+00 2.049407543478585669e+00 2.049407543478585669e+00 2.154167472661066007e+00 2.574388272224322094e+01 1.109616414956305448e+02 1.500746818361677697e+02 7.458014223215526783e+01 2.049407543478585669e+00 2.049407543478585669e+00 2.049407543478585669e+00
2.049407543478585669e+00 2.049407543478585669e+00 2.049407543478585669e+00 2.049407543478585669e+00 2.049407543478585669e+00 2.049407543478585669e+00 2.049407543478585669e+00 2.049407543478585669e+00 2.049407543478585669e+00 2.049407543478585669e+00 2.154167472661066007e+00 7.868287853063205262e+01 1.571618970720158757e+02 1.570813013643698923e+02 4.038004255648490926e+01 2.049407543478585669e+00 2.049407543478585669e+00 2.049407543478585669e+00
2.049407543478585669e+00 2.049407543478585669e+00 2.049407543478585669e+00 2.049407543478585669e+00 2.049407543478585669e+00 2.049407543478585669e+00 2.049407543478585669e+00 2.049407543478585669e+00 2.049407543478585669e+00 2.049407543478585669e+00 2.154167472661066007e+00 7.868287853063205262e+01 1.237519761197971064e+02 8.665156302044431413e+01 2.231444845964986268e+00 2.049407543478585669e+00 2.049407543478585669e+00 2.049407543478585669e+00
2.049407543478585669e+00 2.049407543478585669e+00 2.049407543478585669e+00 2.049407543478585669e+00 2.049407543478585669e+00 2.049407543478585669e+00 2.049407543478585669e+00 2.049407543478585669e+00 2.154167472661066007e+00 2.178622194370690490e+00 2.154167472661066007e+00 1.166706131434941653e+02 1.414365909133121306e+02 8.665156302044431413e+01 2.231444845964986268e+00 2.049407543478585669e+00 2.154167472661066007e+00 2.049407543478585669e+00
2.049407543478585669e+00 2.049407543478585669e+00 2.049407543478585669e+00 2.049407543478585669e+00 2.049407543478585669e+00 2.049407543478585669e+00 2.049407543478585669e+00 2.049407543478585669e+00 2.154167472661066007e+00 2.898000573974177652e+00 2.154167472661066007e+00 8.644560763692675209e+01 1.551337061974204232e+02 4.038004255648490926e+01 2.049407543478585669e+00 2.154167472661066007e+00 2.049407543478585669e+00 2.049407543478585669e+00
2.049407543478585669e+00 2.049407543478585669e+00 2.049407543478585669e+00 2.049407543478585669e+00 2.049407543478585669e+00 2.049407543478585669e+00 2.049407543478585669e+00 2.154167472661066007e+00 2.178622194370690490e+00 1.024519769589193174e+01 7.868287853063205262e+01 1.515549330061117530e+02 8.665156302044431413e+01 2.231444845964986268e+00 2.049407543478585669e+00 2.154167472661066007e+00 2.049407543478585669e+00 2.049407543478585669e+00
2.049407543478585669e+00 2.049407543478585669e+00 2.049407543478585669e+00 2.049407543478585669e+00 2.049407543478585669e+00 2.049407543478585669e+00 2.049407543478585669e+00 2.154167472661066007e+00 2.178622194370690490e+00 4.865334499723789463e+01 1.109616414956305448e+02 1.312137954449453332e+02 5.959038738550531633e+01 2.231444845964986268e+00 2.049407543478585669e+00 2.049407543478585669e+00 2.049407543478585669e+00 2.049407543478585669e+00
2.049407543478585669e+00 2.049407543478585669e+00 2.049407543478585669e+00 2.049407543478585669e+00 2.049407543478585669e+00 2.049407543478585669e+00 2.049407543478585669e+00 2.089482462716421018e+00 2.178622194370690490e+00 2.574388272224322094e+01 1.571618970720158757e+02 1.312137954449453332e+02 4.038004255648490926e+01 2.231444845964986268e+00 2.049407543478585669e+00 2.049407543478585669e+00 2.049407543478585669e+00 2.049407543478585669e+00
2.049407543478585669e+00 2.049407543478585669e+00 2.049407543478585669e+00 2.049407543478585669e+00 2.049407543478585669e+00 2.049407543478585669e+00 2.049407543478585669e+00 2.154167472661066007e+00 2.154167472661066007e+00 1.166706131434941653e+02 1.571618970720158757e+02 7.458014223215526783e+01 2.231444845964986268e+00 2.049407543478585669e+00 2.154167472661066007e+00 2.049407543478585669e+00 2.049407543478585669e+00 2.049407543478585669e+00
2.049407543478585669e+00 2.049407543478585669e+00 2.049407543478585669e+00 2.049407543478585669e+00 2.049407543478585669e+00 2.049407543478585669e+00 2.049407543478585669e+00 2.154167472661066007e+00 2.154167472661066007e+00 1.109616414956305448e+02 9.532212844468146784e+01 4.038004255648490926e+01 2.700748830551280566e+00 2.049407543478585669e+00 2.049407543478585669e+00 2.049407543478585669e+00 2.049407543478585669e+00 2.049407543478585669e+00
