1.431570734213320373e+00 1.425959058705807969e+00 1.450772331836886586e+00 1.157920322960940940e+00 1.157920322960940940e+00 1.513175972072411613e+00 1.324014831503530942e+00 1.614566915513834466e+00 1.398405523381501370e+00 1.493886903115157816e+00 1.353464681780746304e+00 1.353464681780746304e+00 1.251150591729524919e+00 1.157920322960940940e+00 1.157920322960940940e+00 1.581094077116241170e+00 1.515980476697848189e+00 1.507898862905742154e+00
1.431570734213320373e+00 1.425959058705807969e+00 1.529959756879622823e+00 1.157920322960940940e+00 1.284254797820550520e+00 1.513175972072411613e+00 1.286531874950107790e+00 1.581094077116241170e+00 1.478342207360586524e+00 1.398405523381501370e+00 1.425959058705807969e+00 1.450772331836886586e+00 1.157920322960940940e+00 1.157920322960940940e+00 1.513175972072411613e+00 1.513175972072411613e+00 1.513175972072411613e+00 1.507898862905742154e+00
1.431570734213320373e+00 1.476934830297549350e+00 1.157920322960940940e+00 1.157920322960940940e+00 1.513175972072411613e+00 1.251150591729524919e+00 1.514244572997611504e+00 1.513175972072411613e+00 1.503450329521167195e+00 1.507300034781362541e+00 1.443570582181009643e+00 1.450772331836886586e+00 1.450772331836886586e+00 1.157920322960940940e+00 1.513175972072411613e+00 1.486142447455347293e+00 1.524039167710919296e+00 1.529959756879622823e+00
1.425959058705807969e+00 1.476934830297549350e+00 1.157920322960940940e+00 1.499833863561303104e+00 1.510622354878528917e+00 1.286531874950107790e+00 1.513175972072411613e+00 1.581094077116241170e+00 1.524039167710919296e+00 1.431570734213320373e+00 1.425959058705807969e+00 1.450772331836886586e+00 1.488319788019801360e+00 1.792233806753667613e+00 1.478342207360586524e+00 1.513175972072411613e+00 1.425959058705807969e+00 1.529959756879622823e+00
1.425959058705807969e+00 1.450772331836886586e+00 1.284254797820550520e+00 1.499833863561303104e+00 1.286531874950107790e+00 1.493233378356123353e+00 1.835670016965755602e+00 1.821244447622128781e+00 1.507300034781362541e+00 1.499833863561303104e+00 1.481186354396701432e+00 1.481186354396701432e+00 1.835670016965755602e+00 1.513175972072411613e+00 1.493886903115157816e+00 1.513175972072411613e+00 1.353464681780746304e+00 1.284254797820550520e+00
1.425959058705807969e+00 1.157920322960940940e+00 1.251150591729524919e+00 1.503450329521167195e+00 1.431570734213320373e+00 1.476934830297549350e+00 1.921199123228571670e+00 2.500003542936422907e+00 2.500003542936422907e+00 1.507300034781362541e+00 1.524039167710919296e+00 8.545863343486038488e+00 6.451824260317703619e+00 1.513175972072411613e+00 1.503450329521167195e+00 1.443570582181009643e+00 1.353464681780746304e+00 1.157920322960940940e+00
1.425959058705807969e+00 1.425959058705807969e+00 1.251150591729524919e+00 1.157920322960940940e+00 1.157920322960940940e+00 1.284254797820550520e+00 1.454448106441967203e+00 2.417002679554638434e+01 6.241024662562677960e+00 4.200989577573979972e+01 4.200989577573979972e+01 8.545863343486038488e+00 1.581094077116241170e+00 1.503450329521167195e+00 1.419228641103437605e+00 1.353464681780746304e+00 1.425959058705807969e+00 1.157920322960940940e+00
1.425959058705807969e+00 1.286531874950107790e+00 1.157920322960940940e+00 1.157920322960940940e+00 1.157920322960940940e+00 1.157920322960940940e+00 1.157920322960940940e+00 1.454448106441967203e+00 5.252188365866632580e+01 1.590359422143751260e+02 1.584405032159017708e+02 9.477837536615842851e+01 5.382407430886640753e+01 1.443570582181009643e+00 1.486142447455347293e+00 1.414238054815444512e+00 1.157920322960940940e+00 1.157920322960940940e+00
1.431570734213320373e+00 1.425959058705807969e+00 1.157920322960940940e+00 1.157920322960940940e+00 1.157920322960940940e+00 1.157920322960940940e+00 1.157920322960940940e+00 1.157920322960940940e+00 2.158414539429307499e+00 5.252188365866632580e+01 9.716745363876653130e+01 1.513175972072411613e+00 1.503450329521167195e+00 1.524039167710919296e+00 1.414238054815444512e+00 1.157920322960940940e+00 1.157920322960940940e+00 1.157920322960940940e+00
1.431570734213320373e+00 1.425959058705807969e+00 1.529959756879622823e+00 1.157920322960940940e+00 1.157920322960940940e+00 1.157920322960940940e+00 1.157920322960940940e+00 1.227532849370740919e+00 1.157920322960940940e+00 3.127638743499172236e+01 2.803860357341520526e+01 1.478342207360586524e+00 1.284254797820550520e+00 1.157920322960940940e+00 1.157920322960940940e+00 1.157920322960940940e+00 1.157920322960940940e+00 1.157920322960940940e+00
1.431570734213320373e+00 1.476934830297549350e+00 1.157920322960940940e+00 1.157920322960940940e+00 1.612987197094157610e+00 1.612987197094157610e+00 1.286531874950107790e+00 1.251150591729524919e+00 1.835670016965755602e+00 1.849011473256708449e+00 1.513175972072411613e+00 1.398405523381501370e+00 1.251150591729524919e+00 1.157920322960940940e+00 1.157920322960940940e+00 1.157920322960940940e+00 1.157920322960940940e+00 1.157920322960940940e+00
1.425959058705807969e+00 1.476934830297549350e+00 1.157920322960940940e+00 1.581094077116241170e+00 1.562960426698323246e+00 1.510622354878528917e+00 1.593154546061094079e+00 1.529959756879622823e+00 1.114946993655955687e+01 1.909499938763159932e+00 1.499833863561303104e+00 1.497509996224805073e+00 1.528311094372099888e+00 1.157920322960940940e+00 1.157920322960940940e+00 1.157920322960940940e+00 1.157920322960940940e+00 1.157920322960940940e+00
1.425959058705807969e+00 1.450772331836886586e+00 1.513175972072411613e+00 1.581094077116241170e+00 1.581094077116241170e+00 1.515980476697848189e+00 1.529959756879622823e+00 1.835670016965755602e+00 1.909499938763159932e+00 1.581094077116241170e+00 1.593154546061094079e+00 1.497509996224805073e+00 1.497509996224805073e+00 1.286531874950107790e+00 1.284254797820550520e+00 1.157920322960940940e+00 1.157920322960940940e+00 1.157920322960940940e+00
1.425959058705807969e+00 1.157920322960940940e+00 1.513175972072411613e+00 1.562328410554923552e+00 1.581094077116241170e+00 1.499833863561303104e+00 1.529959756879622823e+00 7.235550362670562841e+00 1.614566915513834466e+00 1.520269210812296157e+00 1.507300034781362541e+00 1.414238054815444512e+00 1.414238054815444512e+00 1.425959058705807969e+00 1.284254797820550520e+00 1.157920322960940940e+00 1.157920322960940940e+00 1.157920322960940940e+00
1.425959058705807969e+00 1.157920322960940940e+00 1.513175972072411613e+00 1.513175972072411613e+00 1.513175972072411613e+00 1.581094077116241170e+00 1.529959756879622823e+00 1.513175972072411613e+00 1.723251497166210955e+00 1.478342207360586524e+00 1.507300034781362541e+00 1.398405523381501370e+00 1.414238054815444512e+00 1.284254797820550520e+00 1.157920322960940940e+00 1.157920322960940940e+00 1.157920322960940940e+00 1.286531874950107790e+00
1.425959058705807969e+00 1.450772331836886586e+00 1.227532849370740919e+00 1.614566915513834466e+00 1.581094077116241170e+00 1.581094077116241170e+00 1.529959756879622823e+00 1.513175972072411613e+00 1.668871373244485534e+00 1.503450329521167195e+00 1.510622354878528917e+00 1.529959756879622823e+00 1.414238054815444512e+00 1.157920322960940940e+00 1.157920322960940940e+00 1.157920322960940940e+00 1.157920322960940940e+00 1.286531874950107790e+00
1.425959058705807969e+00 1.529959756879622823e+00 1.581094077116241170e+00 1.752527354582857910e+00 1.742629551079593719e+00 1.597695876637137635e+00 1.529959756879622823e+00 1.513175972072411613e+00 1.562328410554923552e+00 1.507898862905742154e+00 1.524039167710919296e+00 1.476934830297549350e+00 1.524039167710919296e+00 1.157920322960940940e+00 1.157920322960940940e+00 1.513175972072411613e+00 1.486142447455347293e+00 1.425959058705807969e+00
1.476934830297549350e+00 1.157920322960940940e+00 1.513175972072411613e+00 1.723251497166210955e+00 1.867985166011063569e+00 1.835670016965755602e+00 1.835670016965755602e+00 1.614566915513834466e+00 1.497509326249770067e+00 1.524039167710919296e+00 1.481186354396701432e+00 1.157920322960940940e+00 1.157920322960940940e+00 1.157920322960940940e+00 1.157920322960940940e+00 1.513175972072411613e+00 1.513175972072411613e+00 1.353464681780746304e+00
