1.442726199524684061e+00 1.476934830297549350e+00 1.157920322960940940e+00 1.513175972072411613e+00 1.507413232620929744e+00 1.425959058705807969e+00 1.157920322960940940e+00 1.227532849370740919e+00 1.414238054815444512e+00 1.524039167710919296e+00 1.524039167710919296e+00 1.414238054815444512e+00 1.414238054815444512e+00 1.414238054815444512e+00 1.414238054815444512e+00 1.414238054815444512e+00 1.414238054815444512e+00 1.488319788019801360e+00
1.414238054815444512e+00 1.414238054815444512e+00 1.157920322960940940e+00 1.157920322960940940e+00 1.157920322960940940e+00 1.414238054815444512e+00 1.524039167710919296e+00 5.765216283005533171e+01 4.200989577573979972e+01 8.146496846370916955e+01 4.200989577573979972e+01 4.200989577573979972e+01 4.200989577573979972e+01 4.200989577573979972e+01 4.200989577573979972e+01 2.500003542936422907e+00 1.513175972072411613e+00 1.478342207360586524e+00
1.157920322960940940e+00 1.157920322960940940e+00 1.157920322960940940e+00 1.227532849370740919e+00 4.200989577573979972e+01 4.200989577573979972e+01 9.978252235244748647e+01 1.656516582551624595e+02 1.656516582551624595e+02 1.656516582551624595e+02 1.656516582551624595e+02 1.656516582551624595e+02 1.639046308974151316e+02 1.656516582551624595e+02 1.656516582551624595e+02 1.656516582551624595e+02 1.513175972072411613e+00 1.507413232620929744e+00
1.157920322960940940e+00 1.157920322960940940e+00 1.227532849370740919e+00 9.978252235244748647e+01 1.656516582551624595e+02 1.656516582551624595e+02 1.644641705863002414e+02 1.647066847869487276e+02 1.661266221429889640e+02 1.661266221429889640e+02 1.661266221429889640e+02 1.514971904414829567e+02 1.647066847869487276e+02 1.520442858019961818e+02 1.608644134386231030e+02 1.644641705863002414e+02 1.257310562152241289e+02 1.513175972072411613e+00
1.286531874950107790e+00 1.227532849370740919e+00 9.978252235244748647e+01 1.650157864708618547e+02 1.656516582551624595e+02 1.663267812128320031e+02 1.591721428435201062e+02 5.645455185928109643e+01 5.645455185928109643e+01 5.645455185928109643e+01 8.040880461390638345e+01 9.716745363876653130e+01 4.772178077261587958e+01 5.645455185928109643e+01 7.986893628903085585e+01 1.187542084449052879e+02 1.608644134386231030e+02 1.513175972072411613e+00
1.448444016827660663e+00 5.252188365866632580e+01 1.650157864708618547e+02 1.639046308974151316e+02 1.607255141502003255e+02 1.647066847869487276e+02 1.731428546870463547e+00 1.497509996224805073e+00 1.609340033680484838e+00 1.752527354582857910e+00 1.737348508648268508e+00 1.593154546061094079e+00 1.497509996224805073e+00 1.497509996224805073e+00 7.531087596495935621e+00 2.158414539429307499e+00 5.252188365866632580e+01 4.176998380951645373e+01
1.529959756879622823e+00 1.101955958601752883e+02 1.620574902101947146e+02 1.647066847869487276e+02 5.382407430886640753e+01 1.513175972072411613e+00 1.497509996224805073e+00 1.513175972072411613e+00 1.425959058705807969e+00 1.614566915513834466e+00 1.581094077116241170e+00 1.497509326249770067e+00 1.529959756879622823e+00 1.414238054815444512e+00 1.448444016827660663e+00 1.461943102376729753e+00 2.421111249350969530e+01 2.005058375337253729e+00
4.188628398430251565e+01 1.600339772696266891e+02 1.613635648765770156e+02 1.647066847869487276e+02 1.513175972072411613e+00 1.513175972072411613e+00 1.507898862905742154e+00 1.442726199524684061e+00 1.425959058705807969e+00 1.562328410554923552e+00 1.510622354878528917e+00 1.510622354878528917e+00 1.524039167710919296e+00 1.448444016827660663e+00 1.481186354396701432e+00 1.157920322960940940e+00 2.173802959300412674e+00 3.787985775501190311e+00
5.252188365866632580e+01 1.599686756010339082e+02 1.625552446629046983e+02 1.513175972072411613e+00 1.419228641103437605e+00 1.442726199524684061e+00 1.414238054815444512e+00 1.414238054815444512e+00 1.513175972072411613e+00 1.515980476697848189e+00 1.515980476697848189e+00 1.507898862905742154e+00 1.507898862905742154e+00 1.529959756879622823e+00 1.414238054815444512e+00 1.157920322960940940e+00 3.319108619473066568e+00 1.052114660217316455e+01
3.127638743499172236e+01 5.149119373595780047e+01 6.461669006470881982e+01 1.478342207360586524e+00 1.419228641103437605e+00 1.414238054815444512e+00 1.261858756908649015e+00 1.157920322960940940e+00 1.157920322960940940e+00 1.513175972072411613e+00 1.478342207360586524e+00 1.529959756879622823e+00 1.476934830297549350e+00 1.529959756879622823e+00 1.157920322960940940e+00 1.157920322960940940e+00 2.181496190149480707e+00 2.305081587383583752e+01
4.808568623644381645e+00 5.042285508914926773e+00 1.493886903115157816e+00 1.497509996224805073e+00 1.425959058705807969e+00 1.286531874950107790e+00 1.157920322960940940e+00 1.157920322960940940e+00 1.157920322960940940e+00 1.157920322960940940e+00 1.507413232620929744e+00 1.524039167710919296e+00 1.476934830297549350e+00 1.261858756908649015e+00 1.157920322960940940e+00 1.157920322960940940e+00 8.545863343486038488e+00 5.014894288349663753e+01
1.052114660217316455e+01 1.513175972072411613e+00 1.507413232620929744e+00 1.488319788019801360e+00 1.442726199524684061e+00 1.286531874950107790e+00 1.261858756908649015e+00 1.227532849370740919e+00 1.157920322960940940e+00 1.157920322960940940e+00 1.419228641103437605e+00 1.261858756908649015e+00 1.157920322960940940e+00 1.488319788019801360e+00 1.157920322960940940e+00 2.181496190149480707e+00 5.014894288349663753e+01 9.477837536615842851e+01
4.063073832625090631e+01 2.500003542936422907e+00 2.500003542936422907e+00 1.414238054815444512e+00 1.414238054815444512e+00 1.515980476697848189e+00 1.528311094372099888e+00 1.286531874950107790e+00 1.286531874950107790e+00 1.157920322960940940e+00 1.414238054815444512e+00 1.664179253167217043e+00 1.414238054815444512e+00 1.524039167710919296e+00 9.978252235244748647e+01 1.628592651430035687e+02 1.570919724887993141e+02 5.382407430886640753e+01
4.188628398430251565e+01 1.620574902101947146e+02 1.639650162508656024e+02 1.656516582551624595e+02 2.500003542936422907e+00 2.500003542936422907e+00 1.414238054815444512e+00 1.414238054815444512e+00 4.200989577573979972e+01 4.200989577573979972e+01 4.200989577573979972e+01 4.200989577573979972e+01 4.200989577573979972e+01 9.978252235244748647e+01 1.639046308974151316e+02 1.647066847869487276e+02 5.382407430886640753e+01 1.478342207360586524e+00
5.252188365866632580e+01 1.320886793354713973e+02 1.650157864708618547e+02 1.656516582551624595e+02 1.656516582551624595e+02 1.656516582551624595e+02 4.200989577573979972e+01 4.200989577573979972e+01 9.978252235244748647e+01 1.639046308974151316e+02 1.635469879566244344e+02 1.453623433336668143e+02 1.492381711680420153e+02 1.527332037687945956e+02 1.647066847869487276e+02 6.461669006470881982e+01 1.513175972072411613e+00 1.507413232620929744e+00
1.528311094372099888e+00 3.056285249068775745e+00 1.187542084449052879e+02 1.661266221429889640e+02 1.661266221429889640e+02 1.620574902101947146e+02 1.650157864708618547e+02 1.639650162508656024e+02 1.644641705863002414e+02 1.647066847869487276e+02 5.382407430886640753e+01 7.111423789765368042e+01 8.628983522467025580e+01 7.986893628903085585e+01 5.680837573431233523e+01 1.510622354878528917e+00 1.478342207360586524e+00 1.434833712701845787e+00
1.476934830297549350e+00 1.593154546061094079e+00 2.173802959300412674e+00 3.787985775501190311e+00 1.187542084449052879e+02 1.599686756010339082e+02 1.514971904414829567e+02 1.647066847869487276e+02 1.647066847869487276e+02 8.866175362529929771e+01 4.674421756390291449e+00 2.158414539429307499e+00 8.007303900457991119e+00 1.731428546870463547e+00 1.478342207360586524e+00 1.374074526253766582e+00 1.157920322960940940e+00 1.157920322960940940e+00
1.481186354396701432e+00 1.499938102567317744e+00 1.769981545660051392e+00 3.878182762977381071e+00 3.201143131692806776e+01 5.149119373595780047e+01 4.772178077261587958e+01 4.772178077261587958e+01 4.772178077261587958e+01 1.513175972072411613e+00 1.419228641103437605e+00 1.497509996224805073e+00 1.478342207360586524e+00 1.374074526253766582e+00 1.157920322960940940e+00 1.513175972072411613e+00 1.353464681780746304e+00 1.157920322960940940e+00
