1.116580290640986384e+01 1.116580290640986384e+01 1.116580290640986384e+01 1.116580290640986384e+01 1.116580290640986384e+01 1.116580290640986384e+01 1.237832405731349716e+01 2.199243214291224291e+01 2.381137678746875963e+01 2.381137678746875963e+01 2.381137678746875963e+01 2.381137678746875963e+01 2.920218386370964936e+01 2.920218386370964936e+01 2.381137678746875963e+01 2.381137678746875963e+01 2.381137678746875963e+01 2.381137678746875963e+01
1.116580290640986384e+01 1.116580290640986384e+01 1.116580290640986384e+01 1.237832405731349716e+01 1.875861905711791522e+01 2.199243214291224291e+01 2.414727821639969818e+01 3.193933148802342714e+01 3.310945110736314234e+01 3.456622855721776943e+01 3.456622855721776943e+01 3.456622855721776943e+01 3.978404402739364798e+01 3.978404402739364798e+01 3.456622855721776943e+01 3.295350254079676233e+01 3.095641747711519187e+01 3.095641747711519187e+01
1.116580290640986384e+01 1.875861905711791522e+01 2.199243214291224291e+01 2.381137678746875963e+01 2.920218386370964936e+01 3.310945110736314234e+01 3.933002267798903517e+01 4.384489000644911272e+01 5.058292872961215636e+01 5.195767575064157739e+01 4.737774060465492454e+01 4.503836814452573378e+01 4.503836814452573378e+01 5.195767575064157739e+01 5.021831354546380766e+01 4.737774060465492454e+01 4.737774060465492454e+01 4.347482841674645471e+01
1.937573604338881239e+01 2.414727821639969818e+01 3.310945110736314234e+01 3.933002267798903517e+01 4.384489000644911272e+01 5.073787638127844701e+01 5.609744574289497621e+01 6.047153419946133113e+01 6.047153419946133113e+01 6.035903356128440578e+01 5.308127399519619871e+01 5.308127399519619871e+01 5.308127399519619871e+01 5.308127399519619871e+01 5.308127399519619871e+01 5.308127399519619871e+01 5.308127399519619871e+01 5.021831354546380766e+01
2.743908328604528890e+01 3.709032871271548970e+01 4.384489000644911272e+01 5.609744574289497621e+01 6.607712247578197662e+01 6.607712247578197662e+01 7.298590830519898986e+01 7.053305940282612596e+01 6.863019262103961182e+01 5.308127399519619871e+01 5.308127399519619871e+01 4.055365400669700904e+01 3.823179121873995001e+01 4.098615155694848511e+01 4.098615155694848511e+01 4.846694077827143587e+01 4.762763406594685733e+01 6.025208695808477444e+01
3.630996120179507614e+01 5.134338481616085659e+01 5.568678804292557061e+01 6.806425015296186132e+01 7.336410852583722431e+01 7.490890760011798477e+01 7.604262173173945882e+01 7.516463067760140859e+01 7.091366505399993514e+01 6.035903356128440578e+01 5.308127399519619871e+01 3.830879256265635746e+01 3.415608562539895843e+01 3.116683999948166317e+01 3.415608562539895843e+01 3.823179121873995001e+01 4.762763406594685733e+01 6.025208695808477444e+01
4.692337733785518594e+01 5.959305951834499382e+01 7.183536155949087743e+01 7.211373436292983286e+01 7.211373436292983286e+01 6.887117226418941129e+01 7.894138518751795175e+01 7.270160134731605694e+01 7.270160134731605694e+01 6.035903356128440578e+01 5.021831354546380766e+01 4.347482841674645471e+01 3.781854245260227287e+01 3.231300146780272797e+01 3.231300146780272797e+01 2.938689591658477696e+01 4.380016816449965944e+01 5.692910457119156575e+01
5.634648245287670676e+01 6.288798495410033951e+01 6.863019262103961182e+01 6.427063351172726868e+01 6.427063351172726868e+01 5.788566027111885859e+01 6.887117226418941129e+01 6.887117226418941129e+01 6.427063351172726868e+01 6.035903356128440578e+01 5.308127399519619871e+01 5.308127399519619871e+01 3.830879256265635746e+01 3.236605743163888604e+01 3.231300146780272797e+01 2.843676531574182675e+01 3.548673468254173002e+01 4.762763406594685733e+01
5.959305951834499382e+01 6.863019262103961182e+01 5.508327719741701856e+01 5.260758751094807906e+01 4.411790311737465942e+01 4.726443183693584871e+01 4.846694077827143587e+01 5.348899241316112807e+01 5.366267306494111722e+01 5.348899241316112807e+01 5.366267306494111722e+01 4.055365400669700904e+01 4.055365400669700904e+01 3.576607271514306774e+01 3.231300146780272797e+01 3.231300146780272797e+01 4.187377445577962476e+01 5.634648245287670676e+01
6.025208695808477444e+01 6.035903356128440578e+01 5.508327719741701856e+01 3.954775495535113805e+01 3.109327895422098464e+01 2.956865525335189915e+01 2.956865525335189915e+01 3.360954846030377041e+01 3.661322682917859339e+01 3.823179121873995001e+01 3.442057487112687397e+01 3.623543086796456691e+01 3.343361130505876133e+01 2.606010127918338171e+01 3.231300146780272797e+01 3.630996120179507614e+01 4.692337733785518594e+01 5.959305951834499382e+01
6.288798495410033951e+01 6.160493442747614523e+01 5.012567579564532849e+01 3.161264712574649849e+01 2.442185007920741313e+01 2.012181234585622747e+01 2.012181234585622747e+01 2.231953487689598958e+01 2.231953487689598958e+01 2.468444751651193059e+01 2.468444751651193059e+01 2.468444751651193059e+01 2.606010127918338171e+01 2.843676531574182675e+01 3.131413650485380273e+01 4.125445806040308128e+01 5.634648245287670676e+01 6.035903356128440578e+01
6.288798495410033951e+01 6.035903356128440578e+01 5.012567579564532849e+01 3.320559475659237592e+01 2.219244519155936146e+01 1.646174047012836184e+01 1.116580290640986384e+01 1.116580290640986384e+01 1.116580290640986384e+01 1.646174047012836184e+01 1.786784728977309911e+01 2.056102333589736020e+01 2.369118911579512599e+01 3.056632324053519767e+01 4.040402166517581861e+01 5.395869024250990265e+01 5.959305951834499382e+01 6.035903356128440578e+01
6.025208695808477444e+01 6.035903356128440578e+01 5.377791054530881354e+01 3.667877212792150488e+01 2.476517350770033232e+01 1.963043836561558919e+01 1.116580290640986384e+01 1.116580290640986384e+01 1.116580290640986384e+01 1.875861905711791522e+01 2.199243214291224291e+01 2.414727821639969818e+01 3.056632324053519767e+01 4.040402166517581861e+01 5.395869024250990265e+01 5.959305951834499382e+01 6.863019262103961182e+01 5.508327719741701856e+01
6.025208695808477444e+01 6.936836812466357571e+01 6.160493442747614523e+01 4.316573708521914199e+01 3.078976848897044860e+01 2.381137678746875963e+01 2.381137678746875963e+01 2.199243214291224291e+01 2.199243214291224291e+01 2.381137678746875963e+01 3.056632324053519767e+01 3.654249912788267807e+01 3.933002267798903517e+01 5.568678804292557061e+01 6.025208695808477444e+01 6.035903356128440578e+01 5.585837247558336571e+01 4.771060302198218750e+01
5.692910457119156575e+01 6.687852651897475198e+01 6.160493442747614523e+01 4.901861816346923462e+01 4.347482841674645471e+01 3.095641747711519187e+01 3.095641747711519187e+01 2.920218386370964936e+01 3.203657864771373198e+01 3.456622855721776943e+01 3.933002267798903517e+01 5.058292872961215636e+01 4.503836814452573378e+01 5.308127399519619871e+01 5.308127399519619871e+01 5.492520015652532095e+01 4.055365400669700904e+01 3.343361130505876133e+01
4.684394641779822166e+01 5.987432408922797578e+01 6.427063351172726868e+01 5.308127399519619871e+01 5.308127399519619871e+01 4.737774060465492454e+01 3.781854245260227287e+01 3.781854245260227287e+01 4.384489000644911272e+01 4.503836814452573378e+01 4.503836814452573378e+01 5.308127399519619871e+01 5.308127399519619871e+01 5.308127399519619871e+01 4.771060302198218750e+01 4.055365400669700904e+01 2.927380054864621073e+01 2.496414768889858138e+01
3.661322682917859339e+01 4.726443183693584871e+01 5.348899241316112807e+01 5.308127399519619871e+01 5.308127399519619871e+01 5.308127399519619871e+01 5.308127399519619871e+01 5.308127399519619871e+01 4.503836814452573378e+01 4.503836814452573378e+01 5.308127399519619871e+01 5.129796411996154148e+01 4.846694077827143587e+01 4.055365400669700904e+01 3.576607271514306774e+01 2.927380054864621073e+01 2.396578464215155435e+01 2.012181234585622747e+01
2.507403282254260901e+01 3.661322682917859339e+01 3.823179121873995001e+01 4.846694077827143587e+01 4.846694077827143587e+01 5.308127399519619871e+01 5.308127399519619871e+01 5.308127399519619871e+01 5.308127399519619871e+01 4.055365400669700904e+01 4.055365400669700904e+01 4.098615155694848511e+01 3.442057487112687397e+01 3.109327895422098464e+01 2.496414768889858138e+01 2.026508544406563672e+01 1.116580290640986384e+01 1.116580290640986384e+01
