1.120554708840798952e+01 1.120554708840798952e+01 1.120554708840798952e+01 1.120554708840798952e+01 1.941625790622150305e+01 2.732568175620847839e+01 4.569539799680872960e+01 6.555195222157460933e+01 8.601258844521443336e+01 9.733927786003192750e+01 1.078809543007827330e+02 1.046572921864227368e+02 1.046572921864227368e+02 9.141540360125509324e+01 8.305142142315013132e+01 6.870542931350024674e+01 4.270464569488185447e+01 3.080237484539033588e+01
1.120554708840798952e+01 1.120554708840798952e+01 1.120554708840798952e+01 1.120554708840798952e+01 2.149488827623791565e+01 3.758281342616346166e+01 5.236853523677192612e+01 7.641426543129340132e+01 9.785503253972095195e+01 1.158386456597735474e+02 1.219091112279517688e+02 1.219091112279517688e+02 1.219091112279517688e+02 1.169826268388507913e+02 1.046572921864227368e+02 8.973240529928985154e+01 6.870542931350024674e+01 3.995910212940705719e+01
1.120554708840798952e+01 1.120554708840798952e+01 1.120554708840798952e+01 1.941625790622150305e+01 2.732568175620847839e+01 4.157945179237933075e+01 6.573547236704011709e+01 9.003639706058392278e+01 1.052937061024993710e+02 1.158386456597735474e+02 1.186450431398957335e+02 1.186450431398957335e+02 1.219091112279517688e+02 1.219091112279517688e+02 1.169826268388507913e+02 1.022300965781916489e+02 7.597237089154936029e+01 5.014547623560526546e+01
1.120554708840798952e+01 1.120554708840798952e+01 1.120554708840798952e+01 2.173773284753282553e+01 3.530402591992596228e+01 5.621368434949918935e+01 7.641426543129340132e+01 9.785503253972095195e+01 1.069892419497723921e+02 1.085610038488132574e+02 9.943642643915693213e+01 1.026418954137833452e+02 1.165314890425735399e+02 1.165314890425735399e+02 1.219091112279517688e+02 1.103767225107620931e+02 8.973240529928985154e+01 6.837252593593672145e+01
1.120554708840798952e+01 1.120554708840798952e+01 2.149488827623791565e+01 3.365872781516009127e+01 4.764291580317023289e+01 7.218391931161424679e+01 9.003639706058392278e+01 1.043799991954921467e+02 9.968884860475881737e+01 9.060010349278506681e+01 7.819836727739084381e+01 8.362168531619369105e+01 9.185282849860162457e+01 1.015119742163355454e+02 1.165314890425735399e+02 1.169826268388507913e+02 1.022300965781916489e+02 7.597237089154936029e+01
1.120554708840798952e+01 1.941625790622150305e+01 2.732568175620847839e+01 4.157945179237933075e+01 6.555195222157460933e+01 8.601258844521443336e+01 1.010843752351624261e+02 1.038192834609336614e+02 9.244005972026074858e+01 7.407644866085246349e+01 6.376491496333586895e+01 6.164847373428658983e+01 7.374247736073948545e+01 9.262601867238267062e+01 1.015119742163355454e+02 1.219091112279517688e+02 1.103767225107620931e+02 8.973240529928985154e+01
1.923799528510403434e+01 2.482360587680102526e+01 4.113308136348820909e+01 5.621368434949918935e+01 7.795718347219245459e+01 1.010843752351624261e+02 1.058203846868372437e+02 9.958336326587563292e+01 7.778141065057992876e+01 5.905790712023000566e+01 3.950080513679782968e+01 4.257148120841039685e+01 5.525323961804568285e+01 7.374247736073948545e+01 9.607896427305428233e+01 1.165314890425735399e+02 1.090496549614846771e+02 8.973240529928985154e+01
2.173773284753282553e+01 3.365872781516009127e+01 5.291593714533814818e+01 7.641426543129340132e+01 9.166604683547001287e+01 1.021055616212162818e+02 9.968884860475881737e+01 8.871796282057708538e+01 6.406875464617782256e+01 4.260653200921865391e+01 3.111396061155172887e+01 3.068957656788463950e+01 3.474270695282812937e+01 6.600464494719579989e+01 8.633878275718149098e+01 1.043799991954921467e+02 1.124628842787825391e+02 1.022300965781916489e+02
2.732568175620847839e+01 4.340587157419363962e+01 6.555195222157460933e+01 8.756466760196506982e+01 1.043799991954921467e+02 9.968884860475881737e+01 9.244005972026074858e+01 7.130836568420833999e+01 5.217638928171886903e+01 3.265409710691122314e+01 2.169316292533046564e+01 2.239838604456903326e+01 3.303638265774011984e+01 5.488555386578882889e+01 8.473646978626719317e+01 1.030712166850431117e+02 1.112192420989287172e+02 9.742566238556361213e+01
3.530402591992596228e+01 5.291593714533814818e+01 7.641426543129340132e+01 9.588369641315460967e+01 1.050760996618499235e+02 9.758909512471736036e+01 8.045787506667586797e+01 5.905790712023000566e+01 3.904664213886510282e+01 2.612554513884161622e+01 2.011372379125814547e+01 2.216415426181830028e+01 3.689043589737454454e+01 6.126647973558127092e+01 8.473646978626719317e+01 1.030712166850431117e+02 1.061897459350274744e+02 9.244005972026074858e+01
4.157945179237933075e+01 6.573547236704011709e+01 9.003639706058392278e+01 1.052937061024993710e+02 9.968884860475881737e+01 8.709882647088031149e+01 6.710196127848456626e+01 4.260653200921865391e+01 3.019680135082406380e+01 1.991488138836205479e+01 1.923799528510403434e+01 2.732568175620847839e+01 4.113308136348820909e+01 6.573547236704011709e+01 8.284709474268954921e+01 1.043799991954921467e+02 9.968884860475881737e+01 8.655386510283790358e+01
5.236853523677192612e+01 7.641426543129340132e+01 9.785503253972095195e+01 1.058203846868372437e+02 9.742566238556361213e+01 7.778141065057992876e+01 5.217638928171886903e+01 3.834782627344311123e+01 2.351877595993232362e+01 2.309230668114208029e+01 3.056632324053519767e+01 3.921218127381586527e+01 5.621368434949918935e+01 7.641426543129340132e+01 9.588369641315460967e+01 1.050760996618499235e+02 9.758909512471736036e+01 7.778141065057992876e+01
6.573547236704011709e+01 9.003639706058392278e+01 1.052937061024993710e+02 1.085610038488132574e+02 9.742566238556361213e+01 7.472546479804121589e+01 5.014547623560526546e+01 3.830879256265635746e+01 3.233623547265911213e+01 3.653287552467523369e+01 4.423073559783850328e+01 5.881619560743557429e+01 7.795718347219245459e+01 9.166604683547001287e+01 1.010843752351624261e+02 9.968884860475881737e+01 8.655386510283790358e+01 6.406875464617782256e+01
6.573547236704011709e+01 9.785503253972095195e+01 1.079819349882569810e+02 1.090496549614846771e+02 1.022300965781916489e+02 7.597237089154936029e+01 5.425172826657857428e+01 5.170791204313317024e+01 5.021998650651353557e+01 5.609744574289497621e+01 6.615461948547141446e+01 7.795718347219245459e+01 9.166604683547001287e+01 1.010843752351624261e+02 1.050760996618499235e+02 9.244005972026074858e+01 7.130836568420833999e+01 5.217638928171886903e+01
7.016220084064542561e+01 9.785503253972095195e+01 1.165314890425735399e+02 1.219091112279517688e+02 1.103767225107620931e+02 8.973240529928985154e+01 8.385435024096176448e+01 6.983469600245952336e+01 7.579949922321938516e+01 7.795718347219245459e+01 8.881712932980475728e+01 9.733927786003192750e+01 1.021055616212162818e+02 1.050760996618499235e+02 9.758909512471736036e+01 7.407644866085246349e+01 5.905790712023000566e+01 3.904664213886510282e+01
6.600464494719579989e+01 8.633878275718149098e+01 1.079819349882569810e+02 1.219091112279517688e+02 1.169826268388507913e+02 1.046572921864227368e+02 1.046572921864227368e+02 9.258334491984754777e+01 9.733927786003192750e+01 9.733927786003192750e+01 1.021055616212162818e+02 1.050760996618499235e+02 9.943642643915693213e+01 9.703225162840386986e+01 7.407644866085246349e+01 5.905790712023000566e+01 4.260653200921865391e+01 2.612554513884161622e+01
5.443679027931498382e+01 7.374247736073948545e+01 9.607896427305428233e+01 1.105170549827799249e+02 1.186450431398957335e+02 1.186450431398957335e+02 1.082935761048313310e+02 1.082935761048313310e+02 1.082935761048313310e+02 1.105170549827799249e+02 1.026418954137833452e+02 9.703225162840386986e+01 8.752632221663503742e+01 7.407644866085246349e+01 5.499232325944376498e+01 4.584315159030600739e+01 2.956642028099167163e+01 2.026508544406563672e+01
4.162585793926432842e+01 5.832268767327226300e+01 7.374247736073948545e+01 9.262601867238267062e+01 9.887186500005408618e+01 9.887186500005408618e+01 9.887186500005408618e+01 9.887186500005408618e+01 9.887186500005408618e+01 9.703225162840386986e+01 9.060010349278506681e+01 7.407644866085246349e+01 6.376491496333586895e+01 4.875296394239839515e+01 3.940090394854519218e+01 2.956642028099167163e+01 2.026508544406563672e+01 1.824515956154935736e+01
