1.864598102865364204e+00 1.836846264778383642e+00 1.529959756879622823e+00 1.436289013337177956e+00 1.324014831503530942e+00 1.324014831503530942e+00 1.536139334687430136e+00 1.436289013337177956e+00 1.550359300630970383e+00 1.408406779242882934e+00 1.408406779242882934e+00 1.324014831503530942e+00 1.408406779242882934e+00 1.572121432812598973e+00 1.408406779242882934e+00 1.436289013337177956e+00 1.436289013337177956e+00 1.436289013337177956e+00
1.932256193351470586e+00 1.753382387546039034e+00 1.550359300630970383e+00 1.324014831503530942e+00 1.324014831503530942e+00 1.324014831503530942e+00 1.600235901054212651e+00 1.664179253167217043e+00 2.012789811607463619e+00 1.836846264778383642e+00 1.600235901054212651e+00 1.324014831503530942e+00 1.550359300630970383e+00 1.932256193351470586e+00 1.664179253167217043e+00 1.572121432812598973e+00 1.436289013337177956e+00 1.408406779242882934e+00
1.550359300630970383e+00 1.324014831503530942e+00 1.324014831503530942e+00 1.324014831503530942e+00 1.478166662801478903e+00 1.664179253167217043e+00 2.012789811607463619e+00 1.572121432812598973e+00 1.703677759718232654e+00 1.836846264778383642e+00 1.836846264778383642e+00 1.836846264778383642e+00 3.634624820704523529e+00 2.500003542936422907e+00 2.005058375337253729e+00 1.572121432812598973e+00 1.436289013337177956e+00 1.436289013337177956e+00
1.324014831503530942e+00 1.324014831503530942e+00 1.572121432812598973e+00 1.946669536609177076e+00 1.600235901054212651e+00 1.572121432812598973e+00 1.572121432812598973e+00 1.600235901054212651e+00 1.497509996224805073e+00 1.753382387546039034e+00 1.753382387546039034e+00 1.836846264778383642e+00 2.305081587383583752e+01 8.375429896534468455e+00 2.005058375337253729e+00 1.572121432812598973e+00 1.408406779242882934e+00 1.436289013337177956e+00
1.324014831503530942e+00 1.324014831503530942e+00 1.572121432812598973e+00 1.528311094372099888e+00 1.769981545660051392e+00 1.731428546870463547e+00 1.727785742404430280e+00 1.600235901054212651e+00 1.497509996224805073e+00 1.497509996224805073e+00 1.497509996224805073e+00 1.703677759718232654e+00 1.998789810702525926e+00 2.500003542936422907e+00 2.005058375337253729e+00 2.290331076719003711e+00 1.572121432812598973e+00 1.528311094372099888e+00
1.324014831503530942e+00 1.324014831503530942e+00 1.572121432812598973e+00 1.497509996224805073e+00 1.600235901054212651e+00 1.600235901054212651e+00 1.572121432812598973e+00 1.600235901054212651e+00 1.497509996224805073e+00 1.436289013337177956e+00 1.550359300630970383e+00 1.529959756879622823e+00 1.309980765324136343e+01 1.181028956539428343e+01 2.005058375337253729e+00 1.958363994013259113e+00 1.572121432812598973e+00 1.436289013337177956e+00
1.324014831503530942e+00 1.324014831503530942e+00 1.324014831503530942e+00 1.821244447622128781e+00 1.572121432812598973e+00 1.600235901054212651e+00 1.550359300630970383e+00 1.550359300630970383e+00 1.436289013337177956e+00 1.436289013337177956e+00 1.572121432812598973e+00 1.529959756879622823e+00 1.309980765324136343e+01 1.181028956539428343e+01 2.908137993377680974e+00 1.731428546870463547e+00 1.572121432812598973e+00 1.436289013337177956e+00
1.324014831503530942e+00 1.324014831503530942e+00 1.324014831503530942e+00 1.324014831503530942e+00 1.572121432812598973e+00 1.600235901054212651e+00 1.550359300630970383e+00 1.536139334687430136e+00 1.529959756879622823e+00 1.436289013337177956e+00 1.529959756879622823e+00 1.529959756879622823e+00 4.138902428094792363e+00 1.259155265713658700e+01 1.572121432812598973e+00 1.572121432812598973e+00 1.497509996224805073e+00 1.436289013337177956e+00
1.324014831503530942e+00 1.324014831503530942e+00 1.324014831503530942e+00 1.324014831503530942e+00 1.572121432812598973e+00 1.550359300630970383e+00 1.497509996224805073e+00 1.497509996224805073e+00 1.529959756879622823e+00 1.529959756879622823e+00 1.550359300630970383e+00 4.138902428094792363e+00 1.259155265713658700e+01 1.572121432812598973e+00 1.572121432812598973e+00 1.572121432812598973e+00 1.436289013337177956e+00 1.436289013337177956e+00
1.324014831503530942e+00 1.324014831503530942e+00 1.324014831503530942e+00 1.324014831503530942e+00 1.324014831503530942e+00 1.497509996224805073e+00 1.550359300630970383e+00 1.536139334687430136e+00 1.529959756879622823e+00 1.529959756879622823e+00 1.769981545660051392e+00 6.436909154902520136e+00 2.005058375337253729e+00 1.572121432812598973e+00 1.600235901054212651e+00 1.572121432812598973e+00 1.600235901054212651e+00 1.436289013337177956e+00
1.324014831503530942e+00 1.324014831503530942e+00 1.324014831503530942e+00 1.324014831503530942e+00 1.324014831503530942e+00 1.436289013337177956e+00 1.536139334687430136e+00 1.529959756879622823e+00 1.529959756879622823e+00 1.529959756879622823e+00 4.138902428094792363e+00 4.523932907710069173e+00 1.731428546870463547e+00 1.572121432812598973e+00 1.600235901054212651e+00 1.497509996224805073e+00 1.600235901054212651e+00 1.529959756879622823e+00
1.324014831503530942e+00 1.324014831503530942e+00 1.324014831503530942e+00 1.324014831503530942e+00 1.324014831503530942e+00 1.324014831503530942e+00 1.436289013337177956e+00 1.529959756879622823e+00 1.550359300630970383e+00 9.753895775422382286e+00 6.436909154902520136e+00 1.572121432812598973e+00 1.497509996224805073e+00 1.497509996224805073e+00 1.497509996224805073e+00 1.550359300630970383e+00 1.497509996224805073e+00 1.529959756879622823e+00
1.324014831503530942e+00 1.324014831503530942e+00 1.324014831503530942e+00 1.324014831503530942e+00 1.324014831503530942e+00 1.324014831503530942e+00 1.478166662801478903e+00 1.529959756879622823e+00 2.168831205155987263e+00 5.003357934034187160e+00 2.005058375337253729e+00 1.572121432812598973e+00 1.497509996224805073e+00 1.436289013337177956e+00 1.550359300630970383e+00 1.436289013337177956e+00 1.436289013337177956e+00 1.529959756879622823e+00
1.324014831503530942e+00 1.324014831503530942e+00 1.324014831503530942e+00 1.324014831503530942e+00 1.324014831503530942e+00 1.408406779242882934e+00 2.168831205155987263e+00 2.305081587383583752e+01 1.259155265713658700e+01 4.523932907710069173e+00 1.572121432812598973e+00 1.497509996224805073e+00 1.436289013337177956e+00 1.529959756879622823e+00 1.436289013337177956e+00 1.324014831503530942e+00 1.408406779242882934e+00 1.324014831503530942e+00
1.324014831503530942e+00 1.324014831503530942e+00 1.324014831503530942e+00 1.324014831503530942e+00 1.324014831503530942e+00 1.748375298415890455e+00 9.753895775422382286e+00 2.555641906331598534e+01 1.259155265713658700e+01 1.572121432812598973e+00 1.497509996224805073e+00 1.436289013337177956e+00 1.436289013337177956e+00 1.408406779242882934e+00 1.324014831503530942e+00 1.324014831503530942e+00 1.324014831503530942e+00 1.324014831503530942e+00
1.324014831503530942e+00 1.324014831503530942e+00 1.324014831503530942e+00 1.324014831503530942e+00 1.529959756879622823e+00 2.305081587383583752e+01 3.316753237554014788e+01 1.259155265713658700e+01 1.572121432812598973e+00 1.497509996224805073e+00 1.436289013337177956e+00 1.436289013337177956e+00 1.529959756879622823e+00 1.324014831503530942e+00 1.324014831503530942e+00 1.324014831503530942e+00 1.324014831503530942e+00 1.324014831503530942e+00
1.324014831503530942e+00 1.497509996224805073e+00 1.324014831503530942e+00 1.408406779242882934e+00 2.305081587383583752e+01 7.315263508145085325e+01 1.259155265713658700e+01 1.572121432812598973e+00 1.536139334687430136e+00 1.436289013337177956e+00 1.436289013337177956e+00 1.408406779242882934e+00 1.324014831503530942e+00 1.324014831503530942e+00 1.324014831503530942e+00 1.324014831503530942e+00 1.324014831503530942e+00 1.324014831503530942e+00
1.436289013337177956e+00 1.497509996224805073e+00 1.324014831503530942e+00 1.769981545660051392e+00 6.436909154902520136e+00 4.747060521341524719e+01 2.005058375337253729e+00 1.572121432812598973e+00 1.703677759718232654e+00 1.550359300630970383e+00 1.408406779242882934e+00 1.436289013337177956e+00 1.324014831503530942e+00 1.324014831503530942e+00 1.324014831503530942e+00 1.324014831503530942e+00 1.324014831503530942e+00 1.324014831503530942e+00
