1.324014831503530942e+00 1.324014831503530942e+00 1.324014831503530942e+00 1.324014831503530942e+00 1.436289013337177956e+00 9.332717700757443779e+00 6.588653232148207906e+01 1.290435246932622420e+02 1.611421052273181829e+02 1.655024162135547954e+02 1.655024162135547954e+02 1.641835510259506066e+02 1.550134275618682125e+02 2.500003542936422907e+00 1.634421975637585955e+00 2.609247325520172467e+01 1.408406779242882934e+00 1.324014831503530942e+00
1.324014831503530942e+00 1.324014831503530942e+00 1.324014831503530942e+00 1.324014831503530942e+00 1.436289013337177956e+00 4.515427280227818585e+01 1.609055731438105568e+02 1.655024162135547954e+02 1.655024162135547954e+02 1.655024162135547954e+02 1.655024162135547954e+02 1.550134275618682125e+02 1.486168191199337230e+02 1.572972587706443051e+02 6.560684093553705054e+01 1.634421975637585955e+00 1.504415272839502604e+00 1.324014831503530942e+00
1.324014831503530942e+00 1.324014831503530942e+00 1.324014831503530942e+00 1.324014831503530942e+00 1.529959756879622823e+00 4.515427280227818585e+01 1.300092666502458201e+02 1.636371967693208376e+02 1.620144457933880346e+02 1.346522035141054801e+02 5.382407430886640753e+01 8.187168556430872002e+01 1.000552946013113882e+02 1.588857476992578768e+02 1.535867233485980989e+02 2.005058375337253729e+00 1.572121432812598973e+00 1.497509996224805073e+00
1.324014831503530942e+00 1.324014831503530942e+00 1.324014831503530942e+00 1.324014831503530942e+00 2.012789811607463619e+00 1.853728053923545449e+00 7.457580619198854777e+01 7.992460740322623280e+01 8.187168556430872002e+01 7.992460740322623280e+01 1.572121432812598973e+00 2.012789811607463619e+00 2.158414539429307499e+00 1.300092666502458201e+02 1.572972587706443051e+02 2.005058375337253729e+00 1.634421975637585955e+00 1.504415272839502604e+00
1.324014831503530942e+00 1.324014831503530942e+00 1.324014831503530942e+00 1.497509996224805073e+00 1.497509996224805073e+00 1.497509996224805073e+00 1.497509996224805073e+00 1.478556766730816818e+01 2.158414539429307499e+00 1.860549305109003182e+00 1.572121432812598973e+00 1.497509996224805073e+00 1.744696322861747362e+00 4.188628398430251565e+01 1.599801333011789097e+02 1.550134275618682125e+02 1.634421975637585955e+00 1.504415272839502604e+00
1.324014831503530942e+00 1.324014831503530942e+00 1.324014831503530942e+00 1.324014831503530942e+00 1.324014831503530942e+00 1.550359300630970383e+00 1.497509996224805073e+00 1.497509996224805073e+00 1.497509996224805073e+00 1.497509996224805073e+00 1.515238348668426216e+00 1.477458893451582655e+00 1.436289013337177956e+00 4.188628398430251565e+01 1.619636183826580123e+02 1.550134275618682125e+02 2.005058375337253729e+00 1.504415272839502604e+00
1.324014831503530942e+00 1.324014831503530942e+00 1.324014831503530942e+00 1.324014831503530942e+00 1.324014831503530942e+00 1.324014831503530942e+00 1.324014831503530942e+00 1.515238348668426216e+00 1.550359300630970383e+00 1.477458893451582655e+00 1.324014831503530942e+00 1.436289013337177956e+00 1.436289013337177956e+00 4.188628398430251565e+01 1.619636183826580123e+02 1.641835510259506066e+02 2.005058375337253729e+00 1.504415272839502604e+00
1.324014831503530942e+00 1.324014831503530942e+00 1.324014831503530942e+00 1.324014831503530942e+00 1.324014831503530942e+00 1.324014831503530942e+00 1.324014831503530942e+00 1.324014831503530942e+00 1.408406779242882934e+00 1.324014831503530942e+00 1.324014831503530942e+00 1.436289013337177956e+00 1.477458893451582655e+00 4.188628398430251565e+01 1.619636183826580123e+02 1.574457251469773382e+02 2.005058375337253729e+00 1.504415272839502604e+00
1.324014831503530942e+00 1.324014831503530942e+00 1.324014831503530942e+00 1.324014831503530942e+00 1.324014831503530942e+00 1.324014831503530942e+00 1.408406779242882934e+00 1.408406779242882934e+00 1.408406779242882934e+00 9.753895775422382286e+00 1.664179253167217043e+00 1.664179253167217043e+00 9.753895775422382286e+00 1.274140034657577161e+02 1.655024162135547954e+02 1.636371967693208376e+02 2.005058375337253729e+00 1.504415272839502604e+00
1.324014831503530942e+00 1.324014831503530942e+00 1.408406779242882934e+00 1.408406779242882934e+00 1.664179253167217043e+00 1.664179253167217043e+00 2.070230813531534864e+01 2.168831205155987263e+00 2.609247325520172467e+01 2.500003542936422907e+00 2.070230813531534864e+01 2.609247325520172467e+01 1.037525426698925486e+02 1.655024162135547954e+02 1.655024162135547954e+02 1.494657652933761653e+02 2.005058375337253729e+00 1.504415272839502604e+00
1.408406779242882934e+00 1.664179253167217043e+00 2.168831205155987263e+00 5.789753069563435872e+01 8.132761510119300397e+01 8.132761510119300397e+01 8.132761510119300397e+01 1.611421052273181829e+02 1.290435246932622420e+02 1.611421052273181829e+02 1.230107638718340866e+02 1.611421052273181829e+02 1.655024162135547954e+02 1.655024162135547954e+02 1.655024162135547954e+02 1.494657652933761653e+02 2.005058375337253729e+00 1.921857963664621805e+00
1.748375298415890455e+00 1.611421052273181829e+02 1.655024162135547954e+02 1.655024162135547954e+02 1.641835510259506066e+02 1.655024162135547954e+02 1.655024162135547954e+02 1.655024162135547954e+02 1.655024162135547954e+02 1.655024162135547954e+02 1.655024162135547954e+02 1.655024162135547954e+02 1.655024162135547954e+02 1.655024162135547954e+02 1.655024162135547954e+02 1.641835510259506066e+02 2.005058375337253729e+00 1.860549305109003182e+00
1.588857476992578768e+02 1.609055731438105568e+02 1.655024162135547954e+02 1.655024162135547954e+02 1.655024162135547954e+02 1.655024162135547954e+02 1.655024162135547954e+02 1.655024162135547954e+02 1.655024162135547954e+02 1.655024162135547954e+02 1.651207089507004468e+02 1.636371967693208376e+02 5.382407430886640753e+01 8.187168556430872002e+01 1.620144457933880346e+02 1.346522035141054801e+02 2.005058375337253729e+00 1.572121432812598973e+00
1.508240062551839458e+02 1.619636183826580123e+02 1.651207089507004468e+02 1.655024162135547954e+02 1.655024162135547954e+02 1.655024162135547954e+02 1.655024162135547954e+02 1.636371967693208376e+02 1.620144457933880346e+02 1.620144457933880346e+02 5.382407430886640753e+01 8.187168556430872002e+01 1.728075206947211395e+00 2.012789811607463619e+00 2.012789811607463619e+00 3.449606106042035236e+01 2.005058375337253729e+00 1.504415272839502604e+00
1.274140034657577161e+02 1.363337773944772948e+02 1.620144457933880346e+02 1.620144457933880346e+02 1.620144457933880346e+02 1.620144457933880346e+02 5.382407430886640753e+01 8.187168556430872002e+01 8.187168556430872002e+01 8.194041014498068876e+01 1.728075206947211395e+00 1.600235901054212651e+00 1.728075206947211395e+00 1.600235901054212651e+00 1.726355973102020380e+00 1.731428546870463547e+00 1.572121432812598973e+00 1.497509996224805073e+00
3.449606106042035236e+01 7.992460740322623280e+01 8.194041014498068876e+01 8.194041014498068876e+01 8.194041014498068876e+01 8.194041014498068876e+01 1.728075206947211395e+00 1.728075206947211395e+00 1.728075206947211395e+00 1.572121432812598973e+00 1.600235901054212651e+00 1.497509996224805073e+00 1.497509996224805073e+00 1.497509996224805073e+00 1.497509996224805073e+00 1.497509996224805073e+00 1.504415272839502604e+00 1.477458893451582655e+00
1.600235901054212651e+00 1.478556766730816818e+01 2.012789811607463619e+00 1.478556766730816818e+01 1.728075206947211395e+00 1.726355973102020380e+00 1.600235901054212651e+00 1.600235901054212651e+00 1.600235901054212651e+00 1.634421975637585955e+00 1.497509996224805073e+00 1.550359300630970383e+00 1.515238348668426216e+00 1.436289013337177956e+00 1.550359300630970383e+00 1.550359300630970383e+00 1.515238348668426216e+00 1.436289013337177956e+00
1.634421975637585955e+00 1.497509996224805073e+00 1.497509996224805073e+00 1.497509996224805073e+00 1.515238348668426216e+00 1.529959756879622823e+00 1.634421975637585955e+00 1.497509996224805073e+00 1.550359300630970383e+00 1.550359300630970383e+00 1.550359300630970383e+00 1.477458893451582655e+00 1.477458893451582655e+00 1.477458893451582655e+00 1.324014831503530942e+00 1.324014831503530942e+00 1.324014831503530942e+00 1.477458893451582655e+00
