1.176249659278580673e+01 1.176249659278580673e+01 1.176249659278580673e+01 1.176249659278580673e+01 1.176249659278580673e+01 1.176249659278580673e+01 1.176249659278580673e+01 1.176249659278580673e+01 1.176249659278580673e+01 1.176249659278580673e+01 1.534381543497432077e+01 2.129092588674000552e+01 3.190250740667055851e+01 4.416357990029151637e+01 4.416357990029151637e+01 4.416357990029151637e+01 3.930068029054432799e+01 2.969383579689096209e+01
1.176249659278580673e+01 1.176249659278580673e+01 1.176249659278580673e+01 1.176249659278580673e+01 1.176249659278580673e+01 1.176249659278580673e+01 1.176249659278580673e+01 1.176249659278580673e+01 1.176249659278580673e+01 1.176249659278580673e+01 1.534381543497432077e+01 2.717345892087801928e+01 4.416357990029151637e+01 5.489475018772607484e+01 6.607247664816347310e+01 6.840484750621391186e+01 5.425057811504207450e+01 4.372310893160928202e+01
1.176249659278580673e+01 1.176249659278580673e+01 1.176249659278580673e+01 1.176249659278580673e+01 1.176249659278580673e+01 1.176249659278580673e+01 1.176249659278580673e+01 1.176249659278580673e+01 1.176249659278580673e+01 1.534381543497432077e+01 2.129092588674000552e+01 3.463133020917934601e+01 5.597599004584614590e+01 7.317077553104860499e+01 8.888244058550266402e+01 8.888244058550266402e+01 7.408017387029315159e+01 5.248238136208966154e+01
1.176249659278580673e+01 1.176249659278580673e+01 1.176249659278580673e+01 1.176249659278580673e+01 1.176249659278580673e+01 1.176249659278580673e+01 1.176249659278580673e+01 1.176249659278580673e+01 1.534381543497432077e+01 2.129092588674000552e+01 2.717345892087801928e+01 4.416357990029151637e+01 6.141883066926051526e+01 8.638933886812246499e+01 9.688539918391214201e+01 9.554373734098685134e+01 8.156745316283544867e+01 6.058803042206463374e+01
1.176249659278580673e+01 1.176249659278580673e+01 1.176249659278580673e+01 1.176249659278580673e+01 1.176249659278580673e+01 1.176249659278580673e+01 1.176249659278580673e+01 1.534381543497432077e+01 2.165314039315515515e+01 2.856377283622135366e+01 4.416357990029151637e+01 6.141883066926051526e+01 7.663910923246297102e+01 9.733356449447070702e+01 1.015119742163355454e+02 9.249532047001156343e+01 7.373540904332607226e+01 5.576900823263593310e+01
1.176249659278580673e+01 1.176249659278580673e+01 1.176249659278580673e+01 1.176249659278580673e+01 1.176249659278580673e+01 1.176249659278580673e+01 1.534381543497432077e+01 2.129092588674000552e+01 2.543273074510527820e+01 4.416357990029151637e+01 5.597599004584614590e+01 7.663910923246297102e+01 9.688539918391214201e+01 9.554373734098685134e+01 9.951950200030695726e+01 8.156745316283544867e+01 6.383038768097996041e+01 4.612865098936239150e+01
1.176249659278580673e+01 1.176249659278580673e+01 1.176249659278580673e+01 1.176249659278580673e+01 1.176249659278580673e+01 1.534381543497432077e+01 1.534381543497432077e+01 2.543273074510527820e+01 4.416357990029151637e+01 5.597599004584614590e+01 7.735689146036698105e+01 9.688539918391214201e+01 9.554373734098685134e+01 9.796739018799348742e+01 8.156745316283544867e+01 6.710196127848456626e+01 4.612865098936239150e+01 3.306998588477798506e+01
1.176249659278580673e+01 1.176249659278580673e+01 1.176249659278580673e+01 1.176249659278580673e+01 1.534381543497432077e+01 1.534381543497432077e+01 2.543273074510527820e+01 3.531999820759202180e+01 5.489475018772607484e+01 7.663910923246297102e+01 9.688539918391214201e+01 9.554373734098685134e+01 9.249532047001156343e+01 8.340184791822429133e+01 6.710196127848456626e+01 4.612865098936239150e+01 3.306998588477798506e+01 2.487691152704103104e+01
1.176249659278580673e+01 1.176249659278580673e+01 1.176249659278580673e+01 1.176249659278580673e+01 1.534381543497432077e+01 2.543273074510527820e+01 3.531999820759202180e+01 5.489475018772607484e+01 7.663910923246297102e+01 9.004107935272514851e+01 9.554373734098685134e+01 9.249532047001156343e+01 8.156745316283544867e+01 6.710196127848456626e+01 4.612865098936239150e+01 3.306998588477798506e+01 2.487691152704103104e+01 1.534381543497432077e+01
1.176249659278580673e+01 1.176249659278580673e+01 1.176249659278580673e+01 1.534381543497432077e+01 2.543273074510527820e+01 3.531999820759202180e+01 5.489475018772607484e+01 7.317077553104860499e+01 9.688539918391214201e+01 9.554373734098685134e+01 9.249532047001156343e+01 8.156745316283544867e+01 6.058803042206463374e+01 4.612865098936239150e+01 3.306998588477798506e+01 2.487691152704103104e+01 1.534381543497432077e+01 1.176249659278580673e+01
1.176249659278580673e+01 1.176249659278580673e+01 1.534381543497432077e+01 2.129092588674000552e+01 3.531999820759202180e+01 5.442244546698894681e+01 7.317077553104860499e+01 8.974966493408524570e+01 9.554373734098685134e+01 9.249532047001156343e+01 8.156745316283544867e+01 6.058803042206463374e+01 4.612865098936239150e+01 3.306998588477798506e+01 2.487691152704103104e+01 1.534381543497432077e+01 1.176249659278580673e+01 1.176249659278580673e+01
1.176249659278580673e+01 1.176249659278580673e+01 1.534381543497432077e+01 3.190250740667055851e+01 4.416357990029151637e+01 6.141883066926051526e+01 8.638933886812246499e+01 9.688539918391214201e+01 9.796739018799348742e+01 8.156745316283544867e+01 6.058803042206463374e+01 4.612865098936239150e+01 3.306998588477798506e+01 2.341733382790981466e+01 1.534381543497432077e+01 1.176249659278580673e+01 1.176249659278580673e+01 1.176249659278580673e+01
1.176249659278580673e+01 1.534381543497432077e+01 2.543273074510527820e+01 4.007934636741580192e+01 6.141883066926051526e+01 7.988578503026270994e+01 9.589761654834191518e+01 9.554373734098685134e+01 8.769720189766769636e+01 6.710196127848456626e+01 4.612865098936239150e+01 3.306998588477798506e+01 2.341733382790981466e+01 1.534381543497432077e+01 1.176249659278580673e+01 1.176249659278580673e+01 1.176249659278580673e+01 1.176249659278580673e+01
1.176249659278580673e+01 2.129092588674000552e+01 3.190250740667055851e+01 5.442244546698894681e+01 7.317077553104860499e+01 9.688539918391214201e+01 9.554373734098685134e+01 9.249532047001156343e+01 7.408017387029315159e+01 5.576900823263593310e+01 3.306998588477798506e+01 2.183859464735964906e+01 1.534381543497432077e+01 1.176249659278580673e+01 1.176249659278580673e+01 1.176249659278580673e+01 1.176249659278580673e+01 1.176249659278580673e+01
1.534381543497432077e+01 2.717345892087801928e+01 4.416357990029151637e+01 6.141883066926051526e+01 8.597904850225596363e+01 1.015119742163355454e+02 9.951950200030695726e+01 8.156745316283544867e+01 6.058803042206463374e+01 4.208375384679983711e+01 2.487691152704103104e+01 1.534381543497432077e+01 1.176249659278580673e+01 1.176249659278580673e+01 1.176249659278580673e+01 1.176249659278580673e+01 1.176249659278580673e+01 1.176249659278580673e+01
1.534381543497432077e+01 3.463133020917934601e+01 5.597599004584614590e+01 7.735689146036698105e+01 9.589761654834191518e+01 9.796739018799348742e+01 8.769720189766769636e+01 6.710196127848456626e+01 4.612865098936239150e+01 3.041700882236912307e+01 1.534381543497432077e+01 1.176249659278580673e+01 1.176249659278580673e+01 1.176249659278580673e+01 1.176249659278580673e+01 1.176249659278580673e+01 1.176249659278580673e+01 1.176249659278580673e+01
2.129092588674000552e+01 4.155093035681088054e+01 6.141883066926051526e+01 8.597904850225596363e+01 9.554373734098685134e+01 9.249532047001156343e+01 7.373540904332607226e+01 5.248238136208966154e+01 3.306998588477798506e+01 2.183859464735964906e+01 1.176249659278580673e+01 1.176249659278580673e+01 1.176249659278580673e+01 1.176249659278580673e+01 1.176249659278580673e+01 1.176249659278580673e+01 1.176249659278580673e+01 1.176249659278580673e+01
2.543273074510527820e+01 4.155093035681088054e+01 6.141883066926051526e+01 8.597904850225596363e+01 9.056891064312179651e+01 7.833576358266691386e+01 6.058803042206463374e+01 4.208375384679983711e+01 2.487691152704103104e+01 1.534381543497432077e+01 1.176249659278580673e+01 1.176249659278580673e+01 1.176249659278580673e+01 1.176249659278580673e+01 1.176249659278580673e+01 1.176249659278580673e+01 1.176249659278580673e+01 1.176249659278580673e+01
