1.157920322960940940e+00 1.157920322960940940e+00 1.513175972072411613e+00 1.513175972072411613e+00 1.581094077116241170e+00 1.513175972072411613e+00 1.529959756879622823e+00 1.562328410554923552e+00 1.497509996224805073e+00 1.497509996224805073e+00 1.497509996224805073e+00 1.448444016827660663e+00 1.353464681780746304e+00 1.261858756908649015e+00 1.324014831503530942e+00 1.353464681780746304e+00 1.572121432812598973e+00 1.563709789672182104e+00
1.157920322960940940e+00 1.157920322960940940e+00 1.227532849370740919e+00 1.513175972072411613e+00 1.581094077116241170e+00 1.515980476697848189e+00 1.513175972072411613e+00 1.513175972072411613e+00 1.513175972072411613e+00 1.497509996224805073e+00 1.448444016827660663e+00 1.353464681780746304e+00 1.425959058705807969e+00 1.448444016827660663e+00 1.324014831503530942e+00 1.425959058705807969e+00 1.504415272839502604e+00 1.563709789672182104e+00
1.157920322960940940e+00 1.157920322960940940e+00 1.157920322960940940e+00 1.581094077116241170e+00 1.581094077116241170e+00 1.515980476697848189e+00 1.510622354878528917e+00 1.515980476697848189e+00 1.448444016827660663e+00 1.448444016827660663e+00 1.425959058705807969e+00 1.581094077116241170e+00 1.434833712701845787e+00 1.510622354878528917e+00 1.510622354878528917e+00 1.448444016827660663e+00 1.504415272839502604e+00 1.563709789672182104e+00
1.227532849370740919e+00 1.157920322960940940e+00 1.227532849370740919e+00 1.581094077116241170e+00 1.581094077116241170e+00 1.515980476697848189e+00 1.562960426698323246e+00 1.529959756879622823e+00 1.425959058705807969e+00 1.513175972072411613e+00 1.425959058705807969e+00 1.497509996224805073e+00 1.515980476697848189e+00 1.529959756879622823e+00 1.529959756879622823e+00 1.664179253167217043e+00 1.513175972072411613e+00 1.572121432812598973e+00
1.497509996224805073e+00 1.227532849370740919e+00 1.581094077116241170e+00 1.609340033680484838e+00 1.581094077116241170e+00 1.515980476697848189e+00 1.563709789672182104e+00 1.529959756879622823e+00 1.425959058705807969e+00 1.581094077116241170e+00 1.517254761250206752e+00 1.510622354878528917e+00 1.425959058705807969e+00 1.529959756879622823e+00 1.870310392670663235e+00 2.500003542936422907e+00 1.513175972072411613e+00 1.517254761250206752e+00
1.497509996224805073e+00 1.497509996224805073e+00 1.581094077116241170e+00 1.562960426698323246e+00 1.581094077116241170e+00 1.581094077116241170e+00 1.504415272839502604e+00 1.510622354878528917e+00 1.448444016827660663e+00 1.572121432812598973e+00 1.517254761250206752e+00 1.448444016827660663e+00 1.476934830297549350e+00 9.978252235244748647e+01 1.628592651430035687e+02 1.513175972072411613e+00 1.572121432812598973e+00 1.497509996224805073e+00
1.448444016827660663e+00 1.529959756879622823e+00 1.581094077116241170e+00 1.529959756879622823e+00 1.581094077116241170e+00 1.515980476697848189e+00 1.515980476697848189e+00 1.510622354878528917e+00 1.529959756879622823e+00 1.581094077116241170e+00 1.703677759718232654e+00 1.563709789672182104e+00 9.978252235244748647e+01 1.600339772696266891e+02 1.310196388242274566e+02 1.513175972072411613e+00 1.517254761250206752e+00 1.425959058705807969e+00
1.529959756879622823e+00 1.513175972072411613e+00 1.581094077116241170e+00 1.597695876637137635e+00 1.581094077116241170e+00 1.597695876637137635e+00 1.529959756879622823e+00 1.497509996224805073e+00 1.497509996224805073e+00 1.529959756879622823e+00 1.529959756879622823e+00 1.647599858749409618e+00 1.600339772696266891e+02 1.310196388242274566e+02 5.382407430886640753e+01 1.510622354878528917e+00 1.513175972072411613e+00 1.448444016827660663e+00
9.085228850903257936e+00 2.500003542936422907e+00 1.513175972072411613e+00 1.821244447622128781e+00 1.737348508648268508e+00 1.581094077116241170e+00 1.563709789672182104e+00 1.513175972072411613e+00 1.476934830297549350e+00 1.476934830297549350e+00 2.360272235737979063e+00 2.480025742523222476e+01 8.628983522467025580e+01 6.461669006470881982e+01 1.513175972072411613e+00 1.497509996224805073e+00 1.510622354878528917e+00 1.353464681780746304e+00
3.148778777665200934e+01 4.063073832625090631e+01 2.818256858508737395e+01 1.821244447622128781e+00 1.513175972072411613e+00 1.792734610040154664e+00 1.476934830297549350e+00 1.515980476697848189e+00 1.425959058705807969e+00 1.853728053923545449e+00 7.740689667640246796e+00 1.998009402684293434e+01 3.787985775501190311e+00 1.513175972072411613e+00 1.513175972072411613e+00 1.563709789672182104e+00 1.476934830297549350e+00 1.425959058705807969e+00
1.703677759718232654e+00 3.787985775501190311e+00 4.566274454807376770e+01 2.005058375337253729e+00 2.500003542936422907e+00 1.821244447622128781e+00 1.581094077116241170e+00 1.513175972072411613e+00 1.529959756879622823e+00 2.012789811607463619e+00 1.772355351130541212e+00 1.844988318219330292e+00 6.432969746665831323e+00 1.513175972072411613e+00 1.504415272839502604e+00 1.563709789672182104e+00 1.425959058705807969e+00 1.448444016827660663e+00
1.703677759718232654e+00 1.853728053923545449e+00 1.478556766730816818e+01 4.756544039716219530e+00 4.756544039716219530e+00 2.869050852982331534e+00 1.513175972072411613e+00 1.581094077116241170e+00 1.562960426698323246e+00 1.609340033680484838e+00 1.744696322861747362e+00 1.529959756879622823e+00 1.572121432812598973e+00 1.581094077116241170e+00 1.517254761250206752e+00 1.510622354878528917e+00 1.425959058705807969e+00 1.448444016827660663e+00
1.529959756879622823e+00 1.572121432812598973e+00 1.562960426698323246e+00 1.497509996224805073e+00 1.497509996224805073e+00 1.513175972072411613e+00 1.513175972072411613e+00 1.374074526253766582e+00 1.497509996224805073e+00 1.497509996224805073e+00 1.541817720668243297e+00 1.769981545660051392e+00 1.572121432812598973e+00 1.742629551079593719e+00 1.504415272839502604e+00 1.504415272839502604e+00 1.528311094372099888e+00 1.448444016827660663e+00
1.425959058705807969e+00 1.497509996224805073e+00 1.510622354878528917e+00 1.529959756879622823e+00 1.448444016827660663e+00 1.324014831503530942e+00 1.261858756908649015e+00 1.513175972072411613e+00 1.504415272839502604e+00 1.581094077116241170e+00 1.529959756879622823e+00 1.742629551079593719e+00 2.005058375337253729e+00 1.661112504986534288e+00 1.772355351130541212e+00 1.564815586214549858e+00 1.504415272839502604e+00 1.563709789672182104e+00
1.425959058705807969e+00 1.476934830297549350e+00 1.497509996224805073e+00 1.497509996224805073e+00 1.497509996224805073e+00 1.324014831503530942e+00 1.261858756908649015e+00 1.227532849370740919e+00 1.515980476697848189e+00 1.510622354878528917e+00 1.664179253167217043e+00 1.564815586214549858e+00 1.991089226904888543e+00 1.767102757732740059e+00 1.742629551079593719e+00 1.597695876637137635e+00 1.581094077116241170e+00 1.563709789672182104e+00
1.425959058705807969e+00 1.476934830297549350e+00 1.513175972072411613e+00 1.476934830297549350e+00 1.497509996224805073e+00 1.425959058705807969e+00 1.510622354878528917e+00 1.513175972072411613e+00 1.497509996224805073e+00 1.497509996224805073e+00 1.529959756879622823e+00 2.005058375337253729e+00 1.991089226904888543e+00 1.748331951753421043e+00 1.727785742404430280e+00 1.668871373244485534e+00 1.597695876637137635e+00 1.529959756879622823e+00
1.513175972072411613e+00 1.517254761250206752e+00 1.448444016827660663e+00 1.425959058705807969e+00 1.513175972072411613e+00 1.497509996224805073e+00 1.497509996224805073e+00 1.497509996224805073e+00 1.510622354878528917e+00 1.425959058705807969e+00 1.529959756879622823e+00 1.581094077116241170e+00 1.752527354582857910e+00 1.581094077116241170e+00 1.668871373244485534e+00 1.562328410554923552e+00 1.517254761250206752e+00 1.448444016827660663e+00
1.513175972072411613e+00 1.504415272839502604e+00 1.504415272839502604e+00 1.448444016827660663e+00 1.448444016827660663e+00 1.425959058705807969e+00 1.515980476697848189e+00 1.448444016827660663e+00 1.497509996224805073e+00 1.425959058705807969e+00 1.476934830297549350e+00 1.513175972072411613e+00 1.668871373244485534e+00 1.581094077116241170e+00 1.562328410554923552e+00 1.510622354878528917e+00 1.529959756879622823e+00 1.448444016827660663e+00
