6.844960454026552732e+00 6.844960454026552732e+00 1.127013257433569571e+01 1.979007308638630391e+01 2.353383006540065736e+01 3.193933148802342714e+01 4.427445684741407916e+01 4.833661797060609189e+01 5.233794079898481044e+01 5.413974619267198563e+01 5.173102175008853010e+01 4.243805369543026984e+01 3.284133949145255826e+01 2.450625027767076602e+01 2.049002952487080975e+01 6.844960454026552732e+00 6.844960454026552732e+00 6.844960454026552732e+00
6.844960454026552732e+00 1.127013257433569571e+01 1.979007308638630391e+01 2.617178758662066684e+01 3.579347962039436482e+01 5.020566717596896211e+01 6.192879636443723967e+01 7.510842589673862335e+01 8.385435024096176448e+01 8.342696958088743031e+01 7.428345845030023042e+01 7.428345845030023042e+01 5.425172826657857428e+01 4.270464569488185447e+01 3.080237484539033588e+01 2.089137780520719190e+01 6.844960454026552732e+00 6.844960454026552732e+00
1.127013257433569571e+01 1.979007308638630391e+01 2.617178758662066684e+01 4.096233035146372004e+01 5.687893694518681542e+01 7.213594801223287334e+01 8.988541131391762917e+01 9.748686075775771087e+01 9.748686075775771087e+01 1.087022136314464689e+02 9.748686075775771087e+01 9.748686075775771087e+01 7.717493855227309041e+01 5.857327672064656809e+01 4.107898700479087495e+01 2.450625027767076602e+01 1.127013257433569571e+01 6.844960454026552732e+00
1.979007308638630391e+01 2.415041592334548781e+01 4.113308136348820909e+01 5.575262291953531957e+01 7.737381921173944477e+01 8.988541131391762917e+01 1.035847438538153824e+02 1.094886966452355068e+02 1.104912575185337147e+02 1.191167674067223459e+02 1.172215719891320447e+02 1.087022136314464689e+02 9.091765863799099634e+01 6.507556119338603651e+01 4.352018790524184055e+01 2.621267856141273356e+01 1.824250036165754807e+01 6.844960454026552732e+00
2.151386885691637474e+01 3.530402591992596228e+01 5.291593714533814818e+01 7.737381921173944477e+01 9.396097580282227568e+01 1.078543820274822735e+02 1.094886966452355068e+02 1.101339404587277926e+02 1.164369983050699204e+02 1.191167674067223459e+02 1.227804534310154310e+02 1.172215719891320447e+02 9.872353772772433445e+01 7.597237089154936029e+01 4.866925048041829172e+01 2.766131569558958958e+01 1.824250036165754807e+01 6.844960454026552732e+00
2.505772980185467347e+01 4.157703218815235857e+01 6.531351328065314021e+01 9.003639706058392278e+01 1.078543820274822735e+02 1.101339404587277926e+02 1.101339404587277926e+02 1.050952327674698381e+02 1.164369983050699204e+02 1.191167674067223459e+02 1.210655619171990480e+02 1.210655619171990480e+02 1.009563967855683302e+02 7.597237089154936029e+01 4.919125963631508114e+01 2.542811314857901550e+01 1.824250036165754807e+01 6.844960454026552732e+00
2.641247969345369029e+01 4.442322010824742051e+01 7.411253828498288954e+01 1.003847213243965228e+02 1.084778658643535323e+02 1.172215719891320447e+02 1.133905431258727674e+02 1.108886095147667561e+02 1.153606817208421234e+02 1.153606817208421234e+02 1.210655619171990480e+02 1.124083948009218261e+02 9.742566238556361213e+01 6.988333452149912262e+01 4.919125963631508114e+01 2.542811314857901550e+01 1.824250036165754807e+01 6.844960454026552732e+00
2.641247969345369029e+01 4.380016816449965944e+01 7.411253828498288954e+01 9.533530889434676681e+01 1.164369983050699204e+02 1.180190029179282192e+02 1.172215719891320447e+02 1.118246327909059517e+02 1.153606817208421234e+02 1.244797623735268530e+02 1.244797623735268530e+02 1.124083948009218261e+02 9.742566238556361213e+01 6.988333452149912262e+01 4.333262146810553617e+01 2.542811314857901550e+01 1.824250036165754807e+01 6.844960454026552732e+00
2.524352197177416812e+01 4.089268980347095805e+01 6.600464494719579989e+01 8.254014277882636463e+01 1.053933897877427199e+02 1.127661739001323724e+02 1.201384966136591430e+02 1.180190029179282192e+02 1.227804534310154310e+02 1.270636638468346149e+02 1.306248293374553668e+02 1.124083948009218261e+02 9.234868348471690069e+01 6.537775435073022834e+01 3.847100120090766495e+01 2.300461492596647517e+01 6.844960454026552732e+00 6.844960454026552732e+00
2.228350278240664650e+01 3.418635225214316620e+01 4.586889547424024727e+01 7.082609168826184032e+01 9.185250334424199536e+01 1.009868728104000013e+02 1.053933897877427199e+02 1.127661739001323724e+02 1.201384966136591430e+02 1.227804534310154310e+02 1.210655619171990480e+02 1.124083948009218261e+02 8.684562927724290660e+01 6.086177493621609358e+01 3.470561377560085248e+01 2.066068914978005822e+01 6.844960454026552732e+00 6.844960454026552732e+00
1.127013257433569571e+01 2.524352197177416812e+01 3.855159432389605456e+01 5.525323961804568285e+01 7.174678228519177026e+01 7.912395449714490780e+01 9.185250334424199536e+01 9.881401672593432295e+01 1.127661739001323724e+02 1.164369983050699204e+02 1.210655619171990480e+02 1.103210792784879573e+02 8.738857612608653369e+01 6.086177493621609358e+01 3.320909887045790043e+01 2.038599764572196094e+01 6.844960454026552732e+00 6.844960454026552732e+00
6.844960454026552732e+00 1.237609119223822063e+01 2.451518835279827968e+01 3.275266647993864666e+01 4.223402491056626928e+01 4.989994982016910541e+01 6.546903495971439213e+01 7.819836727739084381e+01 9.185250334424199536e+01 1.053933897877427199e+02 1.127661739001323724e+02 1.085289498046353742e+02 8.738857612608653369e+01 6.040367577066155746e+01 3.320909887045790043e+01 1.989637997431533023e+01 6.844960454026552732e+00 6.844960454026552732e+00
6.844960454026552732e+00 6.844960454026552732e+00 1.127013257433569571e+01 2.451518835279827968e+01 2.451518835279827968e+01 3.360954846030377041e+01 4.223402491056626928e+01 5.834357890457776108e+01 7.082609168826184032e+01 9.533530889434676681e+01 1.127661739001323724e+02 1.085289498046353742e+02 8.738857612608653369e+01 6.040367577066155746e+01 3.320909887045790043e+01 1.989637997431533023e+01 6.844960454026552732e+00 6.844960454026552732e+00
6.844960454026552732e+00 6.844960454026552732e+00 6.844960454026552732e+00 1.127013257433569571e+01 2.085986760283035224e+01 2.228350278240664650e+01 2.451518835279827968e+01 3.855159432389605456e+01 6.600464494719579989e+01 8.330559401264224562e+01 1.073551678350659557e+02 1.057238720020236684e+02 8.738857612608653369e+01 6.040367577066155746e+01 3.320909887045790043e+01 2.049002952487080975e+01 6.844960454026552732e+00 6.844960454026552732e+00
6.844960454026552732e+00 6.844960454026552732e+00 6.844960454026552732e+00 6.844960454026552732e+00 6.844960454026552732e+00 1.127013257433569571e+01 2.361716332377135075e+01 3.559991056138967025e+01 5.538858472228899643e+01 7.967704437978410681e+01 1.030254623340791653e+02 1.057238720020236684e+02 8.973240529928985154e+01 5.857327672064656809e+01 3.320909887045790043e+01 2.094454884480124335e+01 6.844960454026552732e+00 6.844960454026552732e+00
6.844960454026552732e+00 6.844960454026552732e+00 6.844960454026552732e+00 6.844960454026552732e+00 6.844960454026552732e+00 1.127013257433569571e+01 1.937888544796719970e+01 2.937689947891442444e+01 5.487514391407777481e+01 7.967704437978410681e+01 9.533530889434676681e+01 1.089043265446129709e+02 8.738857612608653369e+01 6.537775435073022834e+01 4.107898700479087495e+01 2.287641903841117141e+01 6.844960454026552732e+00 6.844960454026552732e+00
6.844960454026552732e+00 6.844960454026552732e+00 6.844960454026552732e+00 6.844960454026552732e+00 6.844960454026552732e+00 6.844960454026552732e+00 1.127013257433569571e+01 2.641247969345369029e+01 4.987049835755825455e+01 7.411253828498288954e+01 9.533530889434676681e+01 1.032139018886033739e+02 8.738857612608653369e+01 6.988333452149912262e+01 4.150612086505057619e+01 2.364147925469059786e+01 1.824250036165754807e+01 6.844960454026552732e+00
6.844960454026552732e+00 6.844960454026552732e+00 6.844960454026552732e+00 6.844960454026552732e+00 6.844960454026552732e+00 6.844960454026552732e+00 1.127013257433569571e+01 2.505772980185467347e+01 4.380016816449965944e+01 7.016220084064542561e+01 9.533530889434676681e+01 9.680484640434687549e+01 8.738857612608653369e+01 6.988333452149912262e+01 4.336408097459612776e+01 2.542811314857901550e+01 1.824250036165754807e+01 6.844960454026552732e+00
