1.157920322960940940e+00 1.157920322960940940e+00 1.157920322960940940e+00 1.157920322960940940e+00 1.157920322960940940e+00 2.181496190149480707e+00 1.650157864708618547e+02 1.550134275618682125e+02 2.862126722538157608e+01 1.524039167710919296e+00 1.414238054815444512e+00 1.448444016827660663e+00 1.157920322960940940e+00 1.157920322960940940e+00 1.157920322960940940e+00 1.157920322960940940e+00 1.157920322960940940e+00 1.157920322960940940e+00
1.157920322960940940e+00 1.157920322960940940e+00 1.157920322960940940e+00 1.157920322960940940e+00 1.157920322960940940e+00 4.063073832625090631e+01 1.617434149434990616e+02 1.651565779067272501e+02 8.460083059160201913e+01 1.513175972072411613e+00 1.419228641103437605e+00 1.286531874950107790e+00 1.286531874950107790e+00 1.227532849370740919e+00 1.157920322960940940e+00 1.157920322960940940e+00 1.157920322960940940e+00 1.157920322960940940e+00
1.157920322960940940e+00 1.157920322960940940e+00 1.157920322960940940e+00 1.157920322960940940e+00 1.157920322960940940e+00 4.188628398430251565e+01 1.650157864708618547e+02 1.656516582551624595e+02 8.460083059160201913e+01 1.478342207360586524e+00 1.510622354878528917e+00 1.425959058705807969e+00 1.528311094372099888e+00 1.497509996224805073e+00 1.157920322960940940e+00 1.157920322960940940e+00 1.157920322960940940e+00 1.157920322960940940e+00
1.157920322960940940e+00 1.157920322960940940e+00 1.157920322960940940e+00 1.157920322960940940e+00 1.157920322960940940e+00 4.515427280227818585e+01 1.650157864708618547e+02 1.661266221429889640e+02 1.257310562152241289e+02 1.513175972072411613e+00 1.524039167710919296e+00 1.510622354878528917e+00 1.529959756879622823e+00 1.497509996224805073e+00 1.227532849370740919e+00 1.286531874950107790e+00 1.157920322960940940e+00 1.157920322960940940e+00
1.157920322960940940e+00 1.157920322960940940e+00 1.157920322960940940e+00 1.157920322960940940e+00 1.157920322960940940e+00 2.158414539429307499e+00 9.880034009883711121e+01 1.650157864708618547e+02 1.651565779067272501e+02 1.513175972072411613e+00 1.581094077116241170e+00 1.515980476697848189e+00 1.529959756879622823e+00 1.414238054815444512e+00 1.414238054815444512e+00 1.353464681780746304e+00 1.157920322960940940e+00 1.157920322960940940e+00
1.157920322960940940e+00 1.157920322960940940e+00 1.157920322960940940e+00 1.513175972072411613e+00 1.513175972072411613e+00 1.353464681780746304e+00 4.188628398430251565e+01 1.650157864708618547e+02 1.656516582551624595e+02 1.513175972072411613e+00 1.513175972072411613e+00 1.529959756879622823e+00 1.507898862905742154e+00 1.419228641103437605e+00 1.353464681780746304e+00 1.261858756908649015e+00 1.157920322960940940e+00 1.157920322960940940e+00
1.157920322960940940e+00 1.157920322960940940e+00 1.157920322960940940e+00 1.513175972072411613e+00 1.581094077116241170e+00 1.434833712701845787e+00 2.158414539429307499e+00 1.650157864708618547e+02 1.661266221429889640e+02 1.257310562152241289e+02 1.513175972072411613e+00 1.524039167710919296e+00 1.448444016827660663e+00 1.448444016827660663e+00 1.448444016827660663e+00 1.261858756908649015e+00 1.157920322960940940e+00 1.157920322960940940e+00
1.157920322960940940e+00 1.157920322960940940e+00 1.157920322960940940e+00 1.513175972072411613e+00 1.513175972072411613e+00 1.614566915513834466e+00 1.529959756879622823e+00 4.188628398430251565e+01 1.661266221429889640e+02 1.656516582551624595e+02 1.314877972659985232e+02 1.513175972072411613e+00 1.515980476697848189e+00 1.442726199524684061e+00 1.529959756879622823e+00 1.261858756908649015e+00 1.157920322960940940e+00 1.227532849370740919e+00
1.157920322960940940e+00 1.157920322960940940e+00 1.157920322960940940e+00 1.157920322960940940e+00 1.513175972072411613e+00 1.515980476697848189e+00 1.529959756879622823e+00 4.188628398430251565e+01 1.650157864708618547e+02 1.661266221429889640e+02 1.257310562152241289e+02 1.513175972072411613e+00 1.515980476697848189e+00 1.524039167710919296e+00 1.476934830297549350e+00 1.261858756908649015e+00 1.157920322960940940e+00 1.157920322960940940e+00
1.157920322960940940e+00 1.157920322960940940e+00 1.157920322960940940e+00 1.157920322960940940e+00 1.513175972072411613e+00 1.513175972072411613e+00 1.461943102376729753e+00 2.158414539429307499e+00 9.880034009883711121e+01 1.661266221429889640e+02 1.656516582551624595e+02 1.513175972072411613e+00 1.478342207360586524e+00 1.448444016827660663e+00 1.425959058705807969e+00 1.261858756908649015e+00 1.157920322960940940e+00 1.286531874950107790e+00
1.157920322960940940e+00 1.157920322960940940e+00 1.157920322960940940e+00 1.157920322960940940e+00 1.157920322960940940e+00 1.513175972072411613e+00 1.414238054815444512e+00 1.476934830297549350e+00 4.188628398430251565e+01 1.650157864708618547e+02 1.661266221429889640e+02 1.513175972072411613e+00 1.478342207360586524e+00 1.414238054815444512e+00 1.353464681780746304e+00 1.286531874950107790e+00 1.286531874950107790e+00 1.353464681780746304e+00
1.157920322960940940e+00 1.157920322960940940e+00 1.157920322960940940e+00 1.157920322960940940e+00 1.157920322960940940e+00 1.157920322960940940e+00 1.513175972072411613e+00 1.058135852479051309e+01 4.188628398430251565e+01 1.650157864708618547e+02 1.651565779067272501e+02 1.513175972072411613e+00 1.520269210812296157e+00 1.448444016827660663e+00 1.324014831503530942e+00 1.442726199524684061e+00 1.286531874950107790e+00 1.476934830297549350e+00
1.157920322960940940e+00 1.157920322960940940e+00 1.157920322960940940e+00 1.157920322960940940e+00 1.157920322960940940e+00 1.157920322960940940e+00 1.419228641103437605e+00 1.286531874950107790e+00 4.188628398430251565e+01 1.650157864708618547e+02 1.651565779067272501e+02 1.513175972072411613e+00 2.665451525440396097e+00 1.529959756879622823e+00 1.414238054815444512e+00 1.414238054815444512e+00 1.425959058705807969e+00 1.476934830297549350e+00
1.157920322960940940e+00 1.157920322960940940e+00 1.157920322960940940e+00 1.157920322960940940e+00 1.157920322960940940e+00 1.157920322960940940e+00 1.227532849370740919e+00 1.419228641103437605e+00 2.158414539429307499e+00 9.880034009883711121e+01 1.561284540899454782e+02 1.513175972072411613e+00 1.520269210812296157e+00 1.513175972072411613e+00 1.419228641103437605e+00 1.261858756908649015e+00 1.157920322960940940e+00 1.157920322960940940e+00
1.157920322960940940e+00 1.157920322960940940e+00 1.157920322960940940e+00 1.157920322960940940e+00 1.227532849370740919e+00 1.157920322960940940e+00 1.414238054815444512e+00 1.157920322960940940e+00 1.058135852479051309e+01 4.188628398430251565e+01 1.614419249736947108e+02 1.513175972072411613e+00 1.572121432812598973e+00 1.497509996224805073e+00 1.419228641103437605e+00 1.157920322960940940e+00 1.157920322960940940e+00 1.157920322960940940e+00
1.157920322960940940e+00 1.157920322960940940e+00 1.157920322960940940e+00 1.157920322960940940e+00 1.157920322960940940e+00 1.157920322960940940e+00 1.157920322960940940e+00 1.157920322960940940e+00 1.157920322960940940e+00 4.188628398430251565e+01 1.599686756010339082e+02 1.513175972072411613e+00 1.478342207360586524e+00 1.448444016827660663e+00 1.261858756908649015e+00 1.157920322960940940e+00 1.157920322960940940e+00 1.157920322960940940e+00
1.157920322960940940e+00 1.157920322960940940e+00 1.157920322960940940e+00 1.157920322960940940e+00 1.157920322960940940e+00 1.157920322960940940e+00 1.157920322960940940e+00 1.157920322960940940e+00 1.157920322960940940e+00 1.528311094372099888e+00 7.111423789765368042e+01 1.513175972072411613e+00 1.478342207360586524e+00 1.529959756879622823e+00 1.157920322960940940e+00 1.157920322960940940e+00 1.157920322960940940e+00 1.157920322960940940e+00
1.157920322960940940e+00 1.157920322960940940e+00 1.157920322960940940e+00 1.157920322960940940e+00 1.157920322960940940e+00 1.157920322960940940e+00 1.157920322960940940e+00 1.157920322960940940e+00 1.157920322960940940e+00 1.374074526253766582e+00 1.528311094372099888e+00 1.513175972072411613e+00 1.515980476697848189e+00 1.414238054815444512e+00 1.157920322960940940e+00 1.157920322960940940e+00 1.157920322960940940e+00 1.157920322960940940e+00
