1.477325405765226485e+01 1.477325405765226485e+01 1.477325405765226485e+01 1.477325405765226485e+01 1.477325405765226485e+01 1.477325405765226485e+01 1.477325405765226485e+01 2.204202696453821986e+01 2.204202696453821986e+01 2.370619310017416126e+01 3.271251543509730197e+01 3.300643500827054311e+01 3.271251543509730197e+01 3.300643500827054311e+01 3.933002267798903517e+01 3.933002267798903517e+01 4.909337443160044501e+01 5.189214141157395943e+01
1.477325405765226485e+01 1.477325405765226485e+01 1.477325405765226485e+01 1.477325405765226485e+01 1.477325405765226485e+01 1.477325405765226485e+01 2.204202696453821986e+01 2.204202696453821986e+01 3.271251543509730197e+01 3.933002267798903517e+01 4.909337443160044501e+01 5.234359816748143146e+01 5.370017567603305508e+01 5.370017567603305508e+01 5.370017567603305508e+01 5.549412335268540630e+01 6.805641738303508248e+01 6.805641738303508248e+01
1.477325405765226485e+01 1.477325405765226485e+01 1.477325405765226485e+01 1.477325405765226485e+01 1.477325405765226485e+01 1.477325405765226485e+01 2.406395276121073223e+01 3.530402591992596228e+01 4.416357990029151637e+01 5.549412335268540630e+01 6.805641738303508248e+01 6.805641738303508248e+01 6.805641738303508248e+01 6.805641738303508248e+01 6.805641738303508248e+01 7.270160134731605694e+01 7.270160134731605694e+01 6.927951411970005324e+01
1.477325405765226485e+01 1.477325405765226485e+01 1.477325405765226485e+01 1.477325405765226485e+01 1.477325405765226485e+01 2.130641507240085986e+01 2.877561657570656095e+01 4.125768592869582818e+01 5.394296499898934627e+01 7.147802841310438282e+01 7.878212530327233765e+01 7.270160134731605694e+01 7.270160134731605694e+01 6.927951411970005324e+01 6.855863802502616977e+01 6.855863802502616977e+01 6.855863802502616977e+01 5.580835803353405566e+01
1.477325405765226485e+01 1.477325405765226485e+01 1.477325405765226485e+01 1.477325405765226485e+01 1.477325405765226485e+01 2.541993632808302550e+01 3.467061239629325087e+01 4.763381496182672237e+01 5.521549014365273678e+01 6.855863802502616977e+01 6.855863802502616977e+01 6.855863802502616977e+01 6.927951411970005324e+01 5.521549014365273678e+01 4.989994982016910541e+01 5.221182102307723483e+01 4.989994982016910541e+01 4.591423803539062476e+01
1.477325405765226485e+01 1.477325405765226485e+01 1.477325405765226485e+01 1.477325405765226485e+01 2.174448655164527011e+01 3.530402591992596228e+01 4.763381496182672237e+01 5.934620356546069075e+01 5.521549014365273678e+01 5.521549014365273678e+01 4.989994982016910541e+01 4.989994982016910541e+01 4.989994982016910541e+01 4.097360493599317977e+01 3.620072970693715320e+01 3.063614818002751505e+01 3.126401181794379625e+01 2.497317611972668061e+01
1.477325405765226485e+01 1.477325405765226485e+01 1.477325405765226485e+01 2.130641507240085986e+01 3.188559808859824685e+01 4.416357990029151637e+01 5.934620356546069075e+01 6.805641738303508248e+01 5.555291646749467560e+01 4.591423803539062476e+01 3.063614818002751505e+01 2.830722360759009959e+01 3.126401181794379625e+01 2.497317611972668061e+01 2.342020461152020516e+01 2.342020461152020516e+01 2.342020461152020516e+01 1.477325405765226485e+01
1.477325405765226485e+01 1.477325405765226485e+01 1.477325405765226485e+01 2.541993632808302550e+01 3.707397644563765482e+01 5.394296499898934627e+01 7.147802841310438282e+01 6.927951411970005324e+01 5.555291646749467560e+01 3.680314731959136054e+01 2.374732799718528042e+01 2.026593351511048979e+01 1.477325405765226485e+01 1.477325405765226485e+01 1.477325405765226485e+01 1.477325405765226485e+01 1.477325405765226485e+01 1.477325405765226485e+01
1.477325405765226485e+01 1.477325405765226485e+01 1.477325405765226485e+01 2.877561657570656095e+01 4.701166053778634790e+01 5.394296499898934627e+01 6.927951411970005324e+01 6.954499028536085348e+01 4.940144589467109171e+01 3.680314731959136054e+01 2.080140251555028996e+01 1.477325405765226485e+01 1.477325405765226485e+01 1.477325405765226485e+01 1.477325405765226485e+01 1.477325405765226485e+01 1.477325405765226485e+01 1.477325405765226485e+01
1.477325405765226485e+01 1.477325405765226485e+01 1.477325405765226485e+01 2.897876539452088096e+01 4.997345519399475933e+01 6.121963238948699626e+01 6.927951411970005324e+01 6.507944489252369635e+01 4.940144589467109171e+01 3.164781634162984858e+01 2.080140251555028996e+01 1.477325405765226485e+01 1.477325405765226485e+01 1.477325405765226485e+01 1.477325405765226485e+01 1.477325405765226485e+01 1.477325405765226485e+01 1.477325405765226485e+01
1.477325405765226485e+01 1.477325405765226485e+01 1.477325405765226485e+01 2.422007611428130502e+01 4.185994508601287123e+01 5.521549014365273678e+01 6.927951411970005324e+01 6.405687538026153049e+01 4.940144589467109171e+01 3.164781634162984858e+01 2.080140251555028996e+01 1.477325405765226485e+01 1.477325405765226485e+01 1.477325405765226485e+01 1.477325405765226485e+01 1.477325405765226485e+01 1.477325405765226485e+01 1.477325405765226485e+01
1.477325405765226485e+01 1.477325405765226485e+01 1.477325405765226485e+01 2.422007611428130502e+01 3.914053435535379322e+01 4.726443183693584871e+01 5.521549014365273678e+01 5.221182102307723483e+01 3.830927347000145744e+01 3.164781634162984858e+01 2.080140251555028996e+01 1.477325405765226485e+01 1.477325405765226485e+01 1.477325405765226485e+01 1.477325405765226485e+01 1.477325405765226485e+01 1.477325405765226485e+01 1.477325405765226485e+01
1.477325405765226485e+01 1.477325405765226485e+01 1.477325405765226485e+01 2.226813301389828936e+01 2.938947691027247444e+01 3.914053435535379322e+01 3.620072970693715320e+01 3.620072970693715320e+01 3.830927347000145744e+01 2.973011925241824471e+01 2.389238641081189485e+01 2.026593351511048979e+01 1.477325405765226485e+01 1.477325405765226485e+01 1.477325405765226485e+01 1.477325405765226485e+01 1.477325405765226485e+01 1.477325405765226485e+01
1.477325405765226485e+01 2.161788819459172828e+01 2.161788819459172828e+01 2.219166374430887956e+01 2.226813301389828936e+01 2.938947691027247444e+01 3.545770739442033204e+01 3.620072970693715320e+01 3.620072970693715320e+01 2.973011925241824471e+01 2.389238641081189485e+01 2.026593351511048979e+01 1.477325405765226485e+01 1.477325405765226485e+01 1.477325405765226485e+01 1.477325405765226485e+01 1.477325405765226485e+01 1.477325405765226485e+01
2.204202696453821986e+01 2.309230668114208029e+01 2.263480614448074490e+01 2.263480614448074490e+01 2.309230668114208029e+01 3.366313818026114291e+01 4.125768592869582818e+01 3.933002267798903517e+01 4.223425421943991154e+01 2.973011925241824471e+01 2.389238641081189485e+01 2.026593351511048979e+01 1.477325405765226485e+01 1.477325405765226485e+01 1.477325405765226485e+01 1.477325405765226485e+01 1.477325405765226485e+01 1.477325405765226485e+01
2.406395276121073223e+01 3.271251543509730197e+01 3.654249912788267807e+01 3.300643500827054311e+01 3.933002267798903517e+01 4.416357990029151637e+01 5.273275876837401910e+01 5.171484729158867566e+01 4.901861816346923462e+01 2.973011925241824471e+01 2.569546630577656998e+01 2.026593351511048979e+01 1.477325405765226485e+01 1.477325405765226485e+01 1.477325405765226485e+01 1.477325405765226485e+01 1.477325405765226485e+01 1.477325405765226485e+01
3.366313818026114291e+01 4.125768592869582818e+01 5.273275876837401910e+01 5.370017567603305508e+01 5.370017567603305508e+01 6.609847687007209061e+01 6.805641738303508248e+01 6.172950676523787905e+01 4.901861816346923462e+01 3.680314731959136054e+01 2.374732799718528042e+01 2.026593351511048979e+01 1.477325405765226485e+01 1.477325405765226485e+01 1.477325405765226485e+01 1.477325405765226485e+01 1.477325405765226485e+01 1.477325405765226485e+01
3.366313818026114291e+01 4.763381496182672237e+01 5.394296499898934627e+01 6.805641738303508248e+01 6.805641738303508248e+01 7.290873955486563318e+01 6.927951411970005324e+01 6.405687538026153049e+01 4.940144589467109171e+01 3.569236911511011101e+01 2.080140251555028996e+01 1.477325405765226485e+01 1.477325405765226485e+01 1.477325405765226485e+01 1.477325405765226485e+01 1.477325405765226485e+01 1.477325405765226485e+01 1.477325405765226485e+01
