1.560451984427972327e+01 2.127884704757516587e+01 2.370619310017416126e+01 3.306641185943012573e+01 3.306641185943012573e+01 3.306641185943012573e+01 3.306641185943012573e+01 3.306641185943012573e+01 3.306641185943012573e+01 3.306641185943012573e+01 3.306641185943012573e+01 3.306641185943012573e+01 3.306641185943012573e+01 3.199465210067413423e+01 2.161788819459172828e+01 2.161788819459172828e+01 1.186752695442057615e+01 1.186752695442057615e+01
2.174448655164527011e+01 3.271251543509730197e+01 4.210855971309160850e+01 5.049158299064033173e+01 5.370017567603305508e+01 5.370017567603305508e+01 5.410382887109895478e+01 5.410382887109895478e+01 5.370017567603305508e+01 5.549412335268540630e+01 6.192313879383979014e+01 6.609847687007209061e+01 5.410382887109895478e+01 4.651383421598833223e+01 3.199465210067413423e+01 2.161788819459172828e+01 2.161788819459172828e+01 1.186752695442057615e+01
3.188559808859824685e+01 4.416357990029151637e+01 6.192313879383979014e+01 6.986219954509346053e+01 7.912959389087944828e+01 7.912959389087944828e+01 7.912959389087944828e+01 9.138908008807197803e+01 9.138908008807197803e+01 9.138908008807197803e+01 9.138908008807197803e+01 9.138908008807197803e+01 7.912959389087944828e+01 6.870542931350024674e+01 5.425057811504207450e+01 2.969809875822886625e+01 2.094274197063050735e+01 1.186752695442057615e+01
4.125768592869582818e+01 6.143084638427478694e+01 7.735689146036698105e+01 8.813816759860884531e+01 1.080696791698395884e+02 1.080696791698395884e+02 1.080696791698395884e+02 1.080696791698395884e+02 1.080696791698395884e+02 1.158470046946076053e+02 1.158470046946076053e+02 1.158470046946076053e+02 1.090649169212209983e+02 9.087136598914879926e+01 6.360696487135812305e+01 4.372310893160928202e+01 2.472583303272550381e+01 1.186752695442057615e+01
4.186670057789959287e+01 7.016220084064542561e+01 8.445534563598218369e+01 9.474037820897325446e+01 1.068979574361429314e+02 1.193263658571076746e+02 1.193263658571076746e+02 1.193263658571076746e+02 1.193263658571076746e+02 1.193263658571076746e+02 1.193263658571076746e+02 1.193263658571076746e+02 1.193263658571076746e+02 1.090649169212209983e+02 7.449488182055956997e+01 4.901861816346923462e+01 2.991344832762847261e+01 1.186752695442057615e+01
4.186670057789959287e+01 6.121963238948699626e+01 7.368796968560302219e+01 9.205774243828092551e+01 1.027548577747518266e+02 1.088221764876473827e+02 1.088221764876473827e+02 1.088221764876473827e+02 1.027548577747518266e+02 1.088221764876473827e+02 1.150719517535829510e+02 1.193263658571076746e+02 1.193263658571076746e+02 1.090649169212209983e+02 8.743681565593030314e+01 5.425057811504207450e+01 2.991344832762847261e+01 2.161788819459172828e+01
3.914053435535379322e+01 4.684394641779822166e+01 5.580835803353405566e+01 6.647277550577443606e+01 7.441931721345352457e+01 7.634542811928228900e+01 7.634542811928228900e+01 7.441931721345352457e+01 7.441931721345352457e+01 8.369533396333541475e+01 9.891448588449874535e+01 1.088221764876473827e+02 1.193263658571076746e+02 1.090649169212209983e+02 8.743681565593030314e+01 6.360696487135812305e+01 3.056153672925864129e+01 2.094274197063050735e+01
2.226813301389828936e+01 3.191365560631773235e+01 3.914053435535379322e+01 4.973155291142484913e+01 4.973155291142484913e+01 4.973155291142484913e+01 4.973155291142484913e+01 4.973155291142484913e+01 4.973155291142484913e+01 5.980161167541374567e+01 8.292622033631241152e+01 9.474037820897325446e+01 1.111283849107628896e+02 1.090649169212209983e+02 8.743681565593030314e+01 6.078733164196768968e+01 3.056153672925864129e+01 2.094274197063050735e+01
1.186752695442057615e+01 2.226813301389828936e+01 2.226813301389828936e+01 2.832519878357008736e+01 2.832519878357008736e+01 3.071075963079639237e+01 3.071075963079639237e+01 3.071075963079639237e+01 3.626429023959901343e+01 4.993792986354286967e+01 7.698484571634202211e+01 9.484999309645621679e+01 1.111283849107628896e+02 1.049558313998175549e+02 8.743681565593030314e+01 5.425057811504207450e+01 3.056153672925864129e+01 2.094274197063050735e+01
1.186752695442057615e+01 1.186752695442057615e+01 1.186752695442057615e+01 2.226813301389828936e+01 2.226813301389828936e+01 1.560451984427972327e+01 2.226813301389828936e+01 2.517863877315054211e+01 3.247402217624002674e+01 5.138131060819466711e+01 7.698484571634202211e+01 1.043114017588944051e+02 1.111283849107628896e+02 9.962250259951291298e+01 8.003536344622060028e+01 4.946237475348161183e+01 3.056153672925864129e+01 1.186752695442057615e+01
1.186752695442057615e+01 1.186752695442057615e+01 1.186752695442057615e+01 1.186752695442057615e+01 1.186752695442057615e+01 1.186752695442057615e+01 1.560451984427972327e+01 2.413086276966955168e+01 3.468390597263002206e+01 5.308393817197404729e+01 8.473646978626719317e+01 1.043114017588944051e+02 1.058690330446182628e+02 9.189780375007057955e+01 6.486218088844501040e+01 4.451353564731946477e+01 2.374732799718528042e+01 1.186752695442057615e+01
1.186752695442057615e+01 1.186752695442057615e+01 1.186752695442057615e+01 1.186752695442057615e+01 1.186752695442057615e+01 1.186752695442057615e+01 1.560451984427972327e+01 2.732568175620847839e+01 4.542846876592149385e+01 6.687209671228168872e+01 8.996616914577485602e+01 1.043114017588944051e+02 9.962250259951291298e+01 8.743681565593030314e+01 6.078733164196768968e+01 3.680314731959136054e+01 2.374732799718528042e+01 1.186752695442057615e+01
1.186752695442057615e+01 1.186752695442057615e+01 1.186752695442057615e+01 1.186752695442057615e+01 1.186752695442057615e+01 1.186752695442057615e+01 2.127884704757516587e+01 3.188559808859824685e+01 5.308393817197404729e+01 7.735689146036698105e+01 9.588369641315460967e+01 1.058690330446182628e+02 9.962250259951291298e+01 8.003536344622060028e+01 5.159253477650641884e+01 3.056153672925864129e+01 2.288983035281428258e+01 1.186752695442057615e+01
1.186752695442057615e+01 1.186752695442057615e+01 1.186752695442057615e+01 1.186752695442057615e+01 1.186752695442057615e+01 1.560451984427972327e+01 2.674576724762193791e+01 4.160401232711682695e+01 6.687209671228168872e+01 8.996616914577485602e+01 1.043114017588944051e+02 9.962250259951291298e+01 9.244005972026074858e+01 6.710196127848456626e+01 4.232672114650934247e+01 2.712666738848623282e+01 1.186752695442057615e+01 1.186752695442057615e+01
1.186752695442057615e+01 1.186752695442057615e+01 1.186752695442057615e+01 1.186752695442057615e+01 1.186752695442057615e+01 2.127884704757516587e+01 3.188559808859824685e+01 5.150753108981430017e+01 7.641426543129340132e+01 9.588369641315460967e+01 1.058690330446182628e+02 9.962250259951291298e+01 8.003536344622060028e+01 5.434120823615675988e+01 3.339172014247662190e+01 2.374732799718528042e+01 1.186752695442057615e+01 1.186752695442057615e+01
1.186752695442057615e+01 1.186752695442057615e+01 1.186752695442057615e+01 1.186752695442057615e+01 1.560451984427972327e+01 2.413086276966955168e+01 4.007181679509440642e+01 6.143084638427478694e+01 8.996616914577485602e+01 1.043114017588944051e+02 1.058690330446182628e+02 9.189780375007057955e+01 6.710196127848456626e+01 4.451353564731946477e+01 2.712666738848623282e+01 1.186752695442057615e+01 1.186752695442057615e+01 1.186752695442057615e+01
1.186752695442057615e+01 1.186752695442057615e+01 1.186752695442057615e+01 1.186752695442057615e+01 1.560451984427972327e+01 2.732568175620847839e+01 4.701166053778634790e+01 7.698484571634202211e+01 9.733356449447070702e+01 1.068979574361429314e+02 9.962250259951291298e+01 8.743681565593030314e+01 6.078733164196768968e+01 3.680314731959136054e+01 2.374732799718528042e+01 1.186752695442057615e+01 1.186752695442057615e+01 1.186752695442057615e+01
1.186752695442057615e+01 1.186752695442057615e+01 1.186752695442057615e+01 1.186752695442057615e+01 1.560451984427972327e+01 3.247402217624002674e+01 5.138131060819466711e+01 7.698484571634202211e+01 1.043114017588944051e+02 1.111283849107628896e+02 9.962250259951291298e+01 7.133002711189357115e+01 4.946237475348161183e+01 3.056153672925864129e+01 2.288983035281428258e+01 1.186752695442057615e+01 1.186752695442057615e+01 1.186752695442057615e+01
