5.791633084803904374e+00 5.791633084803904374e+00 5.791633084803904374e+00 5.791633084803904374e+00 5.791633084803904374e+00 1.190233593678357060e+01 2.130641507240085986e+01 3.132386091433124164e+01 3.654249912788267807e+01 3.933002267798903517e+01 5.274851267465097493e+01 5.187767824190425614e+01 5.171484729158867566e+01 5.171484729158867566e+01 4.651383421598833223e+01 3.301404894760062803e+01 3.301404894760062803e+01 2.263480614448074490e+01
5.791633084803904374e+00 5.791633084803904374e+00 5.791633084803904374e+00 5.791633084803904374e+00 1.190233593678357060e+01 2.130641507240085986e+01 2.881419636384021743e+01 4.040402166517581861e+01 5.134441385907707200e+01 6.507134716954961107e+01 6.819128258368014883e+01 6.717705735706928749e+01 6.717705735706928749e+01 6.048631914204278104e+01 5.425172826657857428e+01 5.021831354546380766e+01 4.223425421943991154e+01 2.972741552030162637e+01
5.791633084803904374e+00 5.791633084803904374e+00 5.791633084803904374e+00 5.791633084803904374e+00 1.563408140756748566e+01 2.244484192593545657e+01 3.479403822623066844e+01 4.692337733785518594e+01 5.959305951834499382e+01 7.111326869531873740e+01 7.211373436292983286e+01 7.270160134731605694e+01 7.070466098732509863e+01 7.270160134731605694e+01 6.924404216922320643e+01 5.308127399519619871e+01 4.744549718903254387e+01 3.738199211036828729e+01
5.791633084803904374e+00 5.791633084803904374e+00 5.791633084803904374e+00 1.190233593678357060e+01 1.563408140756748566e+01 2.534393306127137180e+01 3.232099719378036440e+01 4.762763406594685733e+01 5.692910457119156575e+01 6.396959406814591631e+01 6.629531616672421990e+01 6.887333956493216647e+01 6.887333956493216647e+01 6.887333956493216647e+01 6.857891038344664025e+01 5.508327719741701856e+01 4.675567035751676315e+01 3.344259020248829017e+01
5.791633084803904374e+00 5.791633084803904374e+00 1.190233593678357060e+01 1.563408140756748566e+01 2.207956594795269467e+01 2.364695075175863082e+01 2.938947691027247444e+01 3.661322682917859339e+01 4.726443183693584871e+01 4.973155291142484913e+01 5.058545147074082138e+01 5.058545147074082138e+01 5.058545147074082138e+01 5.058545147074082138e+01 5.348899241316112807e+01 5.058545147074082138e+01 3.954775495535113805e+01 3.344259020248829017e+01
5.791633084803904374e+00 1.190233593678357060e+01 2.207956594795269467e+01 2.207956594795269467e+01 2.379845854916139558e+01 2.364695075175863082e+01 2.333798614417531425e+01 3.071432785943967758e+01 3.071432785943967758e+01 3.071432785943967758e+01 3.071432785943967758e+01 3.071432785943967758e+01 3.071432785943967758e+01 3.071432785943967758e+01 3.071432785943967758e+01 3.071432785943967758e+01 2.891655900395659984e+01 2.495876837947624338e+01
1.190233593678357060e+01 1.563408140756748566e+01 2.555143076230644539e+01 3.132386091433124164e+01 3.203657864771373198e+01 3.203657864771373198e+01 2.863760055304534902e+01 2.442185007920741313e+01 2.226615518807342653e+01 2.226615518807342653e+01 2.226615518807342653e+01 2.226615518807342653e+01 2.226615518807342653e+01 2.226615518807342653e+01 2.226615518807342653e+01 2.593396367470765185e+01 2.397237430507849965e+01 1.563408140756748566e+01
1.190233593678357060e+01 2.130641507240085986e+01 2.881419636384021743e+01 4.040402166517581861e+01 5.195767575064157739e+01 5.021831354546380766e+01 4.223425421943991154e+01 2.476517350770033232e+01 2.038953311558961445e+01 1.563408140756748566e+01 1.190233593678357060e+01 1.190233593678357060e+01 1.190233593678357060e+01 1.190233593678357060e+01 1.190233593678357060e+01 1.190233593678357060e+01 1.190233593678357060e+01 1.190233593678357060e+01
1.190233593678357060e+01 2.244484192593545657e+01 3.479403822623066844e+01 5.484773323746493645e+01 6.507134716954961107e+01 6.048631914204278104e+01 4.901861816346923462e+01 2.988300078695755246e+01 2.038953311558961445e+01 1.190233593678357060e+01 1.190233593678357060e+01 1.190233593678357060e+01 1.190233593678357060e+01 1.190233593678357060e+01 1.190233593678357060e+01 1.190233593678357060e+01 1.190233593678357060e+01 5.791633084803904374e+00
1.190233593678357060e+01 2.421142721839484224e+01 4.185994508601287123e+01 5.692910457119156575e+01 7.111326869531873740e+01 7.601355830697242766e+01 6.360696487135812305e+01 4.223425421943991154e+01 2.476517350770033232e+01 2.038953311558961445e+01 9.224914137884276499e+00 5.791633084803904374e+00 5.791633084803904374e+00 5.791633084803904374e+00 5.791633084803904374e+00 5.791633084803904374e+00 5.791633084803904374e+00 5.791633084803904374e+00
1.190233593678357060e+01 2.421142721839484224e+01 3.548673468254173002e+01 4.997345519399475933e+01 7.111326869531873740e+01 8.266823420243748899e+01 7.449488182055956997e+01 5.425172826657857428e+01 3.995910212940705719e+01 2.263480614448074490e+01 2.263480614448074490e+01 9.224914137884276499e+00 9.224914137884276499e+00 5.791633084803904374e+00 5.791633084803904374e+00 5.791633084803904374e+00 5.791633084803904374e+00 5.791633084803904374e+00
1.190233593678357060e+01 2.013363796627625391e+01 3.185885154840470079e+01 4.684394641779822166e+01 6.600464494719579989e+01 8.190000202775053140e+01 8.266823420243748899e+01 7.449488182055956997e+01 4.901861816346923462e+01 4.223425421943991154e+01 2.972741552030162637e+01 2.038953311558961445e+01 1.190233593678357060e+01 5.791633084803904374e+00 5.791633084803904374e+00 5.791633084803904374e+00 5.791633084803904374e+00 5.791633084803904374e+00
5.791633084803904374e+00 1.190233593678357060e+01 2.421142721839484224e+01 4.067132887159561250e+01 5.580835803353405566e+01 7.371572529595196954e+01 7.441293737470257952e+01 7.270160134731605694e+01 6.870542931350024674e+01 5.425172826657857428e+01 4.223425421943991154e+01 2.972741552030162637e+01 2.038953311558961445e+01 9.224914137884276499e+00 9.224914137884276499e+00 5.791633084803904374e+00 5.791633084803904374e+00 5.791633084803904374e+00
5.791633084803904374e+00 5.791633084803904374e+00 2.013363796627625391e+01 2.421142721839484224e+01 4.067132887159561250e+01 5.580835803353405566e+01 7.371572529595196954e+01 7.441293737470257952e+01 7.270160134731605694e+01 6.819128258368014883e+01 5.425172826657857428e+01 4.223425421943991154e+01 2.972741552030162637e+01 2.038953311558961445e+01 9.224914137884276499e+00 5.791633084803904374e+00 5.791633084803904374e+00 5.791633084803904374e+00
5.791633084803904374e+00 5.791633084803904374e+00 1.190233593678357060e+01 2.013363796627625391e+01 2.421142721839484224e+01 3.960559617022983758e+01 5.580835803353405566e+01 6.437868612438543892e+01 7.395679556262365395e+01 7.270160134731605694e+01 6.924404216922320643e+01 5.425172826657857428e+01 4.223425421943991154e+01 2.476517350770033232e+01 2.038953311558961445e+01 9.224914137884276499e+00 5.791633084803904374e+00 5.791633084803904374e+00
5.791633084803904374e+00 5.791633084803904374e+00 5.791633084803904374e+00 1.190233593678357060e+01 2.013363796627625391e+01 2.421142721839484224e+01 3.960559617022983758e+01 4.973155291142484913e+01 5.986231624880250735e+01 7.371572529595196954e+01 7.270160134731605694e+01 6.924404216922320643e+01 4.901861816346923462e+01 2.988300078695755246e+01 2.038953311558961445e+01 9.224914137884276499e+00 5.791633084803904374e+00 5.791633084803904374e+00
5.791633084803904374e+00 5.791633084803904374e+00 5.791633084803904374e+00 5.791633084803904374e+00 1.190233593678357060e+01 2.013363796627625391e+01 2.226615518807342653e+01 3.185885154840470079e+01 4.684394641779822166e+01 6.600464494719579989e+01 7.070466098732509863e+01 7.091937896572419220e+01 5.671418311883123664e+01 3.738199211036828729e+01 2.476517350770033232e+01 1.190233593678357060e+01 5.791633084803904374e+00 5.791633084803904374e+00
5.791633084803904374e+00 5.791633084803904374e+00 5.791633084803904374e+00 5.791633084803904374e+00 5.791633084803904374e+00 1.190233593678357060e+01 1.190233593678357060e+01 2.421142721839484224e+01 3.548673468254173002e+01 5.692910457119156575e+01 6.972485585570126432e+01 7.091937896572419220e+01 5.508327719741701856e+01 3.969393512662328050e+01 2.569546630577656998e+01 1.190233593678357060e+01 1.190233593678357060e+01 5.791633084803904374e+00
