1.261858756908649015e+00 1.261858756908649015e+00 1.261858756908649015e+00 1.261858756908649015e+00 1.261858756908649015e+00 1.261858756908649015e+00 1.261858756908649015e+00 1.261858756908649015e+00 1.261858756908649015e+00 1.261858756908649015e+00 1.261858756908649015e+00 1.261858756908649015e+00 1.261858756908649015e+00 1.408406779242882934e+00 1.737348508648268508e+00 1.572121432812598973e+00 1.497509996224805073e+00 1.261858756908649015e+00
1.261858756908649015e+00 1.261858756908649015e+00 1.261858756908649015e+00 1.261858756908649015e+00 1.261858756908649015e+00 1.261858756908649015e+00 1.261858756908649015e+00 1.261858756908649015e+00 1.261858756908649015e+00 1.261858756908649015e+00 1.261858756908649015e+00 1.504415272839502604e+00 1.261858756908649015e+00 1.727785742404430280e+00 1.932256193351470586e+00 1.664179253167217043e+00 1.664179253167217043e+00 1.504415272839502604e+00
1.261858756908649015e+00 1.261858756908649015e+00 1.261858756908649015e+00 1.261858756908649015e+00 1.261858756908649015e+00 1.261858756908649015e+00 1.504415272839502604e+00 1.408406779242882934e+00 1.408406779242882934e+00 1.408406779242882934e+00 2.500003542936422907e+00 1.932256193351470586e+00 2.153450009780714325e+00 2.500003542936422907e+00 1.821244447622128781e+00 1.958363994013259113e+00 2.745190570303365440e+00 1.504415272839502604e+00
1.261858756908649015e+00 1.261858756908649015e+00 1.261858756908649015e+00 1.261858756908649015e+00 1.261858756908649015e+00 2.005058375337253729e+00 2.005058375337253729e+00 1.964690994678568003e+00 1.836846264778383642e+00 1.998789810702525926e+00 2.305081587383583752e+01 6.588653232148207906e+01 2.609247325520172467e+01 2.005058375337253729e+00 4.523932907710069173e+00 1.572121432812598973e+00 1.497509996224805073e+00 1.497509996224805073e+00
1.261858756908649015e+00 1.324014831503530942e+00 1.497509996224805073e+00 1.324014831503530942e+00 1.529959756879622823e+00 6.399981139041464040e+00 2.700748830551280566e+00 1.932256193351470586e+00 2.168831205155987263e+00 1.769981545660051392e+00 4.515427280227818585e+01 1.274140034657577161e+02 1.059656116177138330e+02 4.523932907710069173e+00 1.572121432812598973e+00 1.504415272839502604e+00 1.477458893451582655e+00 1.261858756908649015e+00
1.261858756908649015e+00 1.324014831503530942e+00 1.572121432812598973e+00 1.529959756879622823e+00 1.853728053923545449e+00 4.808568623644381645e+00 1.958363994013259113e+00 2.012789811607463619e+00 2.894709161112685170e+00 2.012789811607463619e+00 4.859893767555949040e+01 6.201720270103288613e+01 2.803860357341520526e+01 2.005058375337253729e+00 1.504415272839502604e+00 1.477458893451582655e+00 1.261858756908649015e+00 1.261858756908649015e+00
1.261858756908649015e+00 1.261858756908649015e+00 1.550359300630970383e+00 1.497509996224805073e+00 1.497509996224805073e+00 1.497509996224805073e+00 2.012789811607463619e+00 2.158414539429307499e+00 2.005058375337253729e+00 2.325491013826501252e+00 2.012789811607463619e+00 3.787985775501190311e+00 4.523932907710069173e+00 1.572121432812598973e+00 1.504415272839502604e+00 1.477458893451582655e+00 1.436289013337177956e+00 1.261858756908649015e+00
1.261858756908649015e+00 1.261858756908649015e+00 1.261858756908649015e+00 1.550359300630970383e+00 1.477458893451582655e+00 1.477458893451582655e+00 1.497509996224805073e+00 1.744696322861747362e+00 2.594485885576404360e+00 1.932256193351470586e+00 1.600235901054212651e+00 4.523932907710069173e+00 1.572121432812598973e+00 1.572121432812598973e+00 1.497509996224805073e+00 1.477458893451582655e+00 1.497009209462971224e+00 1.261858756908649015e+00
1.261858756908649015e+00 1.261858756908649015e+00 1.261858756908649015e+00 1.261858756908649015e+00 1.261858756908649015e+00 1.261858756908649015e+00 1.261858756908649015e+00 1.529959756879622823e+00 1.746281260738523855e+00 2.168831205155987263e+00 2.005058375337253729e+00 1.842519431176843359e+00 1.572121432812598973e+00 1.504415272839502604e+00 1.477458893451582655e+00 1.504415272839502604e+00 1.436289013337177956e+00 1.436289013337177956e+00
1.261858756908649015e+00 1.261858756908649015e+00 1.261858756908649015e+00 1.261858756908649015e+00 1.261858756908649015e+00 1.261858756908649015e+00 1.261858756908649015e+00 1.261858756908649015e+00 2.153450009780714325e+00 1.231229357991138151e+01 2.005058375337253729e+00 1.860549305109003182e+00 1.504415272839502604e+00 1.436289013337177956e+00 1.477458893451582655e+00 1.324014831503530942e+00 1.477458893451582655e+00 1.477458893451582655e+00
1.261858756908649015e+00 1.261858756908649015e+00 1.261858756908649015e+00 1.261858756908649015e+00 1.261858756908649015e+00 1.261858756908649015e+00 1.261858756908649015e+00 2.269626434118129410e+01 1.231229357991138151e+01 2.005058375337253729e+00 5.142011521855208933e+00 2.005058375337253729e+00 1.504415272839502604e+00 1.436289013337177956e+00 1.261858756908649015e+00 1.261858756908649015e+00 1.261858756908649015e+00 1.261858756908649015e+00
1.261858756908649015e+00 1.261858756908649015e+00 1.261858756908649015e+00 1.261858756908649015e+00 1.261858756908649015e+00 1.261858756908649015e+00 1.529959756879622823e+00 8.313814910908671152e+01 1.132140720986837295e+02 2.005058375337253729e+00 5.382407430886640753e+01 1.958363994013259113e+00 1.504415272839502604e+00 1.408406779242882934e+00 1.408406779242882934e+00 1.408406779242882934e+00 1.261858756908649015e+00 1.261858756908649015e+00
1.261858756908649015e+00 1.261858756908649015e+00 1.261858756908649015e+00 1.261858756908649015e+00 1.261858756908649015e+00 1.497009209462971224e+00 2.269626434118129410e+01 1.083419955128255054e+02 1.600339772696266891e+02 4.523932907710069173e+00 2.012789811607463619e+00 1.572121432812598973e+00 1.728075206947211395e+00 1.728075206947211395e+00 1.728075206947211395e+00 1.600235901054212651e+00 1.528311094372099888e+00 1.261858756908649015e+00
1.261858756908649015e+00 1.261858756908649015e+00 1.261858756908649015e+00 1.572121432812598973e+00 1.261858756908649015e+00 1.529959756879622823e+00 4.515427280227818585e+01 1.274140034657577161e+02 2.803860357341520526e+01 1.728075206947211395e+00 1.731428546870463547e+00 1.728075206947211395e+00 1.728075206947211395e+00 1.753382387546039034e+00 1.600235901054212651e+00 1.572121432812598973e+00 1.600235901054212651e+00 1.436289013337177956e+00
1.261858756908649015e+00 1.261858756908649015e+00 1.261858756908649015e+00 1.324014831503530942e+00 1.436289013337177956e+00 1.769981545660051392e+00 4.188628398430251565e+01 5.382407430886640753e+01 1.728075206947211395e+00 1.728075206947211395e+00 1.728075206947211395e+00 1.600235901054212651e+00 1.572121432812598973e+00 1.600235901054212651e+00 1.497509996224805073e+00 1.497509996224805073e+00 1.529959756879622823e+00 1.477458893451582655e+00
1.261858756908649015e+00 1.261858756908649015e+00 1.261858756908649015e+00 1.324014831503530942e+00 1.436289013337177956e+00 1.853728053923545449e+00 9.678015137695103576e+00 1.572121432812598973e+00 1.497509996224805073e+00 1.529959756879622823e+00 1.753382387546039034e+00 1.600235901054212651e+00 1.550359300630970383e+00 1.497509996224805073e+00 1.550359300630970383e+00 1.550359300630970383e+00 1.550359300630970383e+00 1.477458893451582655e+00
1.261858756908649015e+00 1.261858756908649015e+00 1.261858756908649015e+00 1.261858756908649015e+00 1.477458893451582655e+00 3.787985775501190311e+00 1.600235901054212651e+00 1.504415272839502604e+00 1.497509996224805073e+00 1.497509996224805073e+00 1.497509996224805073e+00 1.497509996224805073e+00 1.497509996224805073e+00 1.477458893451582655e+00 1.497509996224805073e+00 1.529959756879622823e+00 1.477458893451582655e+00 1.261858756908649015e+00
1.261858756908649015e+00 1.261858756908649015e+00 1.261858756908649015e+00 1.261858756908649015e+00 2.174275766759934392e+00 1.528311094372099888e+00 1.769981545660051392e+00 1.504415272839502604e+00 1.497509996224805073e+00 1.529959756879622823e+00 1.497509996224805073e+00 1.529959756879622823e+00 1.477458893451582655e+00 1.529959756879622823e+00 1.477458893451582655e+00 1.477458893451582655e+00 1.261858756908649015e+00 1.261858756908649015e+00
