1.251150591729524919e+00 1.414950456680938551e+00 1.524039167710919296e+00 1.879270508630748537e+01 1.879270508630748537e+01 2.480025742523222476e+01 1.812458313545918642e+01 1.581094077116241170e+00 1.581094077116241170e+00 1.520269210812296157e+00 1.529959756879622823e+00 1.450772331836886586e+00 1.227532849370740919e+00 1.157920322960940940e+00 1.324957464584170408e+00 1.414950456680938551e+00 1.414950456680938551e+00 1.414950456680938551e+00
1.324957464584170408e+00 1.835670016965755602e+00 1.835670016965755602e+00 1.849011473256708449e+00 1.022967943593365447e+01 3.255750248966904081e+01 2.223286473160782606e+01 6.185200001631254274e+00 1.513175972072411613e+00 1.478342207360586524e+00 1.398405523381501370e+00 1.448444016827660663e+00 1.286531874950107790e+00 1.157920322960940940e+00 1.227532849370740919e+00 1.251150591729524919e+00 1.324957464584170408e+00 1.324957464584170408e+00
2.692157144727638673e+00 1.478556766730816818e+01 1.849011473256708449e+00 1.752527354582857910e+00 1.752527354582857910e+00 1.562960426698323246e+00 1.742629551079593719e+00 1.627519035845844453e+00 1.513175972072411613e+00 1.520269210812296157e+00 1.524039167710919296e+00 1.425959058705807969e+00 1.284254797820550520e+00 1.157920322960940940e+00 1.157920322960940940e+00 1.227532849370740919e+00 1.286531874950107790e+00 1.227532849370740919e+00
1.835670016965755602e+00 1.612987197094157610e+00 1.497509996224805073e+00 1.497509996224805073e+00 1.562328410554923552e+00 1.597695876637137635e+00 1.476934830297549350e+00 1.647599858749409618e+00 1.324957464584170408e+00 1.503450329521167195e+00 1.524039167710919296e+00 1.324957464584170408e+00 1.157920322960940940e+00 1.284254797820550520e+00 1.284254797820550520e+00 1.497509996224805073e+00 1.593154546061094079e+00 1.286531874950107790e+00
1.513175972072411613e+00 1.284254797820550520e+00 1.419228641103437605e+00 1.476934830297549350e+00 1.476934830297549350e+00 1.524039167710919296e+00 1.324957464584170408e+00 9.978252235244748647e+01 1.656516582551624595e+02 1.616560277350033914e+02 1.486142447455347293e+00 1.324957464584170408e+00 1.324957464584170408e+00 1.251150591729524919e+00 1.614566915513834466e+00 1.581094077116241170e+00 1.398405523381501370e+00 1.448444016827660663e+00
1.398405523381501370e+00 1.251150591729524919e+00 1.251150591729524919e+00 1.284254797820550520e+00 1.425959058705807969e+00 2.297649138165238369e+01 9.905228962164915174e+01 1.492381711680420153e+02 1.647066847869487276e+02 1.510937628770056449e+02 1.503450329521167195e+00 2.500003542936422907e+00 1.324957464584170408e+00 1.324957464584170408e+00 1.513175972072411613e+00 1.614566915513834466e+00 1.497509326249770067e+00 1.448444016827660663e+00
1.425959058705807969e+00 1.324957464584170408e+00 1.324014831503530942e+00 1.513175972072411613e+00 1.425959058705807969e+00 3.127638743499172236e+01 7.890093325915934486e+01 1.599686756010339082e+02 1.349754577572726930e+02 1.644254420462595476e+02 9.532212844468146784e+01 1.503450329521167195e+00 1.879270508630748537e+01 2.500003542936422907e+00 2.149135038091277039e+00 1.650326749420380379e+00 1.486142447455347293e+00 1.593154546061094079e+00
1.324014831503530942e+00 1.324957464584170408e+00 1.286531874950107790e+00 1.286531874950107790e+00 1.425959058705807969e+00 1.528311094372099888e+00 3.056285249068775745e+00 3.255750248966904081e+01 3.255750248966904081e+01 6.326862511940159095e+01 3.255750248966904081e+01 3.255750248966904081e+01 4.110908108758925650e+00 3.787985775501190311e+00 4.596733999330100851e+00 1.513175972072411613e+00 1.503450329521167195e+00 1.593154546061094079e+00
1.324014831503530942e+00 1.324957464584170408e+00 1.284254797820550520e+00 1.284254797820550520e+00 1.284254797820550520e+00 1.476934830297549350e+00 1.893572281989448269e+00 1.893572281989448269e+00 1.737348508648268508e+00 1.612987197094157610e+00 1.562960426698323246e+00 1.614566915513834466e+00 2.089891259587053796e+00 1.849011473256708449e+00 3.787985775501190311e+00 1.513175972072411613e+00 1.581094077116241170e+00 1.597695876637137635e+00
1.251150591729524919e+00 1.157920322960940940e+00 1.157920322960940940e+00 1.157920322960940940e+00 1.157920322960940940e+00 1.780339356943106521e+00 1.935031572155340385e+00 1.821244447622128781e+00 1.835670016965755602e+00 1.835670016965755602e+00 1.513175972072411613e+00 1.562328410554923552e+00 1.497509996224805073e+00 1.497509996224805073e+00 2.296329672723459669e+00 1.513175972072411613e+00 1.499833863561303104e+00 1.513175972072411613e+00
1.157920322960940940e+00 1.157920322960940940e+00 1.157920322960940940e+00 1.157920322960940940e+00 1.157920322960940940e+00 1.497509996224805073e+00 1.609340033680484838e+00 1.870310392670663235e+00 1.870310392670663235e+00 1.581094077116241170e+00 1.513175972072411613e+00 1.513175972072411613e+00 1.443570582181009643e+00 1.448444016827660663e+00 1.425959058705807969e+00 1.593154546061094079e+00 1.486142447455347293e+00 1.614566915513834466e+00
1.157920322960940940e+00 1.251150591729524919e+00 1.157920322960940940e+00 1.157920322960940940e+00 1.513175972072411613e+00 1.562328410554923552e+00 1.497509996224805073e+00 1.497509996224805073e+00 1.497509996224805073e+00 1.497509996224805073e+00 1.503450329521167195e+00 1.497509996224805073e+00 1.414950456680938551e+00 1.443570582181009643e+00 1.513175972072411613e+00 1.528311094372099888e+00 1.581094077116241170e+00 1.520269210812296157e+00
1.286531874950107790e+00 1.284254797820550520e+00 1.227532849370740919e+00 1.284254797820550520e+00 1.324014831503530942e+00 1.425959058705807969e+00 1.510622354878528917e+00 1.443570582181009643e+00 1.513175972072411613e+00 1.513175972072411613e+00 1.486142447455347293e+00 1.443570582181009643e+00 1.414950456680938551e+00 1.414950456680938551e+00 1.425959058705807969e+00 1.425959058705807969e+00 1.513175972072411613e+00 1.614566915513834466e+00
1.414950456680938551e+00 1.324957464584170408e+00 1.324014831503530942e+00 1.251150591729524919e+00 1.414238054815444512e+00 1.481186354396701432e+00 1.486142447455347293e+00 1.398405523381501370e+00 1.414238054815444512e+00 1.425959058705807969e+00 1.425959058705807969e+00 1.499833863561303104e+00 1.510622354878528917e+00 1.510622354878528917e+00 1.481186354396701432e+00 1.481186354396701432e+00 1.513175972072411613e+00 1.520269210812296157e+00
1.503450329521167195e+00 1.286531874950107790e+00 1.324957464584170408e+00 1.324957464584170408e+00 1.647599858749409618e+00 1.324957464584170408e+00 2.500003542936422907e+00 1.414950456680938551e+00 1.414238054815444512e+00 1.414238054815444512e+00 1.414238054815444512e+00 1.513175972072411613e+00 1.524039167710919296e+00 1.529959756879622823e+00 1.524039167710919296e+00 1.835670016965755602e+00 1.513175972072411613e+00 1.478342207360586524e+00
1.157920322960940940e+00 1.251150591729524919e+00 1.476934830297549350e+00 1.528311094372099888e+00 1.857497849443705107e+00 7.468053102226050122e+00 1.879270508630748537e+01 7.408075703320604610e+00 1.879270508630748537e+01 1.879270508630748537e+01 2.500003542936422907e+00 2.500003542936422907e+00 1.524039167710919296e+00 1.324957464584170408e+00 8.545863343486038488e+00 7.468053102226050122e+00 1.513175972072411613e+00 1.398405523381501370e+00
1.157920322960940940e+00 1.157920322960940940e+00 1.414238054815444512e+00 1.378317758587113362e+00 1.454448106441967203e+00 1.037790264466346102e+01 3.120472326355276493e+00 3.787985775501190311e+00 2.480025742523222476e+01 2.480025742523222476e+01 2.480025742523222476e+01 1.879270508630748537e+01 1.879270508630748537e+01 2.480025742523222476e+01 2.480025742523222476e+01 1.191598920604567091e+01 1.493886903115157816e+00 1.378317758587113362e+00
1.227532849370740919e+00 1.157920322960940940e+00 1.227532849370740919e+00 1.157920322960940940e+00 1.378317758587113362e+00 1.513175972072411613e+00 1.419228641103437605e+00 1.454448106441967203e+00 8.007303900457991119e+00 8.007303900457991119e+00 3.255750248966904081e+01 2.011057779979154603e+01 1.022967943593365447e+01 1.478556766730816818e+01 2.011057779979154603e+01 1.478342207360586524e+00 1.378317758587113362e+00 1.157920322960940940e+00
