1.125524688331265111e+01 1.125524688331265111e+01 1.125524688331265111e+01 1.125524688331265111e+01 1.936680850241410567e+01 2.414727821639969818e+01 3.579347962039436482e+01 4.635146924035146299e+01 5.930137342903921649e+01 6.946776503017905213e+01 7.978174078002842862e+01 8.128918816259105995e+01 8.128918816259105995e+01 7.531331736344880312e+01 6.247481756126113339e+01 4.651581203815166532e+01 3.080237484539033588e+01 2.049002952487080975e+01
1.125524688331265111e+01 1.125524688331265111e+01 1.125524688331265111e+01 1.936680850241410567e+01 2.414727821639969818e+01 3.579347962039436482e+01 5.020566717596896211e+01 6.144558691490234992e+01 6.946776503017905213e+01 7.874425689796004235e+01 7.773326056012896856e+01 8.453910409968500517e+01 8.453910409968500517e+01 8.586095135807956069e+01 7.449488182055956997e+01 5.338674766987266906e+01 3.995910212940705719e+01 2.450625027767076602e+01
1.125524688331265111e+01 1.125524688331265111e+01 1.936680850241410567e+01 2.303329309841375050e+01 3.530402591992596228e+01 4.870174371674436742e+01 6.144558691490234992e+01 7.236999222831575196e+01 7.211878544004390790e+01 7.303409718526569350e+01 6.852762814585365447e+01 7.246862944334124279e+01 8.256517872907315336e+01 8.586095135807956069e+01 8.267346879675268667e+01 6.640806347437663248e+01 4.352018790524184055e+01 2.621267856141273356e+01
1.125524688331265111e+01 1.125524688331265111e+01 2.074217201957976187e+01 3.140699317660347845e+01 4.764291580317023289e+01 5.914133479116669179e+01 7.236999222831575196e+01 7.211878544004390790e+01 6.595743171909558100e+01 5.808703895637528092e+01 5.238019659463067512e+01 5.982162018847085960e+01 7.398098520563712555e+01 8.256517872907315336e+01 8.267346879675268667e+01 6.664336230452575194e+01 4.352018790524184055e+01 2.621267856141273356e+01
1.125524688331265111e+01 1.125524688331265111e+01 2.345493351614515376e+01 3.757398018232859727e+01 5.333761195103168262e+01 6.597746309168836376e+01 7.303409718526569350e+01 6.595743171909558100e+01 5.499232325944376498e+01 4.403019759651782294e+01 3.985420005569140756e+01 4.680146146429497378e+01 6.600464494719579989e+01 8.256517872907315336e+01 8.550754076697428729e+01 6.664336230452575194e+01 5.204437506930877078e+01 2.766131569558958958e+01
1.125524688331265111e+01 1.237265351574182048e+01 2.216415426181830028e+01 4.089268980347095805e+01 5.664851256449131967e+01 6.497411712796170491e+01 6.250520513201797712e+01 5.499232325944376498e+01 4.064879745600381966e+01 3.216507675059211380e+01 3.104091047357326261e+01 4.380016816449965944e+01 6.125142811272457521e+01 7.417669524725094732e+01 7.900845265508688442e+01 6.570954853138130147e+01 4.753987744225801038e+01 2.766131569558958958e+01
1.125524688331265111e+01 1.125524688331265111e+01 2.361694456806311138e+01 3.474270695282812937e+01 4.540510875273775326e+01 5.063107155936328496e+01 5.130996577171861617e+01 3.940090394854519218e+01 2.956642028099167163e+01 2.467939798481457103e+01 2.780570630009432875e+01 4.294018307738917883e+01 6.125142811272457521e+01 7.492339483614345852e+01 7.900845265508688442e+01 6.528547700957297195e+01 4.336408097459612776e+01 2.542811314857901550e+01
1.125524688331265111e+01 1.125524688331265111e+01 1.997481843748850849e+01 2.451518835279827968e+01 3.371405196559475570e+01 3.429394452795689574e+01 3.429394452795689574e+01 2.499869973426995529e+01 2.179627119479526343e+01 2.368746569339724317e+01 3.140699317660347845e+01 4.931942132899976627e+01 6.590137384894745765e+01 7.754181864579665273e+01 7.633798399115289612e+01 5.894880806933903727e+01 4.049145833704122310e+01 2.514547346564110342e+01
1.125524688331265111e+01 1.125524688331265111e+01 1.237265351574182048e+01 2.228350278240664650e+01 2.407644737791967060e+01 2.577678346189678393e+01 2.577678346189678393e+01 2.430469961072926921e+01 2.352891258708028488e+01 2.745107867287866554e+01 4.113308136348820909e+01 5.653424385589674728e+01 7.272369867975899638e+01 8.062153106744956688e+01 7.112423420146302533e+01 5.384721103630690919e+01 3.351989531009682111e+01 2.066068914978005822e+01
1.125524688331265111e+01 1.125524688331265111e+01 1.125524688331265111e+01 1.779809318973941856e+01 2.127111146729573932e+01 2.430469961072926921e+01 2.745107867287866554e+01 3.127981309851279335e+01 3.400606222463753170e+01 4.427445684741407916e+01 5.455375738813644659e+01 7.231673774639119756e+01 8.308348767628962150e+01 7.900845265508688442e+01 6.715169657260327085e+01 4.753987744225801038e+01 2.821736811416711532e+01 1.989637997431533023e+01
1.125524688331265111e+01 1.125524688331265111e+01 1.965323642385669345e+01 2.149488827623791565e+01 2.745107867287866554e+01 3.310796844539174799e+01 3.855770856512302203e+01 5.058292872961215636e+01 5.713369611329400755e+01 6.192879636443723967e+01 7.795718347219245459e+01 8.988541131391762917e+01 9.049887074390761654e+01 7.704265425802138623e+01 6.528547700957297195e+01 4.333262146810553617e+01 2.514547346564110342e+01 1.824250036165754807e+01
1.125524688331265111e+01 1.936680850241410567e+01 2.414727821639969818e+01 3.127981309851279335e+01 3.855770856512302203e+01 5.058292872961215636e+01 5.609744574289497621e+01 6.858904926971932525e+01 7.510842589673862335e+01 8.882260156250372063e+01 9.147008871049951040e+01 9.430555604359500421e+01 9.571084274499000344e+01 7.679713400885839292e+01 5.744623408363934658e+01 3.684245050438378399e+01 2.300461492596647517e+01 1.237265351574182048e+01
1.936680850241410567e+01 2.303329309841375050e+01 3.530402591992596228e+01 4.870174371674436742e+01 5.609744574289497621e+01 6.858904926971932525e+01 7.404602509873716087e+01 8.882260156250372063e+01 9.925820876447563990e+01 1.035847438538153824e+02 1.046582009321664515e+02 1.002118460677813800e+02 9.247051846544199805e+01 7.124984766030271999e+01 4.753987744225801038e+01 2.821736811416711532e+01 2.039147664582788977e+01 1.125524688331265111e+01
1.997481843748850849e+01 2.952523846670918317e+01 4.546057875333211484e+01 6.239232446351349637e+01 7.404602509873716087e+01 7.978174078002842862e+01 9.049887074390761654e+01 9.899946115899581400e+01 1.044759165943308687e+02 1.105170549827799249e+02 1.034348590171195070e+02 9.865504389420745213e+01 7.533571996760629474e+01 5.560408367316949096e+01 3.566712617142626129e+01 2.493347576033517399e+01 1.824250036165754807e+01 1.125524688331265111e+01
2.216415426181830028e+01 3.757398018232859727e+01 5.254144551206198344e+01 7.737381921173944477e+01 9.147008871049951040e+01 9.049887074390761654e+01 8.953920926621336207e+01 9.899946115899581400e+01 1.031668476877977696e+02 1.051116025929843687e+02 9.865504389420745213e+01 8.076888241168465754e+01 6.106875046550957364e+01 4.231910908276536532e+01 2.956642028099167163e+01 1.989637997431533023e+01 1.237265351574182048e+01 1.125524688331265111e+01
2.345493351614515376e+01 3.808871620217054499e+01 6.272658992562321600e+01 7.967704437978410681e+01 9.490482490414834160e+01 9.956115773156756177e+01 9.571084274499000344e+01 9.632613865943078224e+01 1.015024328045669222e+02 9.479835434097408609e+01 8.425489692643211015e+01 6.411749892998012967e+01 4.582734416228204566e+01 3.019680135082406380e+01 2.218600342955380711e+01 1.237265351574182048e+01 1.125524688331265111e+01 1.125524688331265111e+01
2.524352197177416812e+01 3.474270695282812937e+01 6.116292227532177606e+01 7.398098520563712555e+01 9.262601867238267062e+01 9.679465802361529825e+01 9.679465802361529825e+01 9.632613865943078224e+01 9.479835434097408609e+01 7.902933317367586596e+01 6.585947531420330847e+01 5.156767243577176885e+01 3.265409710691122314e+01 2.373966804485077375e+01 1.824250036165754807e+01 1.125524688331265111e+01 1.125524688331265111e+01 1.125524688331265111e+01
1.997481843748850849e+01 2.937689947891442444e+01 4.680146146429497378e+01 6.454514330463912586e+01 7.398098520563712555e+01 9.042677691198997536e+01 9.060010349278506681e+01 8.506655254948084632e+01 8.042833538048047615e+01 6.585947531420330847e+01 5.280118581172252590e+01 3.905210123846447345e+01 2.403352346798011752e+01 1.824250036165754807e+01 1.125524688331265111e+01 1.125524688331265111e+01 1.125524688331265111e+01 1.125524688331265111e+01
