1.157920322960940940e+00 1.157920322960940940e+00 1.157920322960940940e+00 1.157920322960940940e+00 1.157920322960940940e+00 1.157920322960940940e+00 1.470524169270643666e+00 1.510622354878528917e+00 1.513175972072411613e+00 1.448444016827660663e+00 1.513175972072411613e+00 1.504415272839502604e+00 1.562960426698323246e+00 1.528311094372099888e+00 1.324014831503530942e+00 1.261858756908649015e+00 1.728075206947211395e+00 1.703677759718232654e+00
1.157920322960940940e+00 1.157920322960940940e+00 1.157920322960940940e+00 1.157920322960940940e+00 1.157920322960940940e+00 1.157920322960940940e+00 1.157920322960940940e+00 1.504415272839502604e+00 1.504415272839502604e+00 1.448444016827660663e+00 1.513175972072411613e+00 1.510622354878528917e+00 1.497509996224805073e+00 1.497509996224805073e+00 1.448444016827660663e+00 1.529959756879622823e+00 1.513175972072411613e+00 1.529959756879622823e+00
1.157920322960940940e+00 1.157920322960940940e+00 1.157920322960940940e+00 1.157920322960940940e+00 1.157920322960940940e+00 1.157920322960940940e+00 1.157920322960940940e+00 1.564815586214549858e+00 1.755902176805019366e+00 1.470524169270643666e+00 1.600235901054212651e+00 1.581094077116241170e+00 1.510622354878528917e+00 1.529959756879622823e+00 1.529959756879622823e+00 1.513175972072411613e+00 1.513175972072411613e+00 1.448444016827660663e+00
1.157920322960940940e+00 1.157920322960940940e+00 1.157920322960940940e+00 1.157920322960940940e+00 1.157920322960940940e+00 1.157920322960940940e+00 1.157920322960940940e+00 1.261858756908649015e+00 1.513175972072411613e+00 1.513175972072411613e+00 1.513175972072411613e+00 1.513175972072411613e+00 1.497509996224805073e+00 1.529959756879622823e+00 1.529959756879622823e+00 1.470524169270643666e+00 1.562960426698323246e+00 1.448444016827660663e+00
1.157920322960940940e+00 1.157920322960940940e+00 1.157920322960940940e+00 1.157920322960940940e+00 1.157920322960940940e+00 1.157920322960940940e+00 1.157920322960940940e+00 3.787985775501190311e+00 2.005058375337253729e+00 1.767102757732740059e+00 1.513175972072411613e+00 1.513175972072411613e+00 1.448444016827660663e+00 1.529959756879622823e+00 1.513175972072411613e+00 1.627519035845844453e+00 1.497509996224805073e+00 1.448444016827660663e+00
1.157920322960940940e+00 1.157920322960940940e+00 1.157920322960940940e+00 1.157920322960940940e+00 1.157920322960940940e+00 1.470524169270643666e+00 1.703677759718232654e+00 1.703677759718232654e+00 5.432663651063252885e+00 2.818256858508737395e+01 1.755902176805019366e+00 1.455832274339098298e+01 1.942073582149417277e+00 1.581094077116241170e+00 1.510622354878528917e+00 1.513175972072411613e+00 1.529959756879622823e+00 1.529959756879622823e+00
1.157920322960940940e+00 1.157920322960940940e+00 1.157920322960940940e+00 1.157920322960940940e+00 1.513175972072411613e+00 1.581094077116241170e+00 1.703677759718232654e+00 2.388935917753824523e+00 5.789753069563435872e+01 8.132761510119300397e+01 2.500003542936422907e+00 2.500003542936422907e+00 4.523932907710069173e+00 1.470524169270643666e+00 1.513175972072411613e+00 1.448444016827660663e+00 1.529959756879622823e+00 1.448444016827660663e+00
1.157920322960940940e+00 1.157920322960940940e+00 1.157920322960940940e+00 1.157920322960940940e+00 1.513175972072411613e+00 1.581094077116241170e+00 1.703677759718232654e+00 4.188628398430251565e+01 1.341480491178055559e+02 1.655024162135547954e+02 1.612103798637104148e+02 4.523932907710069173e+00 1.513175972072411613e+00 1.470524169270643666e+00 1.448444016827660663e+00 1.448444016827660663e+00 1.448444016827660663e+00 1.261858756908649015e+00
1.157920322960940940e+00 1.157920322960940940e+00 1.157920322960940940e+00 1.157920322960940940e+00 1.513175972072411613e+00 1.581094077116241170e+00 1.703677759718232654e+00 4.188628398430251565e+01 1.632734978352488611e+02 1.661266221429889640e+02 1.617991676757651476e+02 1.581094077116241170e+00 1.600235901054212651e+00 1.510622354878528917e+00 1.510622354878528917e+00 1.448444016827660663e+00 1.448444016827660663e+00 1.434833712701845787e+00
1.157920322960940940e+00 1.157920322960940940e+00 1.157920322960940940e+00 1.157920322960940940e+00 1.513175972072411613e+00 1.324014831503530942e+00 1.529959756879622823e+00 1.102572954508706999e+02 1.617434149434990616e+02 1.514971904414829567e+02 1.513175972072411613e+00 1.513175972072411613e+00 1.597695876637137635e+00 1.529959756879622823e+00 1.529959756879622823e+00 1.529959756879622823e+00 1.529959756879622823e+00 1.157920322960940940e+00
1.157920322960940940e+00 1.157920322960940940e+00 1.157920322960940940e+00 1.157920322960940940e+00 1.513175972072411613e+00 1.157920322960940940e+00 2.297649138165238369e+01 1.265570060989506231e+02 1.617434149434990616e+02 1.576935150988234113e+02 2.005058375337253729e+00 1.513175972072411613e+00 1.727785742404430280e+00 1.261858756908649015e+00 1.261858756908649015e+00 1.261858756908649015e+00 1.157920322960940940e+00 1.157920322960940940e+00
1.157920322960940940e+00 1.157920322960940940e+00 1.157920322960940940e+00 1.157920322960940940e+00 1.157920322960940940e+00 1.157920322960940940e+00 4.188628398430251565e+01 1.398848411940162464e+02 1.600339772696266891e+02 1.486168191199337230e+02 2.005058375337253729e+00 1.513175972072411613e+00 1.769981545660051392e+00 1.157920322960940940e+00 1.157920322960940940e+00 1.157920322960940940e+00 1.157920322960940940e+00 1.157920322960940940e+00
1.157920322960940940e+00 1.157920322960940940e+00 1.157920322960940940e+00 1.157920322960940940e+00 1.157920322960940940e+00 2.008825940672877763e+01 4.515427280227818585e+01 1.508240062551839458e+02 1.478905674851923209e+02 1.486168191199337230e+02 2.005058375337253729e+00 1.767102757732740059e+00 1.769981545660051392e+00 1.157920322960940940e+00 1.157920322960940940e+00 1.157920322960940940e+00 1.157920322960940940e+00 1.157920322960940940e+00
1.157920322960940940e+00 1.157920322960940940e+00 1.157920322960940940e+00 1.157920322960940940e+00 1.157920322960940940e+00 6.582417035344306555e+00 4.859893767555949040e+01 1.245505196484362500e+02 1.328872961999807103e+02 2.005058375337253729e+00 2.005058375337253729e+00 1.470524169270643666e+00 1.627519035845844453e+00 1.157920322960940940e+00 1.157920322960940940e+00 1.157920322960940940e+00 1.157920322960940940e+00 1.157920322960940940e+00
1.157920322960940940e+00 1.157920322960940940e+00 1.157920322960940940e+00 1.157920322960940940e+00 1.157920322960940940e+00 6.582417035344306555e+00 4.177028664903614441e+01 7.315263508145085325e+01 9.532212844468146784e+01 2.005058375337253729e+00 1.513175972072411613e+00 1.470524169270643666e+00 1.157920322960940940e+00 1.157920322960940940e+00 1.157920322960940940e+00 1.157920322960940940e+00 1.157920322960940940e+00 1.157920322960940940e+00
1.157920322960940940e+00 1.157920322960940940e+00 1.157920322960940940e+00 1.157920322960940940e+00 2.305081587383583752e+01 1.166363706880856732e+01 2.019338390829289054e+01 7.315263508145085325e+01 7.674017738173490955e+01 2.005058375337253729e+00 1.513175972072411613e+00 1.504415272839502604e+00 1.157920322960940940e+00 1.157920322960940940e+00 1.157920322960940940e+00 1.157920322960940940e+00 1.157920322960940940e+00 1.157920322960940940e+00
1.157920322960940940e+00 1.157920322960940940e+00 1.157920322960940940e+00 1.157920322960940940e+00 2.297649138165238369e+01 2.008825940672877763e+01 3.237281543956174801e+01 7.315263508145085325e+01 3.316753237554014788e+01 4.523932907710069173e+00 1.470524169270643666e+00 1.497509996224805073e+00 1.157920322960940940e+00 1.157920322960940940e+00 1.157920322960940940e+00 1.157920322960940940e+00 1.157920322960940940e+00 1.157920322960940940e+00
1.157920322960940940e+00 1.157920322960940940e+00 1.513175972072411613e+00 1.157920322960940940e+00 1.769981545660051392e+00 1.274140034657577161e+02 2.181006324171280042e+01 4.566274454807376770e+01 4.523932907710069173e+00 1.510622354878528917e+00 1.504415272839502604e+00 1.157920322960940940e+00 1.157920322960940940e+00 1.157920322960940940e+00 1.157920322960940940e+00 1.157920322960940940e+00 1.157920322960940940e+00 1.157920322960940940e+00
