2.643876126441328722e+01 2.832198683633539460e+01 3.501640803947893232e+01 4.242749369774529811e+01 4.242749369774529811e+01 4.837091425102148179e+01 5.529037100400068994e+01 6.288113480083945461e+01 7.313967952118437665e+01 7.535293590741065373e+01
2.643876126441328722e+01 2.849348304976240343e+01 3.213588581821038304e+01 3.793403125527217412e+01 4.216390064673616678e+01 4.895120844476738142e+01 5.679335703186259821e+01 6.640896628757268161e+01 7.535293590741065373e+01 7.892743409330564930e+01
2.802708416539971026e+01 3.295154975918914175e+01 3.675859430240583947e+01 4.055413083745903435e+01 4.895120844476738142e+01 5.707776783301081736e+01 6.640896628757268161e+01 7.535293590741065373e+01 7.892743409330564930e+01 8.043554578746810080e+01
3.650418578375030876e+01 4.437985028792306963e+01 4.791077241063040759e+01 5.457791104492788747e+01 5.707776783301081736e+01 6.640896628757268161e+01 7.535293590741065373e+01 8.454039993264018449e+01 8.454039993264018449e+01 8.043554578746810080e+01
4.791077241063040759e+01 5.457791104492788747e+01 5.707776783301081736e+01 6.640896628757268161e+01 7.535293590741065373e+01 7.892743409330564930e+01 8.454039993264018449e+01 8.454039993264018449e+01 8.454039993264018449e+01 7.929417003068942904e+01
6.640896628757268161e+01 6.800398604434840877e+01 7.535293590741065373e+01 7.535293590741065373e+01 8.454039993264018449e+01 8.454039993264018449e+01 8.454039993264018449e+01 0.000000000000000000e+00 8.454039993264018449e+01 8.043554578746810080e+01
7.535293590741065373e+01 7.892743409330564930e+01 8.454039993264018449e+01 8.454039993264018449e+01 8.454039993264018449e+01 8.454039993264018449e+01 8.454039993264018449e+01 0.000000000000000000e+00 0.000000000000000000e+00 7.428558351476463884e+01
7.892743409330564930e+01 8.454039993264018449e+01 0.000000000000000000e+00 0.000000000000000000e+00 8.043554578746810080e+01 8.043554578746810080e+01 8.043554578746810080e+01 0.000000000000000000e+00 0.000000000000000000e+00 7.892743409330564930e+01
8.043554578746810080e+01 8.454039993264018449e+01 0.000000000000000000e+00 0.000000000000000000e+00 8.454039993264018449e+01 7.892743409330564930e+01 8.454039993264018449e+01 0.000000000000000000e+00 0.000000000000000000e+00 7.892743409330564930e+01
8.043554578746810080e+01 8.043554578746810080e+01 8.454039993264018449e+01 8.043554578746810080e+01 8.043554578746810080e+01 8.043554578746810080e+01 8.454039993264018449e+01 8.454039993264018449e+01 8.454039993264018449e+01 7.792185499579454699e+01
