3.177275359359450935e+00 5.630797536748629817e+00 3.762252929956492409e+01 1.148979734505697508e+02 4.412241504445212570e+01 4.155942896937389719e+00 3.956295451799458629e+00 3.177275359359450935e+00 3.177275359359450935e+00 3.956295451799458629e+00
3.177275359359450935e+00 5.630797536748629817e+00 8.275857105109823308e+00 1.205035614849399082e+02 1.214912391346327496e+02 4.412241504445212570e+01 4.155942896937389719e+00 3.956295451799458629e+00 3.177275359359450935e+00 3.956295451799458629e+00
3.956295451799458629e+00 3.177275359359450935e+00 7.979669123090248561e+00 6.689269446832228994e+01 1.148979734505697508e+02 4.412241504445212570e+01 4.155942896937389719e+00 3.956295451799458629e+00 3.177275359359450935e+00 3.177275359359450935e+00
3.956295451799458629e+00 3.177275359359450935e+00 8.076018245912319315e+00 8.275857105109823308e+00 1.536020901515489072e+02 4.412241504445212570e+01 6.982935843713380386e+00 4.155942896937389719e+00 3.177275359359450935e+00 3.177275359359450935e+00
3.956295451799458629e+00 3.177275359359450935e+00 3.177275359359450935e+00 8.275857105109823308e+00 3.387975648404415097e+01 7.202151753173023963e+01 6.612226929161684197e+00 4.155942896937389719e+00 3.177275359359450935e+00 3.177275359359450935e+00
3.956295451799458629e+00 3.956295451799458629e+00 3.177275359359450935e+00 8.275857105109823308e+00 3.387975648404415097e+01 8.026896122251068633e+00 6.612226929161684197e+00 4.155942896937389719e+00 3.956295451799458629e+00 3.177275359359450935e+00
3.956295451799458629e+00 3.956295451799458629e+00 3.177275359359450935e+00 5.630797536748629817e+00 9.968215326692266842e+00 7.091069167663103023e+00 4.155942896937389719e+00 4.155942896937389719e+00 3.956295451799458629e+00 3.177275359359450935e+00
3.956295451799458629e+00 3.956295451799458629e+00 3.177275359359450935e+00 5.630797536748629817e+00 5.630797536748629817e+00 1.186226228550565587e+01 7.926427409250157652e+00 4.155942896937389719e+00 4.155942896937389719e+00 3.177275359359450935e+00
3.956295451799458629e+00 3.956295451799458629e+00 3.177275359359450935e+00 3.177275359359450935e+00 6.363247883737356503e+00 8.903342360003565048e+00 1.802566219567347616e+01 1.154169467480284084e+01 4.155942896937389719e+00 3.177275359359450935e+00
3.956295451799458629e+00 3.956295451799458629e+00 3.177275359359450935e+00 3.177275359359450935e+00 5.630797536748629817e+00 8.903342360003565048e+00 5.509412251108099845e+00 4.155942896937389719e+00 3.956295451799458629e+00 3.956295451799458629e+00
