3.949177211211237193e+01 4.598462738796721538e+01 5.637723399767792642e+01 6.327581077472469673e+01 6.483357858462684931e+01 6.877056858664337824e+01 6.877056858664337824e+01 6.582225749659527025e+01 6.163729158126645302e+01 5.298360623049540408e+01
3.949177211211237193e+01 4.953254344717092295e+01 5.637723399767792642e+01 6.327581077472469673e+01 6.877056858664337824e+01 6.877056858664337824e+01 6.877056858664337824e+01 6.582225749659527025e+01 5.745231651554235697e+01 5.090035076654235979e+01
3.949177211211237193e+01 4.953254344717092295e+01 5.637723399767792642e+01 6.327581077472469673e+01 6.801922842811798375e+01 6.877056858664337824e+01 6.728549890147610313e+01 6.582225749659527025e+01 5.615878644117872653e+01 4.595400692550550303e+01
3.949177211211237193e+01 4.328032804954315793e+01 5.359176254216327351e+01 6.327581077472469673e+01 7.284817161851879064e+01 7.428558351476463884e+01 6.887597656553022318e+01 6.163729158126645302e+01 5.298360623049540408e+01 4.452664907046445819e+01
2.832198683633539460e+01 4.328032804954315793e+01 5.359176254216327351e+01 6.667943961902011552e+01 7.284817161851879064e+01 7.428558351476463884e+01 7.428558351476463884e+01 6.163729158126645302e+01 5.270571359218902785e+01 4.129289108700424293e+01
2.832198683633539460e+01 3.949177211211237193e+01 5.359176254216327351e+01 6.288113480083945461e+01 6.974073995589128572e+01 7.428558351476463884e+01 7.428558351476463884e+01 6.163729158126645302e+01 5.090035076654235979e+01 3.576340550729420897e+01
2.832198683633539460e+01 3.949177211211237193e+01 4.953254344717092295e+01 6.327581077472469673e+01 6.974073995589128572e+01 7.428558351476463884e+01 7.428558351476463884e+01 6.163729158126645302e+01 5.090035076654235979e+01 3.576340550729420897e+01
2.849348304976240343e+01 3.949177211211237193e+01 4.953254344717092295e+01 5.931997948460833925e+01 6.974073995589128572e+01 6.974073995589128572e+01 7.196974371328023778e+01 6.163729158126645302e+01 5.298360623049540408e+01 3.874658520244108217e+01
2.849348304976240343e+01 3.949177211211237193e+01 4.953254344717092295e+01 5.637723399767792642e+01 6.564353102339994450e+01 6.974073995589128572e+01 6.764328335539418902e+01 6.163729158126645302e+01 5.298360623049540408e+01 3.874658520244108217e+01
3.190816883014549177e+01 3.949177211211237193e+01 4.598462738796721538e+01 5.529037100400068994e+01 5.982129517974098576e+01 6.295392839232867033e+01 6.320852849759850045e+01 5.745231651554235697e+01 5.298360623049540408e+01 4.300851173208216949e+01
