4.598462738796721538e+01 5.044459099028394178e+01 5.724128816944509168e+01 5.443190764864634446e+01 5.210347013811441741e+01 4.935407126445338122e+01 5.303174026258125906e+01 5.983935942821965881e+01 6.571612631399294457e+01 6.904522910770774047e+01
4.099090801428319963e+01 4.768305094507405073e+01 4.916275589205998386e+01 4.751990222912345274e+01 4.751990222912345274e+01 4.629209212473683266e+01 4.852978177939836257e+01 5.312710873500076048e+01 5.983935942821965881e+01 6.761936215667223848e+01
3.753582443348779663e+01 4.444035869134387440e+01 4.444035869134387440e+01 4.262511348523560173e+01 3.987573968105697730e+01 3.773165810350091220e+01 4.328032804954315793e+01 5.062639179472332529e+01 5.983935942821965881e+01 6.462765085035920265e+01
3.501640803947893232e+01 3.753582443348779663e+01 3.808368359648144974e+01 3.534674074542646593e+01 3.773165810350091220e+01 4.056008164349358935e+01 4.279243225523025274e+01 5.386058482488359545e+01 6.240974915557088565e+01 6.604587109729541794e+01
2.886252289711294239e+01 3.213588581821038304e+01 3.365060516314091643e+01 3.675859430240583947e+01 3.675859430240583947e+01 4.437985028792306963e+01 4.926472423719270211e+01 5.679335703186259821e+01 6.690269201499035034e+01 6.519977125138449026e+01
2.643876126441328722e+01 3.295154975918914175e+01 3.675859430240583947e+01 4.437985028792306963e+01 4.437985028792306963e+01 4.972271260708282625e+01 5.950774230969111045e+01 6.302611111661641985e+01 6.690269201499035034e+01 6.887597656553022318e+01
3.650418578375030876e+01 4.056008164349358935e+01 4.437985028792306963e+01 4.972271260708282625e+01 5.707776783301081736e+01 6.302611111661641985e+01 7.320703281790829919e+01 7.538220926504669706e+01 7.256364336977816265e+01 6.887597656553022318e+01
4.437985028792306963e+01 4.972271260708282625e+01 5.950774230969111045e+01 6.302611111661641985e+01 7.480429466250197379e+01 7.480429466250197379e+01 8.103338245649268856e+01 7.908292446731913117e+01 7.759849966168697222e+01 6.580576129025257615e+01
5.707776783301081736e+01 6.302611111661641985e+01 7.320703281790829919e+01 7.480429466250197379e+01 8.103338245649268856e+01 8.700395466342207840e+01 8.489936437425663485e+01 7.821882875528731915e+01 7.582603950195779419e+01 6.290929500243846206e+01
6.640896628757268161e+01 7.480429466250197379e+01 8.103338245649268856e+01 8.700395466342207840e+01 8.700395466342207840e+01 8.700395466342207840e+01 8.489936437425663485e+01 7.582603950195779419e+01 7.091652784586882774e+01 5.492869417867598258e+01
