3.189955985963911189e+01 4.097410477875879309e+01 5.062639179472332529e+01 5.755278183871813269e+01 6.614472876641262644e+01 7.748910944717529503e+01 7.977589048084999490e+01 8.593505420092559177e+01 8.760008460130012509e+01 7.790354878542174788e+01
3.652538072357931043e+01 4.560614542009162875e+01 5.678534227972696158e+01 6.302611111661641985e+01 7.168775158096744349e+01 7.913581871573069293e+01 8.593505420092559177e+01 9.643008966459998987e+01 8.839265845424102963e+01 8.599650987331669683e+01
4.408619068306227717e+01 5.386419415172145619e+01 6.302611111661641985e+01 7.028746168066054167e+01 8.119483869336890791e+01 8.593505420092559177e+01 9.643008966459998987e+01 9.643008966459998987e+01 9.643008966459998987e+01 8.873271887610258091e+01
5.234343373972423308e+01 5.921262549409607345e+01 7.168775158096744349e+01 8.119483869336890791e+01 8.593505420092559177e+01 9.643008966459998987e+01 9.643008966459998987e+01 9.643008966459998987e+01 9.643008966459998987e+01 8.839265845424102963e+01
5.501081044611999005e+01 6.614472876641262644e+01 7.748910944717529503e+01 8.593505420092559177e+01 8.722243663236142197e+01 9.643008966459998987e+01 9.643008966459998987e+01 9.643008966459998987e+01 9.643008966459998987e+01 8.839265845424102963e+01
5.538836241509459057e+01 6.553464159342773598e+01 7.771316065094015357e+01 7.969859921218467491e+01 8.794186680961166758e+01 8.794186680961166758e+01 9.047409571610327816e+01 9.643008966459998987e+01 9.643008966459998987e+01 8.873271887610258091e+01
5.434096315096154228e+01 6.289878527036153599e+01 6.900368517515327937e+01 7.006071894028127645e+01 7.600963728272279241e+01 7.969859921218467491e+01 8.794186680961166758e+01 8.794186680961166758e+01 9.047409571610327816e+01 8.322756873367997343e+01
4.566889378282073153e+01 5.179879803377374969e+01 5.520361975680860667e+01 6.004724196311334339e+01 6.900368517515327937e+01 6.900368517515327937e+01 7.771316065094015357e+01 8.794186680961166758e+01 8.685665192899125486e+01 8.322756873367997343e+01
3.873665459552748302e+01 4.243687878236597300e+01 4.935551573504687894e+01 5.303470979731734758e+01 5.881975280433248798e+01 6.569615763019923804e+01 7.224923860128529896e+01 7.948240482512039762e+01 8.205022568990600007e+01 7.820521717092665881e+01
4.055334105119729315e+01 4.223894598215321139e+01 4.894625616672124835e+01 5.241263480331394220e+01 5.921262549409607345e+01 6.614472876641262644e+01 7.748910944717529503e+01 7.977589048084999490e+01 7.926749503767102567e+01 6.888118262846363393e+01
