4.195194757836796740e+00 4.195194757836796740e+00 4.195194757836796740e+00 4.195194757836796740e+00 4.195194757836796740e+00 4.195194757836796740e+00 4.195194757836796740e+00 4.195194757836796740e+00 4.195194757836796740e+00 4.195194757836796740e+00
4.195194757836796740e+00 4.195194757836796740e+00 4.195194757836796740e+00 4.195194757836796740e+00 4.195194757836796740e+00 4.195194757836796740e+00 4.195194757836796740e+00 4.195194757836796740e+00 4.195194757836796740e+00 4.195194757836796740e+00
4.195194757836796740e+00 4.195194757836796740e+00 4.195194757836796740e+00 4.195194757836796740e+00 4.195194757836796740e+00 4.195194757836796740e+00 4.195194757836796740e+00 4.195194757836796740e+00 4.195194757836796740e+00 4.195194757836796740e+00
4.195194757836796740e+00 4.195194757836796740e+00 4.195194757836796740e+00 4.195194757836796740e+00 4.195194757836796740e+00 4.195194757836796740e+00 4.195194757836796740e+00 4.195194757836796740e+00 4.195194757836796740e+00 4.195194757836796740e+00
4.195194757836796740e+00 4.195194757836796740e+00 7.670153033709544488e+00 6.612226929161684197e+00 4.195194757836796740e+00 4.195194757836796740e+00 4.195194757836796740e+00 4.195194757836796740e+00 4.195194757836796740e+00 4.195194757836796740e+00
1.766352812909046222e+01 7.526414858871008917e+00 1.987706631729992424e+01 6.742942771021307458e+00 4.195194757836796740e+00 4.195194757836796740e+00 4.195194757836796740e+00 4.195194757836796740e+00 4.195194757836796740e+00 4.195194757836796740e+00
9.270430038948470397e+00 7.526414858871008917e+00 7.526414858871008917e+00 1.130748269242126547e+01 4.195194757836796740e+00 4.195194757836796740e+00 4.195194757836796740e+00 4.195194757836796740e+00 4.195194757836796740e+00 4.195194757836796740e+00
6.689269446832228994e+01 1.554410924403688057e+02 3.980766660212723451e+01 6.612226929161684197e+00 4.195194757836796740e+00 4.195194757836796740e+00 4.195194757836796740e+00 4.195194757836796740e+00 4.195194757836796740e+00 4.195194757836796740e+00
1.498846613519479263e+02 1.214912391346327496e+02 7.202151753173025384e+01 7.670153033709544488e+00 6.742942771021307458e+00 9.111991609793658853e+00 4.195194757836796740e+00 4.195194757836796740e+00 4.195194757836796740e+00 4.195194757836796740e+00
1.536020901515489072e+02 1.554410924403688057e+02 1.026348350201770074e+02 1.987706631729992424e+01 2.404753646520165589e+01 1.987706631729992424e+01 6.612226929161684197e+00 4.195194757836796740e+00 4.195194757836796740e+00 4.195194757836796740e+00
