4.195194757836796740e+00 4.195194757836796740e+00 4.195194757836796740e+00 4.195194757836796740e+00 4.195194757836796740e+00 4.195194757836796740e+00 4.195194757836796740e+00 4.195194757836796740e+00 4.195194757836796740e+00 4.195194757836796740e+00
4.195194757836796740e+00 4.195194757836796740e+00 4.195194757836796740e+00 4.195194757836796740e+00 4.195194757836796740e+00 4.195194757836796740e+00 4.195194757836796740e+00 4.195194757836796740e+00 4.195194757836796740e+00 4.195194757836796740e+00
4.195194757836796740e+00 4.195194757836796740e+00 4.195194757836796740e+00 4.195194757836796740e+00 4.195194757836796740e+00 4.195194757836796740e+00 4.195194757836796740e+00 4.195194757836796740e+00 4.195194757836796740e+00 4.195194757836796740e+00
4.195194757836796740e+00 4.195194757836796740e+00 4.195194757836796740e+00 4.195194757836796740e+00 4.195194757836796740e+00 4.195194757836796740e+00 4.195194757836796740e+00 4.195194757836796740e+00 4.195194757836796740e+00 5.509412251108099845e+00
4.195194757836796740e+00 4.195194757836796740e+00 4.195194757836796740e+00 4.195194757836796740e+00 4.195194757836796740e+00 4.195194757836796740e+00 4.195194757836796740e+00 4.195194757836796740e+00 4.195194757836796740e+00 4.195194757836796740e+00
4.195194757836796740e+00 4.195194757836796740e+00 4.195194757836796740e+00 4.195194757836796740e+00 4.195194757836796740e+00 4.195194757836796740e+00 4.195194757836796740e+00 4.195194757836796740e+00 4.195194757836796740e+00 4.195194757836796740e+00
4.195194757836796740e+00 4.195194757836796740e+00 4.195194757836796740e+00 4.195194757836796740e+00 4.195194757836796740e+00 4.195194757836796740e+00 4.195194757836796740e+00 4.195194757836796740e+00 4.195194757836796740e+00 4.195194757836796740e+00
4.195194757836796740e+00 4.195194757836796740e+00 4.195194757836796740e+00 4.195194757836796740e+00 4.195194757836796740e+00 4.195194757836796740e+00 4.195194757836796740e+00 4.195194757836796740e+00 4.195194757836796740e+00 4.195194757836796740e+00
4.195194757836796740e+00 4.195194757836796740e+00 4.195194757836796740e+00 4.195194757836796740e+00 4.195194757836796740e+00 4.195194757836796740e+00 4.195194757836796740e+00 4.195194757836796740e+00 4.195194757836796740e+00 4.195194757836796740e+00
4.195194757836796740e+00 4.195194757836796740e+00 4.195194757836796740e+00 4.195194757836796740e+00 4.195194757836796740e+00 4.195194757836796740e+00 4.195194757836796740e+00 4.195194757836796740e+00 4.195194757836796740e+00 4.195194757836796740e+00
