5.459209606501247691e+01 6.673103784261100202e+01 7.441002082900170933e+01 0.000000000000000000e+00 7.441002082900170933e+01 7.441002082900170933e+01 6.432099156510089699e+01 7.441002082900170933e+01 7.441002082900170933e+01 5.495438084129236245e+01
6.673103784261100202e+01 7.441002082900170933e+01 0.000000000000000000e+00 0.000000000000000000e+00 0.000000000000000000e+00 7.107190384064764999e+01 7.107190384064764999e+01 7.107190384064764999e+01 7.107190384064764999e+01 5.510145119566853822e+01
6.866954515819202243e+01 0.000000000000000000e+00 0.000000000000000000e+00 0.000000000000000000e+00 7.010611362833283522e+01 6.741689041226489110e+01 6.001630342531408502e+01 6.001630342531408502e+01 7.107190384064764999e+01 6.673103784261100202e+01
7.441002082900170933e+01 0.000000000000000000e+00 0.000000000000000000e+00 7.441002082900170933e+01 6.209943801252443762e+01 5.495438084129236245e+01 4.970228699441528875e+01 4.970228699441528875e+01 5.931997948460833925e+01 6.673103784261100202e+01
0.000000000000000000e+00 0.000000000000000000e+00 7.441002082900170933e+01 6.741689041226489110e+01 5.495438084129236245e+01 4.595400692550550303e+01 4.179144354525396921e+01 4.179144354525396921e+01 5.359176254216327351e+01 6.673103784261100202e+01
0.000000000000000000e+00 0.000000000000000000e+00 7.441002082900170933e+01 5.745231651554235697e+01 4.452664907046445819e+01 3.891379151651924673e+01 3.529292908304175569e+01 3.949177211211237193e+01 4.953254344717092295e+01 6.673103784261100202e+01
0.000000000000000000e+00 7.441002082900170933e+01 6.741689041226489110e+01 5.615878644117872653e+01 4.452664907046445819e+01 3.683603498618131766e+01 3.683603498618131766e+01 4.046784409385094250e+01 5.359176254216327351e+01 6.673103784261100202e+01
0.000000000000000000e+00 7.441002082900170933e+01 6.209943801252443762e+01 5.298360623049540408e+01 4.729567070322865163e+01 3.683603498618131766e+01 4.437985028792306963e+01 4.895120844476738142e+01 5.655904150368014172e+01 7.441002082900170933e+01
7.441002082900170933e+01 7.441002082900170933e+01 6.795991170395082293e+01 5.510145119566853822e+01 4.791077241063040759e+01 4.791077241063040759e+01 5.459209606501247691e+01 5.655904150368014172e+01 6.673103784261100202e+01 7.441002082900170933e+01
5.931997948460833925e+01 7.441002082900170933e+01 7.441002082900170933e+01 6.795991170395082293e+01 6.145473035954296392e+01 6.866954515819202243e+01 6.866954515819202243e+01 6.866954515819202243e+01 7.441002082900170933e+01 0.000000000000000000e+00
