2.293394806402699437e+00 2.293394806402699437e+00 3.177275359359450935e+00 3.177275359359450935e+00 3.956295451799458629e+00 2.293394806402699437e+00 2.293394806402699437e+00 2.293394806402699437e+00 2.293394806402699437e+00 2.293394806402699437e+00
2.293394806402699437e+00 3.177275359359450935e+00 3.177275359359450935e+00 1.302410731073974581e+01 7.526414858871008917e+00 7.526414858871008917e+00 2.293394806402699437e+00 2.293394806402699437e+00 2.293394806402699437e+00 2.293394806402699437e+00
2.293394806402699437e+00 3.177275359359450935e+00 5.630797536748629817e+00 1.186400712638915067e+01 1.186226228550565587e+01 1.859494902422319385e+01 2.293394806402699437e+00 2.293394806402699437e+00 2.293394806402699437e+00 2.293394806402699437e+00
2.293394806402699437e+00 3.177275359359450935e+00 6.042660951919264889e+00 5.630797536748629817e+00 1.186400712638915067e+01 1.154169467480284084e+01 2.293394806402699437e+00 2.293394806402699437e+00 2.293394806402699437e+00 2.293394806402699437e+00
2.293394806402699437e+00 2.293394806402699437e+00 3.177275359359450935e+00 2.293394806402699437e+00 2.293394806402699437e+00 2.293394806402699437e+00 2.293394806402699437e+00 2.293394806402699437e+00 2.293394806402699437e+00 2.293394806402699437e+00
2.293394806402699437e+00 2.293394806402699437e+00 2.293394806402699437e+00 2.293394806402699437e+00 2.293394806402699437e+00 2.293394806402699437e+00 2.293394806402699437e+00 2.293394806402699437e+00 2.293394806402699437e+00 2.293394806402699437e+00
2.293394806402699437e+00 2.293394806402699437e+00 2.293394806402699437e+00 2.293394806402699437e+00 2.293394806402699437e+00 2.293394806402699437e+00 2.293394806402699437e+00 2.293394806402699437e+00 2.293394806402699437e+00 2.293394806402699437e+00
2.293394806402699437e+00 2.293394806402699437e+00 2.293394806402699437e+00 2.293394806402699437e+00 2.293394806402699437e+00 2.293394806402699437e+00 2.293394806402699437e+00 2.293394806402699437e+00 2.293394806402699437e+00 2.293394806402699437e+00
2.293394806402699437e+00 2.293394806402699437e+00 2.293394806402699437e+00 2.293394806402699437e+00 2.293394806402699437e+00 2.293394806402699437e+00 2.293394806402699437e+00 2.293394806402699437e+00 2.293394806402699437e+00 2.293394806402699437e+00
2.293394806402699437e+00 2.293394806402699437e+00 2.293394806402699437e+00 2.293394806402699437e+00 2.293394806402699437e+00 2.293394806402699437e+00 2.293394806402699437e+00 2.293394806402699437e+00 2.293394806402699437e+00 2.293394806402699437e+00
