5.460928112610489649e+01 5.460928112610489649e+01 6.255081851592103703e+01 6.255081851592103703e+01 6.255081851592103703e+01 5.485145441078351070e+01 5.214378985421504353e+01 4.622365714369615830e+01 4.245841347520613596e+01 4.245841347520613596e+01
5.814939865985334677e+01 6.493599762040737744e+01 6.493599762040737744e+01 6.493599762040737744e+01 6.091984895163437130e+01 5.745750154335504334e+01 5.214378985421504353e+01 4.837007005016684502e+01 3.924599764712884564e+01 3.924599764712884564e+01
6.187963894096633766e+01 6.379058093904964721e+01 6.379058093904964721e+01 6.379058093904964721e+01 5.888197794661623874e+01 5.485145441078351070e+01 5.294728131566846230e+01 4.452664907046445819e+01 3.924599764712884564e+01 3.525221087059692593e+01
5.781336669141312967e+01 5.781336669141312967e+01 5.781336669141312967e+01 5.781336669141312967e+01 5.781336669141312967e+01 5.294728131566846230e+01 4.819525426449430938e+01 4.366371091403354399e+01 3.924599764712884564e+01 3.230267898123677384e+01
4.934492857741677341e+01 4.934492857741677341e+01 4.934492857741677341e+01 4.934492857741677341e+01 4.934492857741677341e+01 4.548226859606363348e+01 4.366371091403354399e+01 3.924599764712884564e+01 3.525221087059692593e+01 3.131721776511901467e+01
4.366371091403354399e+01 3.733310799381823131e+01 3.733310799381823131e+01 3.733310799381823131e+01 4.155316584238774880e+01 3.733310799381823131e+01 3.733310799381823131e+01 3.315189652557309330e+01 3.315189652557309330e+01 3.131721776511901467e+01
3.315189652557309330e+01 2.941600008554880574e+01 2.724040479239629065e+01 2.724040479239629065e+01 3.315189652557309330e+01 2.724040479239629065e+01 2.724040479239629065e+01 2.886682957684922002e+01 3.131721776511901467e+01 3.131721776511901467e+01
2.941600008554880574e+01 2.618277646221160282e+01 2.510586482433894773e+01 2.510586482433894773e+01 2.510586482433894773e+01 2.510586482433894773e+01 2.724040479239629065e+01 2.818721755461495349e+01 3.131721776511901467e+01 3.615704117441039500e+01
3.473628005705145938e+01 2.618277646221160282e+01 2.159770958224222070e+01 2.159770958224222070e+01 2.159770958224222070e+01 2.818721755461495349e+01 2.818721755461495349e+01 2.998377734302842512e+01 3.278969735124183416e+01 4.054268129353657457e+01
3.874658520244108217e+01 3.374337143395185734e+01 2.886682957684922002e+01 2.886682957684922002e+01 2.998377734302842512e+01 2.998377734302842512e+01 3.278969735124183416e+01 3.615704117441039500e+01 4.054268129353657457e+01 4.437985028792306963e+01
