2.149040596435023431e+01 2.149040596435023431e+01 3.022141936596464973e+01 3.949177211211237193e+01 4.866723621843496517e+01 5.656242472463321036e+01 6.488644396275314818e+01 6.306977301995087970e+01 4.995194387023703797e+01 4.373679014034755141e+01
2.149040596435023431e+01 2.149040596435023431e+01 3.022141936596464973e+01 4.072069563137446835e+01 4.898749648797081591e+01 6.488644396275314818e+01 6.488644396275314818e+01 5.884628928065210829e+01 5.091302884507005899e+01 3.473628005705145938e+01
2.149040596435023431e+01 2.818023181366680063e+01 3.661055479059055529e+01 4.314465136002937840e+01 5.656242472463321036e+01 6.488644396275314818e+01 6.375705456166664931e+01 5.745750154335504334e+01 4.837007005016684502e+01 3.473628005705145938e+01
2.149040596435023431e+01 3.022141936596464973e+01 3.661055479059055529e+01 4.314465136002937840e+01 5.656242472463321036e+01 6.488644396275314818e+01 6.306977301995087970e+01 5.614441962933356933e+01 4.595400692550550303e+01 3.473628005705145938e+01
2.149040596435023431e+01 3.022141936596464973e+01 3.949177211211237193e+01 4.866723621843496517e+01 5.656242472463321036e+01 6.488644396275314818e+01 6.306977301995087970e+01 5.496847635064580118e+01 4.452664907046445819e+01 3.230267898123677384e+01
2.149040596435023431e+01 3.022141936596464973e+01 3.949177211211237193e+01 4.866723621843496517e+01 5.656242472463321036e+01 6.488644396275314818e+01 5.884628928065210829e+01 4.995194387023703797e+01 3.473628005705145938e+01 2.577607401699435385e+01
2.149040596435023431e+01 3.022141936596464973e+01 4.072069563137446835e+01 5.239068472602259874e+01 6.488644396275314818e+01 6.488644396275314818e+01 5.745750154335504334e+01 4.995194387023703797e+01 3.473628005705145938e+01 2.577607401699435385e+01
2.149040596435023431e+01 3.276356026358070750e+01 4.314465136002937840e+01 5.656242472463321036e+01 6.488644396275314818e+01 6.306977301995087970e+01 5.745750154335504334e+01 4.595400692550550303e+01 3.473628005705145938e+01 2.577607401699435385e+01
2.818023181366680063e+01 3.661055479059055529e+01 4.314465136002937840e+01 5.656242472463321036e+01 6.488644396275314818e+01 6.306977301995087970e+01 5.745750154335504334e+01 4.373679014034755141e+01 3.473628005705145938e+01 2.149040596435023431e+01
3.022141936596464973e+01 3.949177211211237193e+01 5.239068472602259874e+01 5.656242472463321036e+01 6.488644396275314818e+01 6.306977301995087970e+01 4.995194387023703797e+01 4.452664907046445819e+01 3.230267898123677384e+01 2.149040596435023431e+01
