3.956295451799458629e+00 3.956295451799458629e+00 3.956295451799458629e+00 3.956295451799458629e+00 3.956295451799458629e+00 3.177275359359450935e+00 3.177275359359450935e+00 3.177275359359450935e+00 4.104709535395985931e+00 3.177275359359450935e+00
3.956295451799458629e+00 3.956295451799458629e+00 3.956295451799458629e+00 3.956295451799458629e+00 3.956295451799458629e+00 3.177275359359450935e+00 3.177275359359450935e+00 3.177275359359450935e+00 3.177275359359450935e+00 3.956295451799458629e+00
3.956295451799458629e+00 3.956295451799458629e+00 3.956295451799458629e+00 3.956295451799458629e+00 3.956295451799458629e+00 3.177275359359450935e+00 3.177275359359450935e+00 3.956295451799458629e+00 3.956295451799458629e+00 3.956295451799458629e+00
3.956295451799458629e+00 3.956295451799458629e+00 3.956295451799458629e+00 3.956295451799458629e+00 3.956295451799458629e+00 3.956295451799458629e+00 3.956295451799458629e+00 3.956295451799458629e+00 3.956295451799458629e+00 3.956295451799458629e+00
3.956295451799458629e+00 3.177275359359450935e+00 3.177275359359450935e+00 3.177275359359450935e+00 3.177275359359450935e+00 3.956295451799458629e+00 3.956295451799458629e+00 3.956295451799458629e+00 3.956295451799458629e+00 3.956295451799458629e+00
3.177275359359450935e+00 3.177275359359450935e+00 3.177275359359450935e+00 3.177275359359450935e+00 3.956295451799458629e+00 3.956295451799458629e+00 3.956295451799458629e+00 3.956295451799458629e+00 3.956295451799458629e+00 3.956295451799458629e+00
3.177275359359450935e+00 3.177275359359450935e+00 3.177275359359450935e+00 3.177275359359450935e+00 3.956295451799458629e+00 3.956295451799458629e+00 3.956295451799458629e+00 3.956295451799458629e+00 3.956295451799458629e+00 3.956295451799458629e+00
3.177275359359450935e+00 3.177275359359450935e+00 3.177275359359450935e+00 3.956295451799458629e+00 3.956295451799458629e+00 3.956295451799458629e+00 3.956295451799458629e+00 3.956295451799458629e+00 3.956295451799458629e+00 3.956295451799458629e+00
3.956295451799458629e+00 3.956295451799458629e+00 3.956295451799458629e+00 3.956295451799458629e+00 3.956295451799458629e+00 3.956295451799458629e+00 3.956295451799458629e+00 3.956295451799458629e+00 3.956295451799458629e+00 3.956295451799458629e+00
2.404753646520165589e+01 4.155942896937389719e+00 4.155942896937389719e+00 3.956295451799458629e+00 3.956295451799458629e+00 3.956295451799458629e+00 3.956295451799458629e+00 3.956295451799458629e+00 3.956295451799458629e+00 3.956295451799458629e+00
