8.429388019218528427e+00 6.689269446832228994e+01 5.981822309669626492e+01 4.155942896937389719e+00 4.155942896937389719e+00 3.956295451799458629e+00 3.956295451799458629e+00 3.956295451799458629e+00 3.956295451799458629e+00 3.956295451799458629e+00
7.979669123090248561e+00 6.689269446832228994e+01 1.859494902422319385e+01 4.155942896937389719e+00 7.526414858871008917e+00 4.195194757836796740e+00 3.956295451799458629e+00 3.956295451799458629e+00 3.956295451799458629e+00 3.956295451799458629e+00
4.195194757836796740e+00 8.059555835160084669e+00 5.188634194896780372e+01 9.111991609793658853e+00 9.020802252200697069e+01 4.155942896937389719e+00 3.956295451799458629e+00 6.982935843713380386e+00 4.155942896937389719e+00 4.155942896937389719e+00
4.195194757836796740e+00 4.195194757836796740e+00 3.387975648404415097e+01 6.689269446832228994e+01 1.436854125122094956e+02 1.550682003918228133e+02 9.020802252200697069e+01 4.155942896937389719e+00 4.155942896937389719e+00 4.155942896937389719e+00
3.956295451799458629e+00 4.195194757836796740e+00 7.979669123090248561e+00 6.689269446832228994e+01 1.436854125122094956e+02 1.539600016778493625e+02 1.554410924403688057e+02 1.550682003918228133e+02 1.554410924403688057e+02 7.526414858871008917e+00
3.956295451799458629e+00 4.195194757836796740e+00 8.076018245912319315e+00 3.387975648404415097e+01 1.205035614849399082e+02 1.436854125122094956e+02 1.554410924403688057e+02 1.554410924403688057e+02 1.554410924403688057e+02 4.155942896937389719e+00
3.956295451799458629e+00 4.195194757836796740e+00 4.195194757836796740e+00 3.387975648404415097e+01 6.689269446832228994e+01 1.148979734505697508e+02 1.539600016778493625e+02 1.379826289940272090e+02 1.123125500910233114e+02 3.047361765795424304e+01
3.956295451799458629e+00 4.195194757836796740e+00 3.956295451799458629e+00 3.239412021113544426e+01 6.689269446832228994e+01 1.267933883327166171e+02 1.007925967668980860e+02 2.304437567391806496e+01 8.903342360003565048e+00 8.059555835160084669e+00
3.956295451799458629e+00 4.195194757836796740e+00 1.766352812909046222e+01 3.239412021113544426e+01 6.689269446832228994e+01 5.981822309669626492e+01 6.612226929161684197e+00 4.195194757836796740e+00 7.979669123090248561e+00 4.195194757836796740e+00
3.956295451799458629e+00 4.195194757836796740e+00 8.429388019218528427e+00 9.020802252200697069e+01 1.290575861768336097e+02 7.202151753173023963e+01 6.982935843713380386e+00 6.192511016041605032e+00 4.195194757836796740e+00 4.195194757836796740e+00
