3.956295451799458629e+00 3.956295451799458629e+00 3.956295451799458629e+00 3.956295451799458629e+00 3.956295451799458629e+00 3.956295451799458629e+00 3.956295451799458629e+00 3.956295451799458629e+00 3.956295451799458629e+00 3.956295451799458629e+00
3.956295451799458629e+00 3.956295451799458629e+00 3.956295451799458629e+00 3.956295451799458629e+00 3.956295451799458629e+00 3.956295451799458629e+00 3.956295451799458629e+00 3.956295451799458629e+00 3.956295451799458629e+00 3.956295451799458629e+00
3.956295451799458629e+00 3.956295451799458629e+00 3.956295451799458629e+00 3.956295451799458629e+00 3.956295451799458629e+00 3.956295451799458629e+00 3.956295451799458629e+00 3.956295451799458629e+00 3.956295451799458629e+00 3.956295451799458629e+00
3.956295451799458629e+00 3.956295451799458629e+00 3.956295451799458629e+00 3.956295451799458629e+00 3.956295451799458629e+00 3.956295451799458629e+00 3.956295451799458629e+00 3.956295451799458629e+00 3.956295451799458629e+00 3.956295451799458629e+00
4.155942896937389719e+00 3.956295451799458629e+00 3.956295451799458629e+00 3.956295451799458629e+00 3.956295451799458629e+00 3.956295451799458629e+00 3.956295451799458629e+00 3.956295451799458629e+00 3.956295451799458629e+00 3.956295451799458629e+00
3.956295451799458629e+00 3.956295451799458629e+00 3.956295451799458629e+00 3.956295451799458629e+00 3.956295451799458629e+00 3.956295451799458629e+00 3.956295451799458629e+00 3.956295451799458629e+00 3.956295451799458629e+00 3.956295451799458629e+00
3.956295451799458629e+00 3.956295451799458629e+00 3.956295451799458629e+00 3.956295451799458629e+00 3.956295451799458629e+00 3.956295451799458629e+00 3.956295451799458629e+00 3.956295451799458629e+00 3.956295451799458629e+00 3.956295451799458629e+00
3.956295451799458629e+00 3.956295451799458629e+00 3.956295451799458629e+00 3.956295451799458629e+00 3.956295451799458629e+00 3.956295451799458629e+00 3.956295451799458629e+00 3.956295451799458629e+00 3.956295451799458629e+00 3.956295451799458629e+00
3.956295451799458629e+00 3.956295451799458629e+00 3.956295451799458629e+00 3.956295451799458629e+00 3.956295451799458629e+00 3.956295451799458629e+00 3.956295451799458629e+00 3.956295451799458629e+00 3.956295451799458629e+00 3.956295451799458629e+00
3.956295451799458629e+00 3.956295451799458629e+00 3.956295451799458629e+00 3.956295451799458629e+00 3.956295451799458629e+00 3.956295451799458629e+00 3.956295451799458629e+00 3.956295451799458629e+00 3.956295451799458629e+00 3.956295451799458629e+00
