3.688148016598581336e+01 4.255532919236009093e+01 4.255532919236009093e+01 4.815094751407784202e+01 4.255532919236009093e+01 4.887551113236199285e+01 5.200570736607669886e+01 5.633905213412673163e+01 5.304413788238486660e+01 5.304413788238486660e+01
4.255532919236009093e+01 4.887551113236199285e+01 5.633905213412673163e+01 5.578816000576451017e+01 5.414411810328443408e+01 5.304413788238486660e+01 5.633905213412673163e+01 5.633905213412673163e+01 5.462303385802998434e+01 4.815094751407784202e+01
4.887551113236199285e+01 5.633905213412673163e+01 6.490550212040164979e+01 6.490550212040164979e+01 6.490550212040164979e+01 6.490550212040164979e+01 6.490550212040164979e+01 6.490550212040164979e+01 5.414411810328443408e+01 4.815094751407784202e+01
5.200570736607669886e+01 6.490550212040164979e+01 6.490550212040164979e+01 6.490550212040164979e+01 6.490550212040164979e+01 6.490550212040164979e+01 6.490550212040164979e+01 6.490550212040164979e+01 6.218486402314600525e+01 4.815094751407784202e+01
6.012955020355460078e+01 6.490550212040164979e+01 6.852569491835215842e+01 6.852569491835215842e+01 6.852569491835215842e+01 6.852569491835215842e+01 6.852569491835215842e+01 6.852569491835215842e+01 6.218486402314600525e+01 4.815094751407784202e+01
6.012955020355460078e+01 6.310383235219915576e+01 6.852569491835215842e+01 6.852569491835215842e+01 0.000000000000000000e+00 0.000000000000000000e+00 0.000000000000000000e+00 6.852569491835215842e+01 6.218486402314600525e+01 4.815094751407784202e+01
5.364655108398698502e+01 5.909685547981850107e+01 6.310383235219915576e+01 6.852569491835215842e+01 6.852569491835215842e+01 0.000000000000000000e+00 0.000000000000000000e+00 6.852569491835215842e+01 6.218486402314600525e+01 4.815094751407784202e+01
4.723568171941561644e+01 4.970088972005061834e+01 5.909685547981850107e+01 6.310383235219915576e+01 6.852569491835215842e+01 6.852569491835215842e+01 6.852569491835215842e+01 6.402453505058460337e+01 5.512998521302452559e+01 4.445408248561059850e+01
3.734306567364478724e+01 3.734306567364478724e+01 4.723568171941561644e+01 4.970088972005061834e+01 5.909685547981850107e+01 6.852569491835215842e+01 6.852569491835215842e+01 6.218486402314600525e+01 4.815094751407784202e+01 3.516479349651264386e+01
2.938588072539310403e+01 2.938588072539310403e+01 3.734306567364478724e+01 4.970088972005061834e+01 5.364655108398698502e+01 6.310383235219915576e+01 6.402453505058460337e+01 5.414411810328443408e+01 4.815094751407784202e+01 3.516479349651264386e+01
