6.689269446832228994e+01 3.237562913447355584e+01 1.154169467480284084e+01 1.154169467480284084e+01 7.979669123090248561e+00 7.979669123090248561e+00 7.979669123090248561e+00 7.979669123090248561e+00 1.175173089602300358e+01 1.186400712638915067e+01
1.553556597256591765e+01 6.612226929161684197e+00 6.612226929161684197e+00 1.154169467480284084e+01 3.956295451799458629e+00 3.956295451799458629e+00 3.956295451799458629e+00 3.956295451799458629e+00 3.177275359359450935e+00 5.630797536748629817e+00
6.612226929161684197e+00 1.879093574131375632e+01 1.154169467480284084e+01 3.956295451799458629e+00 3.956295451799458629e+00 3.956295451799458629e+00 3.956295451799458629e+00 3.956295451799458629e+00 3.956295451799458629e+00 3.177275359359450935e+00
6.612226929161684197e+00 1.154169467480284084e+01 3.956295451799458629e+00 3.956295451799458629e+00 3.956295451799458629e+00 3.956295451799458629e+00 3.956295451799458629e+00 3.956295451799458629e+00 3.956295451799458629e+00 3.956295451799458629e+00
1.154169467480284084e+01 3.956295451799458629e+00 3.956295451799458629e+00 3.956295451799458629e+00 3.956295451799458629e+00 3.956295451799458629e+00 3.956295451799458629e+00 3.956295451799458629e+00 3.956295451799458629e+00 3.956295451799458629e+00
3.956295451799458629e+00 3.956295451799458629e+00 3.956295451799458629e+00 3.956295451799458629e+00 3.956295451799458629e+00 3.956295451799458629e+00 3.956295451799458629e+00 3.956295451799458629e+00 3.177275359359450935e+00 3.177275359359450935e+00
3.956295451799458629e+00 3.956295451799458629e+00 3.956295451799458629e+00 3.956295451799458629e+00 3.956295451799458629e+00 3.956295451799458629e+00 3.956295451799458629e+00 3.177275359359450935e+00 3.177275359359450935e+00 3.177275359359450935e+00
3.177275359359450935e+00 3.177275359359450935e+00 3.177275359359450935e+00 3.177275359359450935e+00 3.177275359359450935e+00 3.177275359359450935e+00 3.177275359359450935e+00 3.177275359359450935e+00 3.177275359359450935e+00 3.177275359359450935e+00
3.177275359359450935e+00 3.177275359359450935e+00 3.956295451799458629e+00 3.177275359359450935e+00 3.956295451799458629e+00 3.177275359359450935e+00 3.177275359359450935e+00 3.177275359359450935e+00 3.177275359359450935e+00 3.956295451799458629e+00
3.956295451799458629e+00 3.956295451799458629e+00 3.769874586715533127e+01 7.526414858871008917e+00 4.155942896937389719e+00 3.956295451799458629e+00 3.956295451799458629e+00 3.956295451799458629e+00 5.630797536748629817e+00 5.630797536748629817e+00
