3.163789803770134057e+01 4.046960335585320223e+01 4.403718587916446836e+01 4.726996008242369385e+01 4.477503489865720354e+01 4.477503489865720354e+01 4.477503489865720354e+01 4.477503489865720354e+01 4.403718587916446836e+01 4.726996008242369385e+01
4.046960335585320223e+01 4.403718587916446836e+01 5.059138949183305556e+01 5.015715006641951845e+01 4.726996008242369385e+01 4.477503489865720354e+01 4.477503489865720354e+01 4.403718587916446836e+01 5.015715006641951845e+01 4.477503489865720354e+01
3.949177211211237193e+01 5.059138949183305556e+01 5.248609058591597432e+01 5.015715006641951845e+01 4.726996008242369385e+01 4.726996008242369385e+01 4.403718587916446836e+01 5.059138949183305556e+01 5.015715006641951845e+01 4.567697965390680537e+01
4.099036492712318847e+01 5.059138949183305556e+01 5.248609058591597432e+01 5.474852798027466605e+01 5.474852798027466605e+01 5.474852798027466605e+01 5.474852798027466605e+01 5.474852798027466605e+01 5.015715006641951845e+01 4.567697965390680537e+01
4.099036492712318847e+01 4.667973290771325168e+01 5.557252762503659937e+01 5.810580734730639563e+01 5.474852798027466605e+01 5.474852798027466605e+01 5.474852798027466605e+01 5.474852798027466605e+01 5.171712772140099901e+01 4.452664907046445819e+01
3.799783738292647683e+01 4.667973290771325168e+01 5.153973460225545722e+01 5.856510140328888525e+01 6.220403542809625463e+01 6.091984895163437130e+01 6.091984895163437130e+01 5.888197794661623874e+01 5.116329253805409394e+01 4.300851173208216949e+01
3.502187119227703960e+01 4.099036492712318847e+01 5.153973460225545722e+01 5.836569665342628355e+01 6.220403542809625463e+01 6.091984895163437130e+01 5.888197794661623874e+01 5.745231651554235697e+01 4.617623668416121063e+01 3.967569096150409536e+01
2.832839076994265071e+01 3.502187119227703960e+01 4.667973290771325168e+01 5.557252762503659937e+01 5.856510140328888525e+01 6.023227868832194076e+01 5.745231651554235697e+01 5.116329253805409394e+01 4.452664907046445819e+01 3.576340550729420897e+01
2.832839076994265071e+01 3.502187119227703960e+01 4.099036492712318847e+01 5.153973460225545722e+01 5.725205908386435993e+01 5.781336669141312967e+01 5.437443377111026876e+01 4.617623668416121063e+01 3.810023671154165470e+01 2.951947861715629884e+01
2.849348304976240343e+01 3.163789803770134057e+01 3.949177211211237193e+01 4.667973290771325168e+01 5.153973460225545722e+01 4.918538999091287423e+01 4.617623668416121063e+01 3.810023671154165470e+01 3.315189652557309330e+01 2.951947861715629884e+01
