6.335476470589828324e+00 6.335476470589828324e+00 6.335476470589828324e+00 7.670153033709544488e+00 7.320638128810600165e+00 6.335476470589828324e+00 6.335476470589828324e+00 6.335476470589828324e+00 6.335476470589828324e+00 6.335476470589828324e+00
6.335476470589828324e+00 6.335476470589828324e+00 7.670153033709544488e+00 7.670153033709544488e+00 6.335476470589828324e+00 6.335476470589828324e+00 6.335476470589828324e+00 6.335476470589828324e+00 6.335476470589828324e+00 6.335476470589828324e+00
6.335476470589828324e+00 6.335476470589828324e+00 6.335476470589828324e+00 6.335476470589828324e+00 6.335476470589828324e+00 6.335476470589828324e+00 6.335476470589828324e+00 6.335476470589828324e+00 6.335476470589828324e+00 6.335476470589828324e+00
6.335476470589828324e+00 6.335476470589828324e+00 6.335476470589828324e+00 6.335476470589828324e+00 6.335476470589828324e+00 6.335476470589828324e+00 6.335476470589828324e+00 6.335476470589828324e+00 6.335476470589828324e+00 6.335476470589828324e+00
6.335476470589828324e+00 6.335476470589828324e+00 6.335476470589828324e+00 6.335476470589828324e+00 6.335476470589828324e+00 6.335476470589828324e+00 6.335476470589828324e+00 6.335476470589828324e+00 6.335476470589828324e+00 6.335476470589828324e+00
6.335476470589828324e+00 6.335476470589828324e+00 6.335476470589828324e+00 6.335476470589828324e+00 6.335476470589828324e+00 6.335476470589828324e+00 6.335476470589828324e+00 6.335476470589828324e+00 6.335476470589828324e+00 6.335476470589828324e+00
6.335476470589828324e+00 6.335476470589828324e+00 6.335476470589828324e+00 6.335476470589828324e+00 6.335476470589828324e+00 6.335476470589828324e+00 6.335476470589828324e+00 6.335476470589828324e+00 6.335476470589828324e+00 6.335476470589828324e+00
6.335476470589828324e+00 6.335476470589828324e+00 6.335476470589828324e+00 6.335476470589828324e+00 6.335476470589828324e+00 6.335476470589828324e+00 6.335476470589828324e+00 6.335476470589828324e+00 6.335476470589828324e+00 6.335476470589828324e+00
6.335476470589828324e+00 6.335476470589828324e+00 6.335476470589828324e+00 6.335476470589828324e+00 6.335476470589828324e+00 6.335476470589828324e+00 6.335476470589828324e+00 6.335476470589828324e+00 6.335476470589828324e+00 6.335476470589828324e+00
6.335476470589828324e+00 6.335476470589828324e+00 6.335476470589828324e+00 6.335476470589828324e+00 6.335476470589828324e+00 6.335476470589828324e+00 6.335476470589828324e+00 6.335476470589828324e+00 6.335476470589828324e+00 6.335476470589828324e+00
