7.470078349734468937e+00 6.803103902763655064e+00 7.470078349734468937e+00 6.803103902763655064e+00 6.803103902763655064e+00 6.335476470589828324e+00 7.470078349734468937e+00 7.688372710153622336e+00 9.424243053613826859e+00 1.915839602825552035e+01
6.335476470589828324e+00 6.335476470589828324e+00 6.335476470589828324e+00 6.335476470589828324e+00 6.335476470589828324e+00 6.335476470589828324e+00 6.335476470589828324e+00 7.470078349734468937e+00 1.399742621724690750e+01 1.019435293483362699e+02
6.335476470589828324e+00 6.335476470589828324e+00 6.335476470589828324e+00 6.335476470589828324e+00 6.335476470589828324e+00 6.335476470589828324e+00 6.335476470589828324e+00 6.335476470589828324e+00 1.399742621724690750e+01 1.019435293483362699e+02
6.335476470589828324e+00 6.335476470589828324e+00 6.335476470589828324e+00 6.335476470589828324e+00 6.335476470589828324e+00 6.335476470589828324e+00 6.335476470589828324e+00 7.688372710153622336e+00 1.399742621724690750e+01 1.019435293483362699e+02
7.470078349734468937e+00 6.335476470589828324e+00 6.335476470589828324e+00 6.335476470589828324e+00 6.803103902763655064e+00 6.803103902763655064e+00 7.688372710153622336e+00 7.470078349734468937e+00 1.915839602825552035e+01 1.483426513448484627e+02
1.031247496843833567e+01 1.459954885016880155e+01 1.459954885016880155e+01 1.459954885016880155e+01 1.459954885016880155e+01 1.459954885016880155e+01 1.459954885016880155e+01 6.335476470589828324e+00 1.483426513448484627e+02 1.510519213832725427e+02
1.459954885016880155e+01 1.290575861768336097e+02 8.976016822826794339e+01 1.290575861768336097e+02 1.290575861768336097e+02 1.290575861768336097e+02 1.290575861768336097e+02 1.418407378185015943e+02 1.510519213832725427e+02 1.516581570796254823e+02
1.418407378185015943e+02 1.231200505458436965e+02 1.231200505458436965e+02 1.231200505458436965e+02 1.231200505458436965e+02 1.231200505458436965e+02 1.231200505458436965e+02 1.516581570796254823e+02 1.516581570796254823e+02 7.648358233641788217e+01
1.516581570796254823e+02 1.516581570796254823e+02 1.516581570796254823e+02 1.516581570796254823e+02 1.516581570796254823e+02 1.516581570796254823e+02 1.430820886639980074e+02 5.188634194896780372e+01 7.648358233641788217e+01 1.062750346967908754e+01
1.516581570796254823e+02 1.379826289940272090e+02 1.379826289940272090e+02 1.379826289940272090e+02 1.430820886639980074e+02 7.648358233641788217e+01 1.064291695968121410e+01 1.062750346967908754e+01 7.226540191997708362e+00 7.470078349734468937e+00
