6.488644396275314818e+01 6.726733447196471616e+01 7.342708132628627027e+01 7.342708132628627027e+01 6.379802569702040671e+01 6.379802569702040671e+01 7.342708132628627027e+01 7.342708132628627027e+01 7.342708132628627027e+01 7.342708132628627027e+01
6.726733447196471616e+01 6.306977301995087970e+01 6.306977301995087970e+01 5.884628928065210829e+01 5.518279547587601996e+01 5.518279547587601996e+01 5.518279547587601996e+01 5.518279547587601996e+01 5.518279547587601996e+01 5.984556406151038033e+01
6.379802569702040671e+01 6.306977301995087970e+01 5.884628928065210829e+01 4.918538999091287423e+01 4.454675098925705612e+01 3.919901708923740813e+01 3.919901708923740813e+01 4.713066725878569230e+01 4.713066725878569230e+01 4.713066725878569230e+01
6.306977301995087970e+01 5.884628928065210829e+01 4.454675098925705612e+01 3.919901708923740813e+01 3.493798795309548666e+01 3.493798795309548666e+01 2.826584115049603696e+01 2.826584115049603696e+01 3.718743323279029767e+01 3.953183019609732440e+01
5.745750154335504334e+01 4.819403129402767405e+01 3.919901708923740813e+01 2.688246015726140925e+01 2.497855646491485260e+01 2.497855646491485260e+01 2.116078147073498883e+01 2.497855646491485260e+01 2.826584115049603696e+01 3.953183019609732440e+01
4.819403129402767405e+01 4.373679014034755141e+01 3.230267898123677384e+01 2.116078147073498883e+01 2.116078147073498883e+01 2.116078147073498883e+01 2.116078147073498883e+01 2.116078147073498883e+01 3.284123286492973648e+01 4.085992893503107837e+01
4.819403129402767405e+01 3.230267898123677384e+01 2.497855646491485260e+01 2.116078147073498883e+01 2.116078147073498883e+01 2.116078147073498883e+01 2.116078147073498883e+01 3.284123286492973648e+01 4.085992893503107837e+01 4.431257315689364162e+01
4.819403129402767405e+01 3.377277524872904735e+01 3.230267898123677384e+01 2.116078147073498883e+01 2.116078147073498883e+01 3.073012576158043885e+01 3.284123286492973648e+01 4.085992893503107837e+01 4.431257315689364162e+01 5.656242472463321036e+01
4.819403129402767405e+01 3.841936939450917521e+01 3.377277524872904735e+01 3.377277524872904735e+01 3.377277524872904735e+01 4.085992893503107837e+01 4.085992893503107837e+01 4.596178790344392695e+01 5.656242472463321036e+01 6.488644396275314818e+01
4.995194387023703797e+01 4.685041365801668434e+01 4.596178790344392695e+01 4.596178790344392695e+01 4.596178790344392695e+01 4.596178790344392695e+01 5.656242472463321036e+01 5.656242472463321036e+01 6.488644396275314818e+01 7.342708132628627027e+01
