7.753092224238056929e+01 8.424039407649239308e+01 8.190909047442306701e+01 7.516939305616371314e+01 7.199388249214723601e+01 6.738930542209820374e+01 6.738930542209820374e+01 6.761936215667223848e+01 7.105498643491563371e+01 7.327889972475571767e+01
8.291026992002151985e+01 8.424039407649239308e+01 8.190909047442306701e+01 7.439786048688922904e+01 6.915460116408669933e+01 6.604498023487037983e+01 6.816050790413933669e+01 6.816050790413933669e+01 7.327889972475571767e+01 7.597885116913192860e+01
8.343463657982745474e+01 8.765169219434055492e+01 8.599650987331669683e+01 8.035220353111380120e+01 7.423497039684644960e+01 7.545858192826919719e+01 7.480429466250197379e+01 7.545858192826919719e+01 7.545858192826919719e+01 8.035220353111380120e+01
8.794186680961166758e+01 8.849281716203013559e+01 9.188113321625547769e+01 8.765169219434055492e+01 8.599650987331669683e+01 8.100309098682060949e+01 8.100309098682060949e+01 8.765169219434055492e+01 8.599650987331669683e+01 8.035220353111380120e+01
8.794186680961166758e+01 9.188113321625547769e+01 0.000000000000000000e+00 0.000000000000000000e+00 0.000000000000000000e+00 0.000000000000000000e+00 0.000000000000000000e+00 9.188113321625547769e+01 9.188113321625547769e+01 8.599650987331669683e+01
8.291026992002151985e+01 9.188113321625547769e+01 0.000000000000000000e+00 0.000000000000000000e+00 0.000000000000000000e+00 0.000000000000000000e+00 0.000000000000000000e+00 0.000000000000000000e+00 9.188113321625547769e+01 8.599650987331669683e+01
7.839115457967135114e+01 8.849281716203013559e+01 0.000000000000000000e+00 0.000000000000000000e+00 0.000000000000000000e+00 0.000000000000000000e+00 0.000000000000000000e+00 0.000000000000000000e+00 9.188113321625547769e+01 8.765169219434055492e+01
7.839115457967135114e+01 8.794186680961166758e+01 9.188113321625547769e+01 9.188113321625547769e+01 8.794186680961166758e+01 9.188113321625547769e+01 9.188113321625547769e+01 9.188113321625547769e+01 9.188113321625547769e+01 8.599650987331669683e+01
7.839115457967135114e+01 8.550147837577743815e+01 8.190909047442306701e+01 8.155943931712288020e+01 7.969859921218467491e+01 7.969859921218467491e+01 7.969859921218467491e+01 8.794186680961166758e+01 8.794186680961166758e+01 8.599650987331669683e+01
7.839115457967135114e+01 8.155943931712288020e+01 7.897840409409784002e+01 7.199388249214723601e+01 7.006071894028127645e+01 7.006071894028127645e+01 7.158389926122784175e+01 7.969859921218467491e+01 7.969859921218467491e+01 8.155943931712288020e+01
