6.968020491194946153e+00 6.968020491194946153e+00 6.968020491194946153e+00 5.509412251108099845e+00 5.509412251108099845e+00 5.509412251108099845e+00 6.968020491194946153e+00 8.881977607634180316e+00 1.879093574131375632e+01 7.809722176826775275e+00
6.968020491194946153e+00 6.968020491194946153e+00 6.968020491194946153e+00 5.509412251108099845e+00 5.509412251108099845e+00 6.612923751212817614e+00 8.429388019218528427e+00 9.861645969917193000e+00 1.726124918251168694e+01 1.726124918251168694e+01
8.881977607634180316e+00 5.509412251108099845e+00 6.612923751212817614e+00 6.968020491194946153e+00 5.509412251108099845e+00 6.968020491194946153e+00 1.766352812909046222e+01 7.526414858871008917e+00 7.926427409250157652e+00 1.726124918251168694e+01
2.404753646520165589e+01 7.526414858871008917e+00 7.269368390588820006e+00 6.968020491194946153e+00 5.509412251108099845e+00 8.429388019218528427e+00 8.881977607634180316e+00 1.289033990471037328e+01 1.802566219567347616e+01 5.509412251108099845e+00
7.526414858871008917e+00 7.526414858871008917e+00 7.526414858871008917e+00 6.968020491194946153e+00 5.509412251108099845e+00 8.059555835160084669e+00 1.186400712638915067e+01 1.726124918251168694e+01 5.509412251108099845e+00 5.509412251108099845e+00
3.980766660212723451e+01 1.726124918251168694e+01 7.269368390588820006e+00 6.968020491194946153e+00 5.509412251108099845e+00 7.670153033709544488e+00 1.802566219567347616e+01 5.509412251108099845e+00 5.509412251108099845e+00 5.509412251108099845e+00
1.186226228550565587e+01 1.879093574131375632e+01 5.509412251108099845e+00 6.968020491194946153e+00 5.509412251108099845e+00 6.612923751212817614e+00 5.509412251108099845e+00 5.509412251108099845e+00 5.509412251108099845e+00 6.968020491194946153e+00
1.186400712638915067e+01 1.186400712638915067e+01 5.509412251108099845e+00 6.968020491194946153e+00 5.509412251108099845e+00 5.509412251108099845e+00 5.509412251108099845e+00 5.509412251108099845e+00 5.509412251108099845e+00 6.968020491194946153e+00
5.509412251108099845e+00 6.968020491194946153e+00 6.968020491194946153e+00 6.968020491194946153e+00 5.509412251108099845e+00 5.509412251108099845e+00 5.509412251108099845e+00 5.509412251108099845e+00 6.968020491194946153e+00 6.968020491194946153e+00
6.968020491194946153e+00 6.968020491194946153e+00 6.968020491194946153e+00 6.968020491194946153e+00 5.509412251108099845e+00 7.670153033709544488e+00 5.509412251108099845e+00 5.509412251108099845e+00 6.968020491194946153e+00 6.968020491194946153e+00
