3.213588581821038304e+01 4.413577442618949931e+01 6.288113480083945461e+01 7.334979137335491828e+01 8.098676495147429932e+01 7.908292446731913117e+01 6.887597656553022318e+01 5.510145119566853822e+01 3.878076611361727544e+01 3.229480565149244597e+01
3.715604191394611888e+01 4.953254344717092295e+01 6.288113480083945461e+01 7.334979137335491828e+01 8.098676495147429932e+01 8.598962677431069324e+01 7.816068510732719687e+01 6.128928093457027870e+01 4.457220885681650913e+01 3.229480565149244597e+01
4.023250437609016927e+01 5.573753373280734991e+01 7.334979137335491828e+01 8.098676495147429932e+01 8.700395466342207840e+01 8.901848546657197403e+01 7.816068510732719687e+01 6.580576129025257615e+01 4.991116838998560468e+01 3.843657192877768125e+01
4.413577442618949931e+01 6.288113480083945461e+01 7.334979137335491828e+01 8.700395466342207840e+01 8.997935262071753471e+01 8.997935262071753471e+01 8.901848546657197403e+01 7.582603950195779419e+01 5.510145119566853822e+01 3.878076611361727544e+01
4.736246128113261022e+01 6.288113480083945461e+01 7.839115457967135114e+01 8.700395466342207840e+01 8.997935262071753471e+01 8.997935262071753471e+01 8.901848546657197403e+01 7.816068510732719687e+01 6.580576129025257615e+01 4.991116838998560468e+01
4.941557948813780854e+01 6.288113480083945461e+01 7.839115457967135114e+01 8.700395466342207840e+01 8.997935262071753471e+01 8.997935262071753471e+01 8.901848546657197403e+01 7.816068510732719687e+01 6.580576129025257615e+01 4.991116838998560468e+01
4.953254344717092295e+01 6.288113480083945461e+01 7.839115457967135114e+01 8.508061248362324136e+01 8.997935262071753471e+01 8.997935262071753471e+01 8.901848546657197403e+01 7.816068510732719687e+01 6.887597656553022318e+01 5.510145119566853822e+01
5.201081192184570057e+01 6.288113480083945461e+01 7.839115457967135114e+01 8.508061248362324136e+01 8.508061248362324136e+01 8.508061248362324136e+01 8.598962677431069324e+01 7.816068510732719687e+01 6.887597656553022318e+01 5.298360623049540408e+01
5.201081192184570057e+01 6.288113480083945461e+01 7.839115457967135114e+01 8.250437978307155618e+01 8.508061248362324136e+01 8.508061248362324136e+01 8.337762254142489837e+01 7.816068510732719687e+01 6.887597656553022318e+01 5.541116097535493878e+01
5.201081192184570057e+01 6.571612631399294457e+01 7.839115457967135114e+01 8.250437978307155618e+01 8.508061248362324136e+01 8.508061248362324136e+01 8.337762254142489837e+01 7.582603950195779419e+01 6.580576129025257615e+01 5.110321753578860893e+01
