4.195194757836796740e+00 4.195194757836796740e+00 4.195194757836796740e+00 4.195194757836796740e+00 4.195194757836796740e+00 4.195194757836796740e+00 4.195194757836796740e+00 4.195194757836796740e+00 4.195194757836796740e+00 4.195194757836796740e+00
4.195194757836796740e+00 4.195194757836796740e+00 4.195194757836796740e+00 4.195194757836796740e+00 4.195194757836796740e+00 4.195194757836796740e+00 4.195194757836796740e+00 4.195194757836796740e+00 4.195194757836796740e+00 4.195194757836796740e+00
4.195194757836796740e+00 4.195194757836796740e+00 4.195194757836796740e+00 4.195194757836796740e+00 4.195194757836796740e+00 4.195194757836796740e+00 4.195194757836796740e+00 4.195194757836796740e+00 4.195194757836796740e+00 4.195194757836796740e+00
4.195194757836796740e+00 4.195194757836796740e+00 4.195194757836796740e+00 4.195194757836796740e+00 4.195194757836796740e+00 4.195194757836796740e+00 4.195194757836796740e+00 4.195194757836796740e+00 4.195194757836796740e+00 4.195194757836796740e+00
4.195194757836796740e+00 4.195194757836796740e+00 4.195194757836796740e+00 4.195194757836796740e+00 4.195194757836796740e+00 4.195194757836796740e+00 4.195194757836796740e+00 4.195194757836796740e+00 4.195194757836796740e+00 4.195194757836796740e+00
4.195194757836796740e+00 4.195194757836796740e+00 4.195194757836796740e+00 4.195194757836796740e+00 4.195194757836796740e+00 4.195194757836796740e+00 4.195194757836796740e+00 4.195194757836796740e+00 4.195194757836796740e+00 4.195194757836796740e+00
4.195194757836796740e+00 4.195194757836796740e+00 4.195194757836796740e+00 4.195194757836796740e+00 4.195194757836796740e+00 4.195194757836796740e+00 4.195194757836796740e+00 4.195194757836796740e+00 4.195194757836796740e+00 4.195194757836796740e+00
4.195194757836796740e+00 4.195194757836796740e+00 4.195194757836796740e+00 4.195194757836796740e+00 4.195194757836796740e+00 4.195194757836796740e+00 4.195194757836796740e+00 4.195194757836796740e+00 4.195194757836796740e+00 4.195194757836796740e+00
4.195194757836796740e+00 4.195194757836796740e+00 4.195194757836796740e+00 4.195194757836796740e+00 4.195194757836796740e+00 4.195194757836796740e+00 4.195194757836796740e+00 4.195194757836796740e+00 4.195194757836796740e+00 4.195194757836796740e+00
4.195194757836796740e+00 4.195194757836796740e+00 4.195194757836796740e+00 4.195194757836796740e+00 4.195194757836796740e+00 4.195194757836796740e+00 4.195194757836796740e+00 4.195194757836796740e+00 4.195194757836796740e+00 4.195194757836796740e+00
