6.182020430661593124e+00 6.182020430661593124e+00 6.182020430661593124e+00 6.182020430661593124e+00 6.182020430661593124e+00 6.182020430661593124e+00 6.182020430661593124e+00 6.182020430661593124e+00 6.182020430661593124e+00 6.182020430661593124e+00
6.182020430661593124e+00 6.182020430661593124e+00 6.182020430661593124e+00 6.182020430661593124e+00 6.182020430661593124e+00 6.182020430661593124e+00 6.182020430661593124e+00 6.335476470589828324e+00 6.182020430661593124e+00 6.182020430661593124e+00
6.182020430661593124e+00 6.182020430661593124e+00 6.182020430661593124e+00 6.182020430661593124e+00 6.182020430661593124e+00 6.182020430661593124e+00 6.182020430661593124e+00 6.182020430661593124e+00 6.182020430661593124e+00 6.182020430661593124e+00
6.182020430661593124e+00 6.182020430661593124e+00 6.182020430661593124e+00 6.182020430661593124e+00 6.182020430661593124e+00 6.182020430661593124e+00 6.182020430661593124e+00 6.182020430661593124e+00 6.182020430661593124e+00 6.182020430661593124e+00
6.182020430661593124e+00 6.182020430661593124e+00 6.182020430661593124e+00 6.182020430661593124e+00 6.182020430661593124e+00 6.182020430661593124e+00 6.182020430661593124e+00 6.182020430661593124e+00 6.182020430661593124e+00 6.182020430661593124e+00
6.182020430661593124e+00 6.182020430661593124e+00 6.182020430661593124e+00 6.182020430661593124e+00 6.182020430661593124e+00 6.182020430661593124e+00 6.182020430661593124e+00 6.182020430661593124e+00 6.182020430661593124e+00 6.182020430661593124e+00
6.182020430661593124e+00 6.182020430661593124e+00 6.182020430661593124e+00 6.182020430661593124e+00 6.182020430661593124e+00 6.182020430661593124e+00 6.182020430661593124e+00 6.182020430661593124e+00 6.182020430661593124e+00 6.182020430661593124e+00
6.182020430661593124e+00 6.182020430661593124e+00 6.182020430661593124e+00 6.182020430661593124e+00 6.182020430661593124e+00 6.182020430661593124e+00 6.182020430661593124e+00 6.182020430661593124e+00 6.182020430661593124e+00 6.182020430661593124e+00
6.182020430661593124e+00 6.182020430661593124e+00 6.182020430661593124e+00 6.182020430661593124e+00 6.182020430661593124e+00 6.182020430661593124e+00 6.182020430661593124e+00 6.182020430661593124e+00 6.182020430661593124e+00 6.182020430661593124e+00
6.182020430661593124e+00 6.182020430661593124e+00 6.182020430661593124e+00 6.182020430661593124e+00 6.182020430661593124e+00 6.182020430661593124e+00 6.182020430661593124e+00 6.182020430661593124e+00 6.182020430661593124e+00 6.182020430661593124e+00
