6.335476470589828324e+00 6.335476470589828324e+00 6.335476470589828324e+00 6.335476470589828324e+00 6.335476470589828324e+00 6.335476470589828324e+00 6.335476470589828324e+00 6.335476470589828324e+00 6.335476470589828324e+00 6.335476470589828324e+00
6.335476470589828324e+00 6.335476470589828324e+00 6.335476470589828324e+00 6.335476470589828324e+00 6.335476470589828324e+00 6.335476470589828324e+00 6.335476470589828324e+00 6.335476470589828324e+00 6.335476470589828324e+00 6.335476470589828324e+00
6.335476470589828324e+00 6.335476470589828324e+00 6.335476470589828324e+00 6.335476470589828324e+00 6.335476470589828324e+00 6.335476470589828324e+00 6.335476470589828324e+00 6.335476470589828324e+00 6.335476470589828324e+00 7.226540191997708362e+00
6.335476470589828324e+00 6.335476470589828324e+00 6.335476470589828324e+00 6.335476470589828324e+00 6.335476470589828324e+00 6.335476470589828324e+00 6.335476470589828324e+00 6.803103902763655064e+00 6.803103902763655064e+00 6.803103902763655064e+00
6.335476470589828324e+00 6.335476470589828324e+00 6.335476470589828324e+00 6.335476470589828324e+00 6.335476470589828324e+00 6.335476470589828324e+00 6.335476470589828324e+00 6.803103902763655064e+00 6.803103902763655064e+00 6.335476470589828324e+00
6.335476470589828324e+00 6.335476470589828324e+00 6.335476470589828324e+00 6.335476470589828324e+00 6.335476470589828324e+00 6.335476470589828324e+00 6.335476470589828324e+00 6.803103902763655064e+00 6.803103902763655064e+00 6.335476470589828324e+00
6.335476470589828324e+00 6.335476470589828324e+00 6.335476470589828324e+00 6.335476470589828324e+00 6.335476470589828324e+00 6.335476470589828324e+00 6.335476470589828324e+00 6.803103902763655064e+00 6.803103902763655064e+00 6.335476470589828324e+00
6.335476470589828324e+00 6.335476470589828324e+00 6.335476470589828324e+00 6.335476470589828324e+00 6.335476470589828324e+00 6.335476470589828324e+00 6.335476470589828324e+00 6.335476470589828324e+00 6.335476470589828324e+00 6.335476470589828324e+00
6.335476470589828324e+00 6.335476470589828324e+00 6.335476470589828324e+00 6.335476470589828324e+00 6.335476470589828324e+00 6.335476470589828324e+00 6.335476470589828324e+00 6.335476470589828324e+00 6.335476470589828324e+00 6.335476470589828324e+00
6.335476470589828324e+00 6.335476470589828324e+00 6.335476470589828324e+00 6.335476470589828324e+00 6.335476470589828324e+00 6.335476470589828324e+00 6.335476470589828324e+00 6.335476470589828324e+00 6.335476470589828324e+00 6.335476470589828324e+00
