2.872037991747065533e+01 1.903026673963481841e+01 1.439817043724132972e+01 7.226540191997708362e+00 7.226540191997708362e+00 7.226540191997708362e+00 7.226540191997708362e+00 8.800942808279568652e+00 7.846837363719685321e+00 1.617488751414942527e+01
9.733769765131622620e+00 9.052976691945955778e+00 7.926427409250157652e+00 7.226540191997708362e+00 1.065363453373788971e+01 1.065363453373788971e+01 1.065363453373788971e+01 1.065363453373788971e+01 8.861528487099727514e+00 1.077817345651359027e+01
7.226540191997708362e+00 9.052976691945955778e+00 7.226540191997708362e+00 1.065363453373788971e+01 1.065363453373788971e+01 1.065363453373788971e+01 1.065363453373788971e+01 1.065363453373788971e+01 7.226540191997708362e+00 9.610891286585120596e+00
9.052976691945955778e+00 7.226540191997708362e+00 1.065363453373788971e+01 1.065363453373788971e+01 1.065363453373788971e+01 1.065363453373788971e+01 1.065363453373788971e+01 1.065363453373788971e+01 1.065363453373788971e+01 7.226540191997708362e+00
9.733769765131622620e+00 1.065363453373788971e+01 1.065363453373788971e+01 1.065363453373788971e+01 1.065363453373788971e+01 1.065363453373788971e+01 1.065363453373788971e+01 1.065363453373788971e+01 1.065363453373788971e+01 1.065363453373788971e+01
7.226540191997708362e+00 1.065363453373788971e+01 1.065363453373788971e+01 1.065363453373788971e+01 1.065363453373788971e+01 1.065363453373788971e+01 1.065363453373788971e+01 1.065363453373788971e+01 1.065363453373788971e+01 7.846837363719685321e+00
1.065363453373788971e+01 1.065363453373788971e+01 1.065363453373788971e+01 1.065363453373788971e+01 1.065363453373788971e+01 1.065363453373788971e+01 1.065363453373788971e+01 1.065363453373788971e+01 7.846837363719685321e+00 7.846837363719685321e+00
1.065363453373788971e+01 1.065363453373788971e+01 1.065363453373788971e+01 1.065363453373788971e+01 1.065363453373788971e+01 1.065363453373788971e+01 1.065363453373788971e+01 7.846837363719685321e+00 7.846837363719685321e+00 1.077817345651359027e+01
1.065363453373788971e+01 1.065363453373788971e+01 1.065363453373788971e+01 1.065363453373788971e+01 1.065363453373788971e+01 1.065363453373788971e+01 1.065363453373788971e+01 7.973105036080767150e+00 1.077817345651359027e+01 1.399742621724690750e+01
7.846837363719685321e+00 1.065363453373788971e+01 1.065363453373788971e+01 1.065363453373788971e+01 1.065363453373788971e+01 7.846837363719685321e+00 7.226540191997708362e+00 7.846837363719685321e+00 1.077817345651359027e+01 2.730195504296236919e+01
