6.335476470589828324e+00 6.335476470589828324e+00 6.335476470589828324e+00 6.335476470589828324e+00 6.335476470589828324e+00 6.335476470589828324e+00 6.335476470589828324e+00 6.335476470589828324e+00 6.335476470589828324e+00 6.335476470589828324e+00
6.335476470589828324e+00 6.335476470589828324e+00 6.335476470589828324e+00 6.335476470589828324e+00 6.335476470589828324e+00 6.335476470589828324e+00 6.335476470589828324e+00 6.335476470589828324e+00 6.335476470589828324e+00 6.335476470589828324e+00
6.335476470589828324e+00 6.335476470589828324e+00 6.335476470589828324e+00 6.335476470589828324e+00 6.335476470589828324e+00 6.335476470589828324e+00 6.335476470589828324e+00 6.335476470589828324e+00 6.335476470589828324e+00 6.335476470589828324e+00
6.335476470589828324e+00 6.335476470589828324e+00 6.335476470589828324e+00 6.335476470589828324e+00 6.335476470589828324e+00 6.335476470589828324e+00 6.335476470589828324e+00 6.335476470589828324e+00 6.335476470589828324e+00 6.335476470589828324e+00
6.335476470589828324e+00 6.335476470589828324e+00 6.335476470589828324e+00 6.335476470589828324e+00 6.335476470589828324e+00 6.335476470589828324e+00 6.335476470589828324e+00 6.335476470589828324e+00 6.335476470589828324e+00 6.335476470589828324e+00
6.335476470589828324e+00 6.335476470589828324e+00 6.335476470589828324e+00 6.335476470589828324e+00 6.335476470589828324e+00 6.335476470589828324e+00 6.335476470589828324e+00 6.335476470589828324e+00 6.335476470589828324e+00 6.335476470589828324e+00
6.335476470589828324e+00 6.335476470589828324e+00 6.335476470589828324e+00 6.335476470589828324e+00 6.335476470589828324e+00 6.335476470589828324e+00 6.335476470589828324e+00 6.335476470589828324e+00 6.335476470589828324e+00 6.335476470589828324e+00
6.335476470589828324e+00 6.335476470589828324e+00 6.335476470589828324e+00 6.335476470589828324e+00 6.335476470589828324e+00 6.335476470589828324e+00 6.335476470589828324e+00 6.335476470589828324e+00 6.335476470589828324e+00 6.335476470589828324e+00
6.335476470589828324e+00 6.335476470589828324e+00 6.335476470589828324e+00 6.335476470589828324e+00 6.335476470589828324e+00 6.335476470589828324e+00 6.335476470589828324e+00 6.335476470589828324e+00 6.335476470589828324e+00 6.335476470589828324e+00
6.335476470589828324e+00 6.335476470589828324e+00 6.335476470589828324e+00 6.335476470589828324e+00 6.335476470589828324e+00 6.335476470589828324e+00 6.335476470589828324e+00 6.335476470589828324e+00 6.335476470589828324e+00 6.335476470589828324e+00
