2.057718139977604466e+01 2.057718139977604466e+01 2.057718139977604466e+01 2.057718139977604466e+01 2.057718139977604466e+01 2.057718139977604466e+01 2.057718139977604466e+01 1.498947710593106422e+02 1.120391301034597120e+02 1.498947710593106422e+02
2.057718139977604466e+01 9.851670560783583142e+01 1.094910313920213980e+02 1.120391301034597120e+02 7.418516060998982198e+01 9.329800529954071919e+01 7.418516060998982198e+01 1.105375917534751977e+02 1.498947710593106422e+02 1.498947710593106422e+02
1.498947710593106422e+02 1.058630915124619065e+02 1.058630915124619065e+02 1.498947710593106422e+02 4.800543246912963014e+01 4.800543246912963014e+01 4.800543246912963014e+01 4.316654459839250535e+01 1.498947710593106422e+02 1.498947710593106422e+02
4.800543246912963014e+01 1.595608148593455233e+01 8.760564305455137202e+00 8.760564305455137202e+00 8.760564305455137202e+00 7.808018166694179918e+00 7.750967533007898425e+00 7.750967533007898425e+00 9.329800529954071919e+01 1.498947710593106422e+02
7.808018166694179918e+00 7.750967533007898425e+00 7.808018166694179918e+00 7.808018166694179918e+00 7.750967533007898425e+00 7.750967533007898425e+00 7.750967533007898425e+00 7.750967533007898425e+00 1.867956207005488878e+01 1.498947710593106422e+02
7.808018166694179918e+00 7.750967533007898425e+00 7.750967533007898425e+00 7.808018166694179918e+00 7.750967533007898425e+00 7.750967533007898425e+00 7.750967533007898425e+00 7.750967533007898425e+00 1.867956207005488878e+01 9.329800529954071919e+01
7.750967533007898425e+00 7.750967533007898425e+00 7.750967533007898425e+00 7.750967533007898425e+00 7.750967533007898425e+00 7.750967533007898425e+00 8.302695050589314008e+00 1.006119897331650925e+01 4.316654459839250535e+01 7.750967533007898425e+00
7.750967533007898425e+00 7.750967533007898425e+00 7.750967533007898425e+00 7.750967533007898425e+00 7.750967533007898425e+00 7.750967533007898425e+00 1.085786924957849742e+01 1.085786924957849742e+01 4.316654459839250535e+01 2.057718139977604466e+01
7.750967533007898425e+00 7.750967533007898425e+00 7.750967533007898425e+00 7.750967533007898425e+00 7.750967533007898425e+00 7.750967533007898425e+00 1.085786924957849742e+01 1.867956207005488878e+01 2.279597867189183447e+01 7.647898697952217617e+01
7.750967533007898425e+00 7.750967533007898425e+00 7.750967533007898425e+00 7.750967533007898425e+00 7.750967533007898425e+00 7.750967533007898425e+00 7.750967533007898425e+00 2.300187516057047077e+01 4.316654459839250535e+01 6.913037915619551654e+01
