1.371309188538809032e+01 1.371309188538809032e+01 1.371309188538809032e+01 2.321560376450051422e+01 2.511537296833470378e+01 3.410182657290104657e+01 4.438786730760183019e+01 5.662809394255788931e+01 6.394686033208350295e+01 6.394686033208350295e+01 6.343227473630002322e+01 6.211124124294464366e+01 6.343227473630002322e+01 6.343227473630002322e+01
1.371309188538809032e+01 1.371309188538809032e+01 2.153205690172796594e+01 2.511537296833470378e+01 3.261130730356827456e+01 4.367373857731382003e+01 5.021275913746300290e+01 6.109213395689263137e+01 6.343227473630002322e+01 6.343227473630002322e+01 6.452586067160460459e+01 6.452586067160460459e+01 6.452586067160460459e+01 6.037259671355285207e+01
1.371309188538809032e+01 1.371309188538809032e+01 2.321560376450051422e+01 2.896906461185126602e+01 3.599017442224670305e+01 4.767167379491518631e+01 5.662809394255788931e+01 6.037259671355285207e+01 6.408971991325621786e+01 6.408971991325621786e+01 5.742773254231993718e+01 5.742773254231993718e+01 5.286105180941753900e+01 5.286105180941753900e+01
1.371309188538809032e+01 2.321560376450051422e+01 2.511537296833470378e+01 3.599017442224670305e+01 4.767167379491518631e+01 5.395477154112137441e+01 5.742773254231993718e+01 5.374263806168386282e+01 5.286105180941753900e+01 4.939713211738342835e+01 4.693609536555094053e+01 4.068313606666114168e+01 4.068313606666114168e+01 3.554201311280336029e+01
1.371309188538809032e+01 2.511537296833470378e+01 3.188027813670376176e+01 4.438786730760183019e+01 5.662809394255788931e+01 6.109213395689263137e+01 5.312451188641799149e+01 4.068313606666114168e+01 4.068313606666114168e+01 3.554201311280336029e+01 3.314928651720001085e+01 3.314928651720001085e+01 2.404021644086092024e+01 2.404021644086092024e+01
2.321560376450051422e+01 2.511537296833470378e+01 3.943449990398291050e+01 5.021275913746300290e+01 6.394686033208350295e+01 6.343227473630002322e+01 5.312451188641799149e+01 4.387385279561299001e+01 3.120508665146291349e+01 2.568546036801943444e+01 2.404021644086092024e+01 2.238620131655771672e+01 2.238620131655771672e+01 1.371309188538809032e+01
2.321560376450051422e+01 2.667185545385915191e+01 4.367373857731382003e+01 5.662809394255788931e+01 6.343227473630002322e+01 6.265377024903897052e+01 5.312451188641799149e+01 4.018400714410060459e+01 2.568546036801943444e+01 2.238620131655771672e+01 1.371309188538809032e+01 1.371309188538809032e+01 1.371309188538809032e+01 1.371309188538809032e+01
2.321560376450051422e+01 2.667185545385915191e+01 4.367373857731382003e+01 5.761559470203845734e+01 6.452586067160460459e+01 6.265377024903897052e+01 5.103165486840187981e+01 3.120508665146291349e+01 2.568546036801943444e+01 1.371309188538809032e+01 1.371309188538809032e+01 1.371309188538809032e+01 1.371309188538809032e+01 1.371309188538809032e+01
2.321560376450051422e+01 2.667185545385915191e+01 3.763491177504838703e+01 4.871469062199381028e+01 6.037259671355285207e+01 5.742773254231993718e+01 4.387385279561299001e+01 3.239092150150274563e+01 2.568546036801943444e+01 1.371309188538809032e+01 1.371309188538809032e+01 1.371309188538809032e+01 1.371309188538809032e+01 1.371309188538809032e+01
2.321560376450051422e+01 2.667185545385915191e+01 3.504879754298931260e+01 4.302667537625946181e+01 4.939713211738342835e+01 4.740602326497666041e+01 4.018400714410060459e+01 3.239092150150274563e+01 2.153205690172796594e+01 1.371309188538809032e+01 1.371309188538809032e+01 1.371309188538809032e+01 1.371309188538809032e+01 1.371309188538809032e+01
2.321560376450051422e+01 2.460441371324920468e+01 3.050300137433396941e+01 3.763491177504838703e+01 4.068313606666114168e+01 4.018400714410060459e+01 4.018400714410060459e+01 3.120508665146291349e+01 2.460441371324920468e+01 2.153205690172796594e+01 1.371309188538809032e+01 1.371309188538809032e+01 1.371309188538809032e+01 1.371309188538809032e+01
2.153205690172796594e+01 2.460441371324920468e+01 2.733602255828067840e+01 3.504879754298931260e+01 3.763491177504838703e+01 4.018400714410060459e+01 3.050300137433396941e+01 3.050300137433396941e+01 2.460441371324920468e+01 2.153205690172796594e+01 1.371309188538809032e+01 1.371309188538809032e+01 1.371309188538809032e+01 1.371309188538809032e+01
2.153205690172796594e+01 2.667185545385915191e+01 3.261130730356827456e+01 3.943449990398291050e+01 4.367373857731382003e+01 4.018400714410060459e+01 4.018400714410060459e+01 3.050300137433396941e+01 2.460441371324920468e+01 2.153205690172796594e+01 1.371309188538809032e+01 1.371309188538809032e+01 1.371309188538809032e+01 1.371309188538809032e+01
3.410182657290104657e+01 3.599017442224670305e+01 4.438786730760183019e+01 4.767167379491518631e+01 4.767167379491518631e+01 4.810574762557450867e+01 4.249005962248745760e+01 3.239092150150274563e+01 2.460441371324920468e+01 2.153205690172796594e+01 1.371309188538809032e+01 1.371309188538809032e+01 1.371309188538809032e+01 1.371309188538809032e+01
