1.631327368262521560e+00 1.631327368262521560e+00 1.589333482773712225e+00 1.589333482773712225e+00 1.589333482773712225e+00 1.589333482773712225e+00 1.631327368262521560e+00 1.589333482773712225e+00 1.589333482773712225e+00 1.589333482773712225e+00 1.589333482773712225e+00 1.589333482773712225e+00 1.631327368262521560e+00 1.589333482773712225e+00
1.631327368262521560e+00 1.631327368262521560e+00 1.589333482773712225e+00 1.589333482773712225e+00 1.710732980955257831e+00 1.851761834146205210e+00 1.631327368262521560e+00 1.631327368262521560e+00 1.589333482773712225e+00 1.589333482773712225e+00 1.589333482773712225e+00 1.589333482773712225e+00 1.631327368262521560e+00 1.589333482773712225e+00
1.631327368262521560e+00 1.704949649950225909e+00 1.710732980955257831e+00 1.850245839375112666e+00 1.851761834146205210e+00 1.710732980955257831e+00 1.631327368262521560e+00 1.631327368262521560e+00 1.631327368262521560e+00 1.589333482773712225e+00 1.589333482773712225e+00 1.589333482773712225e+00 1.631327368262521560e+00 1.631327368262521560e+00
1.631327368262521560e+00 1.589333482773712225e+00 1.589333482773712225e+00 1.704949649950225909e+00 1.631327368262521560e+00 1.631327368262521560e+00 1.631327368262521560e+00 1.631327368262521560e+00 1.704949649950225909e+00 1.704949649950225909e+00 1.589333482773712225e+00 1.589333482773712225e+00 1.589333482773712225e+00 1.589333482773712225e+00
1.589333482773712225e+00 1.589333482773712225e+00 1.704949649950225909e+00 1.631327368262521560e+00 1.631327368262521560e+00 1.631327368262521560e+00 1.631327368262521560e+00 1.631327368262521560e+00 1.631327368262521560e+00 1.589333482773712225e+00 1.589333482773712225e+00 1.589333482773712225e+00 1.589333482773712225e+00 1.589333482773712225e+00
1.631327368262521560e+00 1.631327368262521560e+00 1.589333482773712225e+00 1.704949649950225909e+00 1.850245839375112666e+00 1.631327368262521560e+00 1.631327368262521560e+00 1.631327368262521560e+00 1.631327368262521560e+00 1.589333482773712225e+00 1.589333482773712225e+00 1.589333482773712225e+00 1.631327368262521560e+00 1.631327368262521560e+00
1.589333482773712225e+00 1.589333482773712225e+00 1.589333482773712225e+00 1.589333482773712225e+00 1.753154676049083704e+00 1.631327368262521560e+00 1.631327368262521560e+00 1.710732980955257831e+00 1.589333482773712225e+00 1.589333482773712225e+00 1.589333482773712225e+00 1.589333482773712225e+00 1.631327368262521560e+00 1.589333482773712225e+00
1.589333482773712225e+00 1.589333482773712225e+00 1.589333482773712225e+00 1.589333482773712225e+00 2.041477865295440175e+00 1.850245839375112666e+00 1.850245839375112666e+00 1.704949649950225909e+00 1.710732980955257831e+00 1.631327368262521560e+00 1.631327368262521560e+00 1.589333482773712225e+00 1.631327368262521560e+00 1.589333482773712225e+00
1.589333482773712225e+00 1.631327368262521560e+00 1.631327368262521560e+00 1.589333482773712225e+00 1.850245839375112666e+00 1.820678482048187163e+00 1.820678482048187163e+00 1.704949649950225909e+00 1.850245839375112666e+00 1.631327368262521560e+00 1.631327368262521560e+00 1.631327368262521560e+00 1.704949649950225909e+00 1.589333482773712225e+00
1.589333482773712225e+00 1.631327368262521560e+00 1.631327368262521560e+00 1.589333482773712225e+00 1.704949649950225909e+00 1.631327368262521560e+00 1.631327368262521560e+00 1.704949649950225909e+00 1.850245839375112666e+00 1.631327368262521560e+00 1.631327368262521560e+00 1.631327368262521560e+00 1.704949649950225909e+00 1.589333482773712225e+00
1.589333482773712225e+00 1.589333482773712225e+00 1.631327368262521560e+00 1.631327368262521560e+00 1.631327368262521560e+00 1.704949649950225909e+00 1.631327368262521560e+00 1.850245839375112666e+00 1.850245839375112666e+00 1.851761834146205210e+00 1.631327368262521560e+00 1.631327368262521560e+00 1.704949649950225909e+00 1.631327368262521560e+00
1.589333482773712225e+00 1.589333482773712225e+00 1.631327368262521560e+00 1.631327368262521560e+00 1.704949649950225909e+00 1.589333482773712225e+00 1.589333482773712225e+00 1.850245839375112666e+00 1.851761834146205210e+00 1.850245839375112666e+00 1.631327368262521560e+00 1.631327368262521560e+00 1.704949649950225909e+00 1.631327368262521560e+00
1.589333482773712225e+00 1.589333482773712225e+00 1.631327368262521560e+00 1.631327368262521560e+00 1.704949649950225909e+00 1.704949649950225909e+00 1.589333482773712225e+00 1.631327368262521560e+00 1.820678482048187163e+00 1.704949649950225909e+00 1.631327368262521560e+00 1.631327368262521560e+00 1.631327368262521560e+00 1.631327368262521560e+00
1.589333482773712225e+00 1.589333482773712225e+00 1.631327368262521560e+00 1.631327368262521560e+00 1.704949649950225909e+00 1.589333482773712225e+00 1.589333482773712225e+00 1.631327368262521560e+00 1.631327368262521560e+00 1.631327368262521560e+00 1.631327368262521560e+00 1.631327368262521560e+00 1.631327368262521560e+00 1.589333482773712225e+00
