8.405422425163660449e+00 8.405422425163660449e+00 8.405422425163660449e+00 8.405422425163660449e+00 2.173050345212439183e+01 3.252897455471611465e+01 4.310806409421250152e+01 5.805650271578672772e+01 6.948746166388677636e+01 6.466051941243563306e+01 5.721437459901282097e+01 4.339961049736828613e+01 3.170904915661865076e+01 1.644792644698996043e+01
8.405422425163660449e+00 8.405422425163660449e+00 8.405422425163660449e+00 1.644792644698996043e+01 2.305132850580254456e+01 3.252897455471611465e+01 4.632976083980494764e+01 5.969473408619506216e+01 6.948746166388677636e+01 6.757182266394299575e+01 5.417027806539770296e+01 4.339961049736828613e+01 2.933047960564427470e+01 1.644792644698996043e+01
8.405422425163660449e+00 8.405422425163660449e+00 8.405422425163660449e+00 1.847219990565186265e+01 2.305132850580254456e+01 3.796246368755780054e+01 4.991518935521285272e+01 6.363312374661396120e+01 7.272628411858180186e+01 6.757182266394299575e+01 5.317476285195879626e+01 3.878256731385647527e+01 2.354561180966722844e+01 8.405422425163660449e+00
8.405422425163660449e+00 8.405422425163660449e+00 8.405422425163660449e+00 1.932399616312448387e+01 2.769872115594219864e+01 3.796246368755780054e+01 5.344148929810084070e+01 6.772872800606739929e+01 7.214448051721105060e+01 6.320200336751075554e+01 5.237327622439337915e+01 3.697252298156498540e+01 2.383992856830332485e+01 8.405422425163660449e+00
8.405422425163660449e+00 8.405422425163660449e+00 8.405422425163660449e+00 1.932399616312448387e+01 2.769872115594219864e+01 4.310806409421250152e+01 5.969473408619506216e+01 6.948746166388677636e+01 7.090748707535900053e+01 6.127498271874786440e+01 4.549681101573327169e+01 3.201807958272513588e+01 2.257985658928300055e+01 8.405422425163660449e+00
8.405422425163660449e+00 8.405422425163660449e+00 1.644792644698996043e+01 2.305132850580254456e+01 3.252897455471611465e+01 4.632976083980494764e+01 5.969473408619506216e+01 6.948746166388677636e+01 7.090748707535900053e+01 6.320200336751075554e+01 4.339961049736828613e+01 3.170904915661865076e+01 1.644792644698996043e+01 8.405422425163660449e+00
8.405422425163660449e+00 8.405422425163660449e+00 1.644792644698996043e+01 2.305132850580254456e+01 3.796246368755780054e+01 4.991518935521285272e+01 6.363312374661396120e+01 7.272628411858180186e+01 6.757182266394299575e+01 5.417027806539770296e+01 3.878256731385647527e+01 2.602659625759326900e+01 1.644792644698996043e+01 8.405422425163660449e+00
8.405422425163660449e+00 8.405422425163660449e+00 1.847219990565186265e+01 2.505797855626956405e+01 3.796246368755780054e+01 4.991518935521285272e+01 6.363312374661396120e+01 7.214448051721105060e+01 6.757182266394299575e+01 5.317476285195879626e+01 3.697252298156498540e+01 2.354561180966722844e+01 8.405422425163660449e+00 8.405422425163660449e+00
8.405422425163660449e+00 8.405422425163660449e+00 1.847219990565186265e+01 2.769872115594219864e+01 3.796246368755780054e+01 5.805650271578672772e+01 6.948746166388677636e+01 7.214448051721105060e+01 6.320200336751075554e+01 5.237327622439337915e+01 3.239092150150274563e+01 2.383992856830332485e+01 8.405422425163660449e+00 8.405422425163660449e+00
8.405422425163660449e+00 8.405422425163660449e+00 1.932399616312448387e+01 2.769872115594219864e+01 4.310806409421250152e+01 5.969473408619506216e+01 6.948746166388677636e+01 7.090748707535900053e+01 6.127498271874786440e+01 4.549681101573327169e+01 3.201807958272513588e+01 1.644792644698996043e+01 8.405422425163660449e+00 8.405422425163660449e+00
8.405422425163660449e+00 8.405422425163660449e+00 2.305132850580254456e+01 3.252897455471611465e+01 4.632976083980494764e+01 6.154293346338621262e+01 6.948746166388677636e+01 6.757182266394299575e+01 5.721437459901282097e+01 4.339961049736828613e+01 2.602659625759326900e+01 1.644792644698996043e+01 8.405422425163660449e+00 8.405422425163660449e+00
8.405422425163660449e+00 1.644792644698996043e+01 2.305132850580254456e+01 3.503567567916075376e+01 4.991518935521285272e+01 6.363312374661396120e+01 7.272628411858180186e+01 6.757182266394299575e+01 5.417027806539770296e+01 3.878256731385647527e+01 2.602659625759326900e+01 1.644792644698996043e+01 8.405422425163660449e+00 8.405422425163660449e+00
8.405422425163660449e+00 1.847219990565186265e+01 2.505797855626956405e+01 3.796246368755780054e+01 4.991518935521285272e+01 6.772872800606739929e+01 7.272628411858180186e+01 6.757182266394299575e+01 5.417027806539770296e+01 3.878256731385647527e+01 2.354561180966722844e+01 8.405422425163660449e+00 8.405422425163660449e+00 8.405422425163660449e+00
8.405422425163660449e+00 1.847219990565186265e+01 2.505797855626956405e+01 3.796246368755780054e+01 4.991518935521285272e+01 6.323195447355874421e+01 7.042818057849532920e+01 6.501485836316879841e+01 5.252613904217282226e+01 3.697252298156498540e+01 2.354561180966722844e+01 8.405422425163660449e+00 8.405422425163660449e+00 8.405422425163660449e+00
