1.589333482773712225e+00 1.631327368262521560e+00 1.589333482773712225e+00 1.589333482773712225e+00 1.631327368262521560e+00 1.631327368262521560e+00 1.589333482773712225e+00 1.589333482773712225e+00 1.589333482773712225e+00 1.631327368262521560e+00 1.589333482773712225e+00 1.631327368262521560e+00 1.631327368262521560e+00 1.589333482773712225e+00
1.589333482773712225e+00 1.631327368262521560e+00 1.589333482773712225e+00 1.589333482773712225e+00 1.631327368262521560e+00 1.631327368262521560e+00 1.710732980955257831e+00 1.589333482773712225e+00 1.589333482773712225e+00 1.631327368262521560e+00 1.631327368262521560e+00 1.589333482773712225e+00 1.589333482773712225e+00 1.589333482773712225e+00
1.631327368262521560e+00 1.589333482773712225e+00 1.589333482773712225e+00 1.589333482773712225e+00 1.631327368262521560e+00 1.589333482773712225e+00 1.710732980955257831e+00 1.631327368262521560e+00 1.589333482773712225e+00 1.631327368262521560e+00 1.631327368262521560e+00 1.589333482773712225e+00 1.589333482773712225e+00 1.589333482773712225e+00
1.589333482773712225e+00 1.589333482773712225e+00 1.589333482773712225e+00 1.631327368262521560e+00 1.589333482773712225e+00 1.704949649950225909e+00 1.963018368223515164e+00 1.710732980955257831e+00 1.753154676049083704e+00 1.753154676049083704e+00 1.631327368262521560e+00 1.631327368262521560e+00 1.589333482773712225e+00 1.589333482773712225e+00
1.589333482773712225e+00 1.589333482773712225e+00 1.589333482773712225e+00 1.631327368262521560e+00 1.631327368262521560e+00 1.589333482773712225e+00 1.753154676049083704e+00 7.924891767489564920e+00 2.396400471972329971e+00 2.396400471972329971e+00 1.631327368262521560e+00 1.631327368262521560e+00 1.589333482773712225e+00 1.589333482773712225e+00
1.589333482773712225e+00 1.589333482773712225e+00 1.589333482773712225e+00 1.631327368262521560e+00 1.631327368262521560e+00 1.589333482773712225e+00 1.704949649950225909e+00 3.141188232471117558e+00 2.638195130186635318e+00 1.631327368262521560e+00 1.631327368262521560e+00 1.631327368262521560e+00 1.589333482773712225e+00 1.589333482773712225e+00
1.589333482773712225e+00 1.589333482773712225e+00 1.631327368262521560e+00 1.589333482773712225e+00 1.631327368262521560e+00 1.589333482773712225e+00 1.704949649950225909e+00 7.048233299102084182e+00 4.031390142215419026e+00 1.631327368262521560e+00 1.631327368262521560e+00 1.589333482773712225e+00 1.589333482773712225e+00 1.589333482773712225e+00
1.631327368262521560e+00 1.631327368262521560e+00 1.631327368262521560e+00 1.589333482773712225e+00 1.631327368262521560e+00 1.631327368262521560e+00 1.589333482773712225e+00 1.820678482048187163e+00 2.675367228783234630e+00 1.631327368262521560e+00 1.631327368262521560e+00 1.589333482773712225e+00 1.589333482773712225e+00 1.589333482773712225e+00
1.631327368262521560e+00 1.589333482773712225e+00 1.631327368262521560e+00 1.589333482773712225e+00 1.589333482773712225e+00 1.631327368262521560e+00 1.589333482773712225e+00 1.704949649950225909e+00 1.631327368262521560e+00 1.631327368262521560e+00 1.589333482773712225e+00 1.589333482773712225e+00 1.589333482773712225e+00 1.589333482773712225e+00
1.631327368262521560e+00 1.631327368262521560e+00 1.631327368262521560e+00 1.631327368262521560e+00 1.631327368262521560e+00 1.589333482773712225e+00 1.631327368262521560e+00 1.704949649950225909e+00 1.631327368262521560e+00 1.631327368262521560e+00 1.589333482773712225e+00 1.589333482773712225e+00 1.589333482773712225e+00 1.589333482773712225e+00
1.631327368262521560e+00 1.589333482773712225e+00 1.589333482773712225e+00 1.631327368262521560e+00 1.631327368262521560e+00 1.589333482773712225e+00 1.631327368262521560e+00 1.704949649950225909e+00 1.589333482773712225e+00 1.589333482773712225e+00 1.589333482773712225e+00 1.589333482773712225e+00 1.589333482773712225e+00 1.589333482773712225e+00
1.631327368262521560e+00 1.589333482773712225e+00 1.589333482773712225e+00 1.631327368262521560e+00 1.589333482773712225e+00 1.631327368262521560e+00 1.631327368262521560e+00 1.704949649950225909e+00 1.589333482773712225e+00 1.589333482773712225e+00 1.589333482773712225e+00 1.589333482773712225e+00 1.589333482773712225e+00 1.589333482773712225e+00
1.631327368262521560e+00 1.631327368262521560e+00 1.589333482773712225e+00 1.631327368262521560e+00 1.589333482773712225e+00 1.631327368262521560e+00 1.631327368262521560e+00 1.589333482773712225e+00 1.589333482773712225e+00 1.589333482773712225e+00 1.589333482773712225e+00 1.589333482773712225e+00 1.589333482773712225e+00 1.589333482773712225e+00
1.631327368262521560e+00 1.589333482773712225e+00 1.631327368262521560e+00 1.631327368262521560e+00 1.631327368262521560e+00 1.631327368262521560e+00 1.589333482773712225e+00 1.589333482773712225e+00 1.589333482773712225e+00 1.589333482773712225e+00 1.589333482773712225e+00 1.589333482773712225e+00 1.589333482773712225e+00 1.631327368262521560e+00
