1.589333482773712225e+00 1.589333482773712225e+00 1.589333482773712225e+00 1.589333482773712225e+00 1.589333482773712225e+00 1.589333482773712225e+00 1.589333482773712225e+00 2.547129718914361796e+00 1.850245839375112666e+00 1.589333482773712225e+00 1.589333482773712225e+00 1.589333482773712225e+00 1.589333482773712225e+00 1.589333482773712225e+00
1.589333482773712225e+00 1.589333482773712225e+00 1.589333482773712225e+00 1.589333482773712225e+00 1.589333482773712225e+00 1.589333482773712225e+00 1.589333482773712225e+00 2.567710876292102373e+00 1.850245839375112666e+00 1.589333482773712225e+00 1.589333482773712225e+00 1.589333482773712225e+00 1.589333482773712225e+00 1.589333482773712225e+00
1.589333482773712225e+00 1.589333482773712225e+00 1.589333482773712225e+00 1.589333482773712225e+00 1.589333482773712225e+00 1.589333482773712225e+00 1.589333482773712225e+00 1.850245839375112666e+00 1.850245839375112666e+00 1.589333482773712225e+00 1.589333482773712225e+00 1.589333482773712225e+00 1.589333482773712225e+00 1.589333482773712225e+00
1.589333482773712225e+00 1.589333482773712225e+00 1.589333482773712225e+00 1.589333482773712225e+00 1.589333482773712225e+00 1.589333482773712225e+00 1.589333482773712225e+00 1.589333482773712225e+00 1.589333482773712225e+00 1.589333482773712225e+00 1.589333482773712225e+00 1.589333482773712225e+00 1.589333482773712225e+00 1.589333482773712225e+00
1.589333482773712225e+00 1.589333482773712225e+00 1.589333482773712225e+00 1.589333482773712225e+00 1.589333482773712225e+00 1.589333482773712225e+00 1.589333482773712225e+00 1.589333482773712225e+00 1.589333482773712225e+00 1.589333482773712225e+00 1.589333482773712225e+00 1.589333482773712225e+00 1.589333482773712225e+00 1.589333482773712225e+00
1.589333482773712225e+00 1.589333482773712225e+00 1.589333482773712225e+00 1.589333482773712225e+00 1.589333482773712225e+00 2.019586739786674467e+00 2.019586739786674467e+00 1.850245839375112666e+00 1.589333482773712225e+00 1.589333482773712225e+00 1.589333482773712225e+00 1.589333482773712225e+00 1.589333482773712225e+00 1.589333482773712225e+00
1.589333482773712225e+00 1.589333482773712225e+00 2.073707641961571646e+00 2.041477865295440175e+00 2.476144318296366720e+00 3.141188232471117558e+00 2.674780289298992031e+00 2.019586739786674467e+00 1.850245839375112666e+00 1.850245839375112666e+00 1.589333482773712225e+00 1.589333482773712225e+00 1.589333482773712225e+00 1.589333482773712225e+00
1.589333482773712225e+00 2.674780289298992031e+00 2.674780289298992031e+00 2.986086797840771911e+00 2.986086797840771911e+00 8.005589977371930388e+01 8.188867866602425494e+00 8.188867866602425494e+00 2.019586739786674467e+00 1.850245839375112666e+00 1.850245839375112666e+00 1.589333482773712225e+00 1.589333482773712225e+00 1.589333482773712225e+00
2.674780289298992031e+00 5.681839891404220744e+00 7.842324911192790182e+01 1.049346519377506866e+02 1.564764520439981084e+02 1.195525126140515795e+02 1.047789795850445671e+02 4.997160835585831684e+00 4.997160835585831684e+00 1.850245839375112666e+00 1.850245839375112666e+00 1.589333482773712225e+00 1.589333482773712225e+00 1.589333482773712225e+00
3.141188232471117558e+00 1.420527832365768006e+02 1.564764520439981084e+02 1.566815433005581326e+02 1.569379460133689008e+02 1.265355167558200975e+02 1.265355167558200975e+02 7.048233299102084182e+00 2.029665377933823400e+00 1.850245839375112666e+00 1.850245839375112666e+00 1.589333482773712225e+00 1.589333482773712225e+00 2.019586739786674467e+00
1.562369205883770178e+02 1.591652663913326080e+02 1.569379460133689008e+02 1.435049410097014970e+02 7.643514495997018798e+01 7.643514495997018798e+01 1.850245839375112666e+00 1.850245839375112666e+00 2.029665377933823400e+00 1.850245839375112666e+00 1.850245839375112666e+00 1.589333482773712225e+00 1.589333482773712225e+00 3.496886298304635599e+00
1.556400844006978446e+02 1.364453790441268382e+02 1.265355167558200975e+02 7.643514495997018798e+01 1.850245839375112666e+00 1.850245839375112666e+00 1.850245839375112666e+00 1.589333482773712225e+00 1.850245839375112666e+00 1.850245839375112666e+00 1.589333482773712225e+00 1.589333482773712225e+00 1.589333482773712225e+00 4.031390142215419026e+00
2.037747793259607221e+01 4.580187788375489788e+01 4.031390142215419026e+00 1.850245839375112666e+00 1.850245839375112666e+00 1.589333482773712225e+00 1.589333482773712225e+00 1.589333482773712225e+00 1.589333482773712225e+00 1.589333482773712225e+00 1.589333482773712225e+00 1.589333482773712225e+00 1.850245839375112666e+00 1.850245839375112666e+00
1.850245839375112666e+00 1.850245839375112666e+00 1.850245839375112666e+00 1.850245839375112666e+00 1.589333482773712225e+00 1.589333482773712225e+00 1.589333482773712225e+00 1.589333482773712225e+00 1.589333482773712225e+00 1.589333482773712225e+00 1.589333482773712225e+00 1.589333482773712225e+00 1.589333482773712225e+00 1.589333482773712225e+00
