2.041477865295440175e+00 2.041477865295440175e+00 2.041477865295440175e+00 2.041477865295440175e+00 1.863344037991506497e+00 1.863344037991506497e+00 1.863344037991506497e+00 1.589333482773712225e+00 1.589333482773712225e+00 1.589333482773712225e+00 2.073707641961571646e+00 2.041477865295440175e+00 1.850245839375112666e+00 1.850245839375112666e+00
1.102866500939092376e+01 1.850245839375112666e+00 2.041477865295440175e+00 1.850245839375112666e+00 1.850245839375112666e+00 1.850245839375112666e+00 1.850245839375112666e+00 1.850245839375112666e+00 1.850245839375112666e+00 1.850245839375112666e+00 1.863344037991506497e+00 1.863344037991506497e+00 1.850245839375112666e+00 1.850245839375112666e+00
1.102866500939092376e+01 1.850245839375112666e+00 1.850245839375112666e+00 1.850245839375112666e+00 1.850245839375112666e+00 1.850245839375112666e+00 1.850245839375112666e+00 1.850245839375112666e+00 1.850245839375112666e+00 1.850245839375112666e+00 1.863344037991506497e+00 1.863344037991506497e+00 2.073707641961571646e+00 1.850245839375112666e+00
4.965392080600970814e+00 1.850245839375112666e+00 1.850245839375112666e+00 1.850245839375112666e+00 1.850245839375112666e+00 1.850245839375112666e+00 1.850245839375112666e+00 1.863344037991506497e+00 1.850245839375112666e+00 1.850245839375112666e+00 1.589333482773712225e+00 1.863344037991506497e+00 1.589333482773712225e+00 2.643053021828186466e+00
2.041477865295440175e+00 1.850245839375112666e+00 1.863344037991506497e+00 1.850245839375112666e+00 1.850245839375112666e+00 1.850245839375112666e+00 1.863344037991506497e+00 1.589333482773712225e+00 1.589333482773712225e+00 1.589333482773712225e+00 1.589333482773712225e+00 1.589333482773712225e+00 2.674780289298992031e+00 3.373888640841205877e+00
1.850245839375112666e+00 1.850245839375112666e+00 1.850245839375112666e+00 1.850245839375112666e+00 1.863344037991506497e+00 1.589333482773712225e+00 1.589333482773712225e+00 1.589333482773712225e+00 1.589333482773712225e+00 1.589333482773712225e+00 1.589333482773712225e+00 2.912730841857046116e+00 8.188867866602425494e+00 8.188867866602425494e+00
1.589333482773712225e+00 1.589333482773712225e+00 1.589333482773712225e+00 1.589333482773712225e+00 1.589333482773712225e+00 1.589333482773712225e+00 1.863344037991506497e+00 1.589333482773712225e+00 2.674780289298992031e+00 2.674780289298992031e+00 2.674780289298992031e+00 2.095139464864417533e+01 3.271935469070127223e+00 2.073707641961571646e+00
1.589333482773712225e+00 1.589333482773712225e+00 1.589333482773712225e+00 1.589333482773712225e+00 1.589333482773712225e+00 1.850245839375112666e+00 1.863344037991506497e+00 1.863344037991506497e+00 2.912730841857046116e+00 2.912730841857046116e+00 2.912730841857046116e+00 5.475238893367608384e+00 4.646858109955482874e+00 1.850245839375112666e+00
1.589333482773712225e+00 1.589333482773712225e+00 1.589333482773712225e+00 1.589333482773712225e+00 1.589333482773712225e+00 1.589333482773712225e+00 1.850245839375112666e+00 1.589333482773712225e+00 3.249032700230021220e+00 1.863344037991506497e+00 4.965392080600970814e+00 1.842096037467444702e+01 2.073707641961571646e+00 1.850245839375112666e+00
1.589333482773712225e+00 1.589333482773712225e+00 1.589333482773712225e+00 1.589333482773712225e+00 1.589333482773712225e+00 1.589333482773712225e+00 1.850245839375112666e+00 1.863344037991506497e+00 3.249032700230021220e+00 4.104549919480613873e+00 1.850245839375112666e+00 1.850245839375112666e+00 1.850245839375112666e+00 1.850245839375112666e+00
1.589333482773712225e+00 1.589333482773712225e+00 1.589333482773712225e+00 1.589333482773712225e+00 1.589333482773712225e+00 1.589333482773712225e+00 1.589333482773712225e+00 1.589333482773712225e+00 1.863344037991506497e+00 2.196813341130089636e+00 1.850245839375112666e+00 1.850245839375112666e+00 1.589333482773712225e+00 1.589333482773712225e+00
1.589333482773712225e+00 1.589333482773712225e+00 1.589333482773712225e+00 1.589333482773712225e+00 1.589333482773712225e+00 1.589333482773712225e+00 1.589333482773712225e+00 2.715496787668912670e+00 1.850245839375112666e+00 1.850245839375112666e+00 1.863344037991506497e+00 1.589333482773712225e+00 1.589333482773712225e+00 1.589333482773712225e+00
1.589333482773712225e+00 1.589333482773712225e+00 1.589333482773712225e+00 1.589333482773712225e+00 1.589333482773712225e+00 1.589333482773712225e+00 1.589333482773712225e+00 3.271935469070127223e+00 1.850245839375112666e+00 1.863344037991506497e+00 1.589333482773712225e+00 1.589333482773712225e+00 1.589333482773712225e+00 1.589333482773712225e+00
1.589333482773712225e+00 1.589333482773712225e+00 1.589333482773712225e+00 1.589333482773712225e+00 1.589333482773712225e+00 1.589333482773712225e+00 1.589333482773712225e+00 2.073707641961571646e+00 1.850245839375112666e+00 1.589333482773712225e+00 1.589333482773712225e+00 1.589333482773712225e+00 1.589333482773712225e+00 1.589333482773712225e+00
