2.266636312830651434e+01 2.588714239006633377e+01 3.208371545718667051e+01 3.915207957714218168e+01 3.915207957714218168e+01 4.647556300482536784e+01 4.803271027386318792e+01 4.803271027386318792e+01 4.352051875716642826e+01 4.352051875716642826e+01 4.219995660421241723e+01 4.219995660421241723e+01 4.219995660421241723e+01 4.219995660421241723e+01
3.354750743654665257e+01 3.915207957714218168e+01 4.803271027386318792e+01 4.803271027386318792e+01 5.086514400986857964e+01 5.882810194275503335e+01 5.882810194275503335e+01 5.441835592780154229e+01 5.136777949110827990e+01 4.876491478729406737e+01 4.032601449028630469e+01 4.032601449028630469e+01 4.300346114910675510e+01 4.300346114910675510e+01
4.647556300482536784e+01 5.390279396678178614e+01 5.882810194275503335e+01 6.208499769905805721e+01 6.291720153154941642e+01 6.291720153154941642e+01 6.208499769905805721e+01 6.114879676107006645e+01 4.876491478729406737e+01 4.876491478729406737e+01 3.823080996891179240e+01 4.032601449028630469e+01 3.783919616154197030e+01 4.300346114910675510e+01
5.390279396678178614e+01 6.238715438507680489e+01 6.397118390916332942e+01 6.434130319137508991e+01 6.865533908768692584e+01 6.865533908768692584e+01 6.685719937155297998e+01 6.301475820446459153e+01 4.876491478729406737e+01 4.876491478729406737e+01 3.823080996891179240e+01 3.652747103309339849e+01 3.652747103309339849e+01 3.783919616154197030e+01
6.071232178075415931e+01 6.537458840790856129e+01 6.537458840790856129e+01 6.772452717416641121e+01 6.772452717416641121e+01 6.589813906204807381e+01 6.589813906204807381e+01 6.301475820446459153e+01 4.876491478729406737e+01 4.876491478729406737e+01 3.823080996891179240e+01 3.140434525753705230e+01 3.140434525753705230e+01 3.783919616154197030e+01
5.934616967157018763e+01 6.222193333606872301e+01 6.222193333606872301e+01 6.041128036656581202e+01 6.041128036656581202e+01 6.222193333606872301e+01 6.222193333606872301e+01 5.740695696886999144e+01 4.876491478729406737e+01 4.078066936667212161e+01 3.823080996891179240e+01 3.540259428764992577e+01 3.065418779400150484e+01 3.338254058801700808e+01
5.740695696886999144e+01 5.219557691621754003e+01 4.937841388600809722e+01 4.893077972794527852e+01 4.937841388600809722e+01 5.041495834711567881e+01 5.041495834711567881e+01 5.041495834711567881e+01 4.722497876847191378e+01 4.032601449028630469e+01 3.456195370799650846e+01 3.140434525753705230e+01 3.065418779400150484e+01 3.765374661092076281e+01
5.358112506869689895e+01 4.202732061536232777e+01 3.899540938502983067e+01 3.512073670676539905e+01 3.512073670676539905e+01 3.611233924696082909e+01 3.854721078226870645e+01 3.854721078226870645e+01 3.652747103309339849e+01 3.652747103309339849e+01 3.024045288110634644e+01 3.065418779400150484e+01 3.290957818700170634e+01 3.863651584168134434e+01
4.876491478729406737e+01 3.823080996891179240e+01 2.932025117788085211e+01 2.409190411358932238e+01 2.409190411358932238e+01 2.409190411358932238e+01 2.546804694992485096e+01 2.473675867634425884e+01 2.473675867634425884e+01 2.687800914269105945e+01 2.687800914269105945e+01 3.065418779400150484e+01 3.765374661092076281e+01 4.499238343775132876e+01
4.876491478729406737e+01 3.835164632185743727e+01 2.932025117788085211e+01 2.257985658928300055e+01 1.607604275585465459e+01 1.607604275585465459e+01 2.115064274537368405e+01 2.115064274537368405e+01 2.442867660416266418e+01 2.650689146382189065e+01 2.769872115594219864e+01 3.370692389072287654e+01 4.499238343775132876e+01 5.086514400986857964e+01
5.210585954449916812e+01 3.835164632185743727e+01 2.603236073042774379e+01 2.576561341890869627e+01 1.847219990565186265e+01 1.847219990565186265e+01 1.847219990565186265e+01 2.173050345212439183e+01 2.650689146382189065e+01 2.769872115594219864e+01 3.370692389072287654e+01 3.863651584168134434e+01 4.647556300482536784e+01 5.229649255530086549e+01
5.417027806539770296e+01 4.234513714759020075e+01 3.432061282638556321e+01 2.603236073042774379e+01 2.266636312830651434e+01 2.266636312830651434e+01 2.266636312830651434e+01 2.588714239006633377e+01 3.354750743654665257e+01 3.354750743654665257e+01 3.863651584168134434e+01 4.647556300482536784e+01 5.229649255530086549e+01 5.740695696886999144e+01
5.441835592780154229e+01 4.876491478729406737e+01 4.112492599379920932e+01 3.802673368715399249e+01 3.354750743654665257e+01 3.354750743654665257e+01 3.354750743654665257e+01 3.354750743654665257e+01 3.863651584168134434e+01 4.219995660421241723e+01 4.300346114910675510e+01 5.189282175937784558e+01 5.441835592780154229e+01 4.722497876847191378e+01
5.740695696886999144e+01 5.136777949110827990e+01 4.352051875716642826e+01 4.352051875716642826e+01 4.352051875716642826e+01 3.915207957714218168e+01 3.802673368715399249e+01 4.219995660421241723e+01 4.219995660421241723e+01 4.219995660421241723e+01 4.300346114910675510e+01 4.032601449028630469e+01 4.032601449028630469e+01 3.899540938502983067e+01
