3.141188232471117558e+00 8.580662024078561956e+01 1.181832897243638598e+02 1.574579089726649102e+02 1.052200380150634231e+02 4.868346326787342804e+01 1.036890140524480444e+02 1.472988338878242018e+02 1.574579089726649102e+02 1.591652663913326080e+02 7.981220444861367014e+01 1.850245839375112666e+00 1.589333482773712225e+00 1.589333482773712225e+00
1.181832897243638598e+02 1.555482203618284984e+02 1.591652663913326080e+02 9.178491871064321117e+01 2.567710876292102373e+00 1.850245839375112666e+00 2.476144318296366720e+00 1.556400844006978446e+02 1.575255377943428243e+02 1.574579089726649102e+02 7.981220444861367014e+01 1.850245839375112666e+00 1.589333482773712225e+00 1.589333482773712225e+00
3.764897224273242671e+01 1.574579089726649102e+02 1.574579089726649102e+02 5.475238893367608384e+00 1.850245839375112666e+00 1.851761834146205210e+00 1.589333482773712225e+00 8.293597221389363483e+01 1.575255377943428243e+02 1.569379460133689008e+02 7.981220444861367014e+01 1.850245839375112666e+00 1.589333482773712225e+00 1.589333482773712225e+00
1.850245839375112666e+00 2.476144318296366720e+00 9.947504255465696943e+00 1.850245839375112666e+00 1.851761834146205210e+00 1.851761834146205210e+00 1.589333482773712225e+00 3.141188232471117558e+00 1.575255377943428243e+02 1.569379460133689008e+02 7.981220444861367014e+01 1.850245839375112666e+00 1.589333482773712225e+00 1.589333482773712225e+00
1.589333482773712225e+00 1.850245839375112666e+00 1.850245839375112666e+00 1.850245839375112666e+00 1.851761834146205210e+00 1.851761834146205210e+00 1.589333482773712225e+00 3.141188232471117558e+00 1.575255377943428243e+02 1.569379460133689008e+02 7.981220444861367014e+01 1.850245839375112666e+00 1.589333482773712225e+00 1.589333482773712225e+00
1.589333482773712225e+00 1.589333482773712225e+00 1.589333482773712225e+00 1.589333482773712225e+00 1.850245839375112666e+00 1.850245839375112666e+00 1.589333482773712225e+00 3.141188232471117558e+00 1.562244150822921256e+02 1.569379460133689008e+02 1.850245839375112666e+00 1.851761834146205210e+00 1.589333482773712225e+00 1.589333482773712225e+00
1.589333482773712225e+00 1.589333482773712225e+00 1.589333482773712225e+00 1.589333482773712225e+00 1.589333482773712225e+00 1.589333482773712225e+00 3.141188232471117558e+00 1.575255377943428243e+02 1.556400844006978446e+02 8.038228611750247410e+01 4.997160835585831684e+00 1.850245839375112666e+00 1.589333482773712225e+00 1.589333482773712225e+00
1.589333482773712225e+00 1.589333482773712225e+00 1.589333482773712225e+00 1.589333482773712225e+00 1.589333482773712225e+00 1.589333482773712225e+00 3.141188232471117558e+00 1.575255377943428243e+02 1.591652663913326080e+02 1.569379460133689008e+02 7.842324911192790182e+01 2.019586739786674467e+00 1.850245839375112666e+00 1.589333482773712225e+00
1.589333482773712225e+00 1.589333482773712225e+00 1.589333482773712225e+00 1.589333482773712225e+00 1.589333482773712225e+00 1.589333482773712225e+00 3.141188232471117558e+00 1.575255377943428243e+02 1.595341752940396702e+02 1.591652663913326080e+02 1.310530923759849600e+02 7.842324911192790182e+01 2.019586739786674467e+00 1.850245839375112666e+00
1.589333482773712225e+00 1.589333482773712225e+00 1.589333482773712225e+00 1.589333482773712225e+00 1.589333482773712225e+00 3.141188232471117558e+00 1.575255377943428243e+02 1.591652663913326080e+02 1.595341752940396702e+02 1.595341752940396702e+02 1.559325373485743569e+02 1.414110852903597220e+02 7.842324911192790182e+01 6.761940206386590546e+00
1.589333482773712225e+00 1.589333482773712225e+00 1.589333482773712225e+00 1.589333482773712225e+00 2.216982520530386580e+00 3.141188232471117558e+00 1.575255377943428243e+02 1.595341752940396702e+02 1.595341752940396702e+02 1.574579089726649102e+02 1.591652663913326080e+02 1.591652663913326080e+02 1.414110852903597220e+02 7.842324911192790182e+01
1.589333482773712225e+00 1.589333482773712225e+00 1.589333482773712225e+00 1.589333482773712225e+00 3.141188232471117558e+00 1.575255377943428243e+02 1.591652663913326080e+02 1.595341752940396702e+02 1.595341752940396702e+02 1.595341752940396702e+02 1.595341752940396702e+02 1.574579089726649102e+02 1.569379460133689008e+02 1.414110852903597220e+02
1.589333482773712225e+00 1.589333482773712225e+00 1.589333482773712225e+00 1.589333482773712225e+00 3.141188232471117558e+00 1.575255377943428243e+02 1.595341752940396702e+02 1.595341752940396702e+02 1.595341752940396702e+02 1.595341752940396702e+02 1.575255377943428243e+02 1.591652663913326080e+02 1.435049410097014970e+02 1.052200380150634231e+02
1.589333482773712225e+00 1.589333482773712225e+00 1.589333482773712225e+00 3.141188232471117558e+00 1.575255377943428243e+02 1.591652663913326080e+02 1.564764520439981084e+02 1.562244150822921256e+02 1.574579089726649102e+02 1.574579089726649102e+02 1.574579089726649102e+02 1.574579089726649102e+02 7.643514495997018798e+01 1.850245839375112666e+00
