1.243484566378018741e+01 1.694152278971305847e+01 2.291518823692993934e+01 3.251399029034904231e+01 4.659247065870703608e+01 6.386841122563386364e+01 7.178481229465128877e+01 7.362998816063537788e+01 6.320200336751075554e+01 5.224363479186511938e+01 3.356771642742052819e+01 2.299331771575371164e+01 1.606039593541756361e+01 1.243484566378018741e+01
1.243484566378018741e+01 1.965502188219668867e+01 2.429051692610734392e+01 3.796246368755780054e+01 5.241778282947203138e+01 6.930350550129595888e+01 8.064060367824387754e+01 7.877089220111371048e+01 6.442212294858927635e+01 5.214394356885071602e+01 3.356771642742052819e+01 2.329451150387865965e+01 1.606039593541756361e+01 1.243484566378018741e+01
1.243484566378018741e+01 1.965502188219668867e+01 2.851502433730589203e+01 4.308074772852540946e+01 5.861453131002484440e+01 7.738319339878924552e+01 8.464664657325945996e+01 8.427425610151787794e+01 6.757944943562254991e+01 5.150751870016534184e+01 3.793028938901370140e+01 2.329451150387865965e+01 1.606039593541756361e+01 1.243484566378018741e+01
1.694152278971305847e+01 2.333121999057060236e+01 3.258786048127782919e+01 4.659247065870703608e+01 6.629464886179110295e+01 7.983546031888228356e+01 8.746177307006240653e+01 9.216294929360114452e+01 7.796704601067915519e+01 5.788840653957058180e+01 4.237412406411156240e+01 2.603236073042774379e+01 1.606039593541756361e+01 1.243484566378018741e+01
1.965502188219668867e+01 2.429051692610734392e+01 3.796246368755780054e+01 5.499413795608914768e+01 7.086120568963937671e+01 8.926885489561281872e+01 9.945408516295168511e+01 9.828160140795593236e+01 8.248705964297028004e+01 6.442212294858927635e+01 4.832880876253810243e+01 3.432061282638556321e+01 2.329451150387865965e+01 1.606039593541756361e+01
1.965502188219668867e+01 2.880253877027744025e+01 4.308074772852540946e+01 5.621474520362075111e+01 7.983546031888228356e+01 9.444370478227818921e+01 1.008119409201388521e+02 1.022436929986592133e+02 9.374010425169572613e+01 7.796704601067915519e+01 5.720099184569695439e+01 4.112492599379920932e+01 2.603236073042774379e+01 2.329451150387865965e+01
2.176451217639797520e+01 2.985469459004038129e+01 4.633048950072192440e+01 6.386841122563386364e+01 7.983546031888228356e+01 9.692138472848921538e+01 1.054722867747866957e+02 1.054722867747866957e+02 9.828160140795593236e+01 8.248705964297028004e+01 6.442212294858927635e+01 4.832880876253810243e+01 3.166517726107330688e+01 2.329451150387865965e+01
2.291518823692993934e+01 3.251399029034904231e+01 4.633048950072192440e+01 6.386841122563386364e+01 7.999050834554125800e+01 9.353123904645093489e+01 9.786131488535505696e+01 9.786131488535505696e+01 9.390567892906652503e+01 8.236161172519973661e+01 7.241190040477457046e+01 5.150751870016534184e+01 3.793028938901370140e+01 2.329451150387865965e+01
2.291518823692993934e+01 3.550857409929167119e+01 5.018896248604289667e+01 6.386841122563386364e+01 7.999050834554125800e+01 8.558110558170746174e+01 9.353123904645093489e+01 9.353123904645093489e+01 9.390567892906652503e+01 8.297772817456376515e+01 7.241190040477457046e+01 5.788840653957058180e+01 3.793028938901370140e+01 2.329451150387865965e+01
2.429051692610734392e+01 3.550857409929167119e+01 5.241778282947203138e+01 7.086120568963937671e+01 8.043676504279252981e+01 8.601860678860953158e+01 8.558110558170746174e+01 8.558110558170746174e+01 8.842218246027957207e+01 8.505888995683896781e+01 7.241190040477457046e+01 5.788840653957058180e+01 4.057581591414307809e+01 2.299331771575371164e+01
2.429051692610734392e+01 3.796246368755780054e+01 5.510641182832056728e+01 7.086120568963937671e+01 8.043676504279252981e+01 8.274919442471318121e+01 8.601860678860953158e+01 8.629399359630505728e+01 8.558110558170746174e+01 8.030797089644711662e+01 7.241190040477457046e+01 5.788840653957058180e+01 3.878256731385647527e+01 2.299331771575371164e+01
2.423707695379928850e+01 3.550857409929167119e+01 5.510641182832056728e+01 7.086120568963937671e+01 8.043676504279252981e+01 8.309074006744016572e+01 8.274919442471318121e+01 8.683884415490696540e+01 8.601860678860953158e+01 8.030797089644711662e+01 7.241190040477457046e+01 5.238436959987667052e+01 3.697252298156498540e+01 2.299331771575371164e+01
2.423707695379928850e+01 3.640172472933848269e+01 5.087506921107490143e+01 6.746530062338723610e+01 7.829527471168701425e+01 8.043676504279252981e+01 8.683884415490696540e+01 8.810615433398702123e+01 8.775413571137862334e+01 8.030797089644711662e+01 6.462129447379105329e+01 5.224363479186511938e+01 3.356771642742052819e+01 2.299331771575371164e+01
2.134324204257557867e+01 2.919802340069537649e+01 4.417962887592690890e+01 6.193087741073404118e+01 7.099662277539917454e+01 7.782893462458306999e+01 8.558110558170746174e+01 8.738660867641772256e+01 8.359389491205537581e+01 7.525729657246728266e+01 6.129227141216873775e+01 4.339961049736828613e+01 3.075123017263690883e+01 2.329451150387865965e+01
