1.589333482773712225e+00 1.589333482773712225e+00 1.589333482773712225e+00 1.589333482773712225e+00 1.589333482773712225e+00 1.589333482773712225e+00 1.589333482773712225e+00 3.496886298304635599e+00 2.674780289298992031e+00 4.921210499015224826e+01 6.223029084456506155e+01 1.850245839375112666e+00 1.704949649950225909e+00 1.589333482773712225e+00
1.589333482773712225e+00 1.589333482773712225e+00 1.589333482773712225e+00 1.589333482773712225e+00 1.589333482773712225e+00 1.589333482773712225e+00 1.704949649950225909e+00 9.312692338308435680e+00 3.141188232471117558e+00 3.434697393999373816e+01 6.507113423451720280e+01 1.850245839375112666e+00 1.704949649950225909e+00 1.589333482773712225e+00
1.589333482773712225e+00 1.589333482773712225e+00 1.589333482773712225e+00 1.697384880109645833e+00 1.589333482773712225e+00 1.697384880109645833e+00 1.704949649950225909e+00 2.476144318296366720e+00 9.947504255465696943e+00 3.434697393999373816e+01 9.100481560343800425e+01 1.841316401430396876e+00 1.841316401430396876e+00 1.589333482773712225e+00
1.589333482773712225e+00 1.697384880109645833e+00 1.850245839375112666e+00 1.820678482048187163e+00 1.589333482773712225e+00 1.589333482773712225e+00 1.589333482773712225e+00 1.704949649950225909e+00 3.141188232471117558e+00 1.206649741408067769e+02 5.879849207685252566e+01 2.173006878554177490e+01 1.841316401430396876e+00 1.589333482773712225e+00
1.697384880109645833e+00 1.841316401430396876e+00 1.841316401430396876e+00 1.697384880109645833e+00 1.697384880109645833e+00 1.589333482773712225e+00 1.589333482773712225e+00 1.589333482773712225e+00 3.141188232471117558e+00 1.206649741408067769e+02 6.223029084456506155e+01 1.850245839375112666e+00 1.851761834146205210e+00 1.589333482773712225e+00
8.188867866602425494e+00 8.188867866602425494e+00 2.674780289298992031e+00 1.841316401430396876e+00 1.850245839375112666e+00 1.697384880109645833e+00 1.697384880109645833e+00 2.476144318296366720e+00 1.181832897243638598e+02 1.204180061952198173e+02 5.879849207685252566e+01 1.841316401430396876e+00 1.589333482773712225e+00 1.589333482773712225e+00
8.422843037185646153e+01 1.470448074674466739e+02 7.842324911192790182e+01 6.223029084456506155e+01 1.841316401430396876e+00 1.841316401430396876e+00 1.589333482773712225e+00 2.476144318296366720e+00 4.182882060006901526e+01 3.629718257620775290e+01 1.850245839375112666e+00 1.851761834146205210e+00 1.589333482773712225e+00 1.589333482773712225e+00
1.556400844006978446e+02 1.549721437269421358e+02 1.569379460133689008e+02 5.317309975333665761e+01 2.567710876292102373e+00 1.841316401430396876e+00 1.850245839375112666e+00 1.704949649950225909e+00 1.134731362386577480e+01 1.102866500939092376e+01 1.841316401430396876e+00 1.704949649950225909e+00 1.589333482773712225e+00 1.589333482773712225e+00
3.764897224273242671e+01 4.580187788375489788e+01 4.965392080600970814e+00 2.073707641961571646e+00 1.850245839375112666e+00 1.851761834146205210e+00 1.820678482048187163e+00 1.704949649950225909e+00 9.947504255465696943e+00 1.850245839375112666e+00 1.851761834146205210e+00 1.704949649950225909e+00 1.589333482773712225e+00 1.589333482773712225e+00
1.850245839375112666e+00 1.850245839375112666e+00 1.851761834146205210e+00 1.851761834146205210e+00 1.841316401430396876e+00 1.704949649950225909e+00 1.697384880109645833e+00 1.704949649950225909e+00 1.820678482048187163e+00 1.841316401430396876e+00 1.697384880109645833e+00 1.589333482773712225e+00 1.589333482773712225e+00 1.589333482773712225e+00
1.589333482773712225e+00 1.704949649950225909e+00 1.704949649950225909e+00 1.697384880109645833e+00 1.589333482773712225e+00 1.589333482773712225e+00 1.589333482773712225e+00 1.589333482773712225e+00 3.496886298304635599e+00 2.019586739786674467e+00 1.697384880109645833e+00 1.589333482773712225e+00 1.589333482773712225e+00 1.589333482773712225e+00
1.589333482773712225e+00 1.589333482773712225e+00 1.589333482773712225e+00 1.589333482773712225e+00 1.589333482773712225e+00 1.589333482773712225e+00 1.589333482773712225e+00 1.697384880109645833e+00 1.102866500939092376e+01 1.850245839375112666e+00 1.704949649950225909e+00 1.589333482773712225e+00 1.589333482773712225e+00 1.589333482773712225e+00
1.589333482773712225e+00 1.589333482773712225e+00 1.589333482773712225e+00 1.589333482773712225e+00 1.589333482773712225e+00 1.589333482773712225e+00 1.589333482773712225e+00 3.141188232471117558e+00 8.188867866602425494e+00 1.841316401430396876e+00 1.850245839375112666e+00 1.589333482773712225e+00 1.589333482773712225e+00 1.589333482773712225e+00
1.589333482773712225e+00 1.589333482773712225e+00 1.589333482773712225e+00 1.589333482773712225e+00 1.589333482773712225e+00 1.589333482773712225e+00 1.589333482773712225e+00 8.550508419012949446e+00 1.102866500939092376e+01 4.965392080600970814e+00 1.850245839375112666e+00 1.589333482773712225e+00 1.589333482773712225e+00 1.589333482773712225e+00
