9.703887562972299818e+00 1.562671875259003151e+01 1.131304211715956320e+01 1.131304211715956320e+01 1.264644816178438447e+02 1.304735081996974770e+02 7.560166519018919473e+01 1.161935662252081336e+01 1.161935662252081336e+01 1.161935662252081336e+01 1.300833066857827269e+01 7.330876558431648427e+00 6.855183982362818007e+00 6.855183982362818007e+00
1.161935662252081336e+01 1.450754375466142676e+01 9.703887562972299818e+00 6.700028467195323856e+01 1.491654572936363081e+02 1.291782729398738070e+02 1.264644816178438447e+02 1.304735081996974770e+02 3.367713766308690282e+01 1.161935662252081336e+01 1.161935662252081336e+01 7.330876558431648427e+00 7.330876558431648427e+00 6.353564074531891315e+00
6.353564074531891315e+00 8.319672612121348010e+00 6.855183982362818007e+00 8.319672612121348010e+00 1.078411021039040207e+01 5.143675493479157979e+01 5.143675493479157979e+01 1.436757026336792364e+02 1.436757026336792364e+02 1.450906174360971761e+02 1.450906174360971761e+02 1.300833066857827269e+01 1.117985265623774715e+01 6.353564074531891315e+00
6.855183982362818007e+00 6.855183982362818007e+00 6.855183982362818007e+00 6.855183982362818007e+00 6.353564074531891315e+00 8.319672612121348010e+00 8.319672612121348010e+00 5.143675493479157979e+01 1.436757026336792364e+02 1.436757026336792364e+02 1.450906174360971761e+02 5.437980178685261023e+01 7.330876558431648427e+00 8.319672612121348010e+00
6.855183982362818007e+00 6.855183982362818007e+00 6.855183982362818007e+00 6.855183982362818007e+00 6.855183982362818007e+00 6.855183982362818007e+00 6.353564074531891315e+00 8.319672612121348010e+00 9.703887562972299818e+00 1.436757026336792364e+02 1.436757026336792364e+02 1.450906174360971761e+02 1.300833066857827269e+01 7.330876558431648427e+00
6.855183982362818007e+00 6.855183982362818007e+00 6.855183982362818007e+00 6.855183982362818007e+00 6.855183982362818007e+00 6.855183982362818007e+00 6.855183982362818007e+00 6.353564074531891315e+00 6.353564074531891315e+00 8.198791288189114823e+01 1.436757026336792364e+02 1.328035188801190714e+02 1.300833066857827269e+01 7.330876558431648427e+00
6.855183982362818007e+00 6.855183982362818007e+00 6.855183982362818007e+00 6.855183982362818007e+00 6.855183982362818007e+00 6.855183982362818007e+00 6.855183982362818007e+00 6.353564074531891315e+00 9.703887562972299818e+00 8.198791288189114823e+01 1.436757026336792364e+02 1.067240936925696957e+02 5.437980178685261023e+01 7.330876558431648427e+00
6.855183982362818007e+00 6.855183982362818007e+00 6.855183982362818007e+00 6.855183982362818007e+00 6.855183982362818007e+00 6.855183982362818007e+00 6.855183982362818007e+00 6.855183982362818007e+00 9.703887562972299818e+00 6.353564074531891315e+00 1.436757026336792364e+02 5.437980178685261023e+01 1.202232989080721914e+01 7.330876558431648427e+00
6.855183982362818007e+00 6.855183982362818007e+00 6.855183982362818007e+00 6.855183982362818007e+00 6.855183982362818007e+00 6.855183982362818007e+00 6.855183982362818007e+00 6.855183982362818007e+00 6.353564074531891315e+00 8.198791288189114823e+01 8.198791288189114823e+01 5.437980178685261023e+01 7.330876558431648427e+00 6.855183982362818007e+00
6.855183982362818007e+00 6.855183982362818007e+00 6.855183982362818007e+00 6.855183982362818007e+00 6.855183982362818007e+00 6.855183982362818007e+00 6.855183982362818007e+00 6.855183982362818007e+00 6.353564074531891315e+00 8.198791288189114823e+01 5.437980178685261023e+01 5.437980178685261023e+01 7.330876558431648427e+00 6.855183982362818007e+00
6.855183982362818007e+00 6.855183982362818007e+00 6.855183982362818007e+00 6.855183982362818007e+00 6.855183982362818007e+00 6.855183982362818007e+00 6.855183982362818007e+00 9.703887562972299818e+00 6.353564074531891315e+00 8.198791288189114823e+01 5.437980178685261023e+01 1.202232989080721914e+01 7.330876558431648427e+00 6.855183982362818007e+00
6.855183982362818007e+00 6.855183982362818007e+00 6.855183982362818007e+00 6.855183982362818007e+00 6.855183982362818007e+00 6.855183982362818007e+00 9.703887562972299818e+00 1.562671875259003151e+01 8.198791288189114823e+01 1.067240936925696957e+02 5.786699871500848502e+01 1.134766577472167981e+01 6.855183982362818007e+00 6.855183982362818007e+00
6.855183982362818007e+00 6.855183982362818007e+00 6.855183982362818007e+00 6.855183982362818007e+00 6.855183982362818007e+00 6.855183982362818007e+00 6.353564074531891315e+00 1.131304211715956320e+01 8.198791288189114823e+01 5.437980178685261023e+01 1.300833066857827269e+01 7.330876558431648427e+00 6.855183982362818007e+00 6.855183982362818007e+00
6.855183982362818007e+00 6.855183982362818007e+00 6.855183982362818007e+00 6.855183982362818007e+00 6.855183982362818007e+00 6.855183982362818007e+00 9.703887562972299818e+00 8.198791288189114823e+01 1.436757026336792364e+02 5.437980178685261023e+01 1.300833066857827269e+01 7.330876558431648427e+00 6.855183982362818007e+00 6.855183982362818007e+00
