1.371554662755954546e+01 2.344978832937255220e+01 3.228588059638294538e+01 4.748570622206666059e+01 6.721196271470356010e+01 7.983546031888228356e+01 9.453398537343457519e+01 1.034534922809965138e+02 1.034534922809965138e+02 0.000000000000000000e+00 0.000000000000000000e+00 0.000000000000000000e+00 1.034534922809965138e+02 9.536452779526672430e+01
2.096770535073587283e+01 3.004091692468419694e+01 3.943449990398291050e+01 5.915563323281024566e+01 7.983546031888228356e+01 9.160948564848908404e+01 9.598166258836084808e+01 1.001623471643837462e+02 1.001623471643837462e+02 1.001623471643837462e+02 1.001623471643837462e+02 1.034534922809965138e+02 1.034534922809965138e+02 1.034534922809965138e+02
2.588714239006633377e+01 3.943449990398291050e+01 4.999473949873976864e+01 6.894931734098730658e+01 8.253675678480324507e+01 8.903146690245546324e+01 9.536452779526672430e+01 8.829372147119288172e+01 8.534627510097080005e+01 8.737938975797403884e+01 9.248346515402378998e+01 1.001623471643837462e+02 1.034534922809965138e+02 1.034534922809965138e+02
3.259457149593563940e+01 4.748570622206666059e+01 6.154293346338621262e+01 7.952295471685032169e+01 9.160948564848908404e+01 9.536452779526672430e+01 8.388996591228502098e+01 7.620003355746685259e+01 6.785550502431182451e+01 7.000555987530745483e+01 7.579963395082039312e+01 8.684450542270153051e+01 1.001623471643837462e+02 1.034534922809965138e+02
4.370451211998087615e+01 5.915563323281024566e+01 7.983546031888228356e+01 9.453398537343457519e+01 9.536452779526672430e+01 8.980059219771334256e+01 7.765621724621632893e+01 6.462129447379105329e+01 5.550131411158387351e+01 5.470308321436824173e+01 6.182420754841157873e+01 7.222216419156782763e+01 8.684450542270153051e+01 1.001623471643837462e+02
5.456309836349773690e+01 7.092717793370987067e+01 8.477711843595274388e+01 9.453398537343457519e+01 8.980059219771334256e+01 7.688518062234388140e+01 6.491512225098306033e+01 5.068120718625468157e+01 3.900053099141459967e+01 4.381596246013310036e+01 5.190753721071507698e+01 6.745042350274277965e+01 8.313192451720793485e+01 9.513353884111205616e+01
6.721196271470356010e+01 7.983546031888228356e+01 9.453398537343457519e+01 9.536452779526672430e+01 8.388996591228502098e+01 6.737994550275789152e+01 5.317476285195879626e+01 4.125842567781239723e+01 3.386993162556270676e+01 3.332766396884274940e+01 4.317911192173303192e+01 5.805650271578672772e+01 7.846826559537214507e+01 9.513353884111205616e+01
7.983546031888228356e+01 8.574763638183748071e+01 9.536452779526672430e+01 8.980059219771334256e+01 7.525729657246728266e+01 5.749859783610261843e+01 4.283680207596446365e+01 3.103984570179497027e+01 2.626799421179296345e+01 3.376007492338158045e+01 4.309792853303864746e+01 6.386841122563386364e+01 7.983546031888228356e+01 9.347291508997642495e+01
7.983546031888228356e+01 9.453398537343457519e+01 8.980059219771334256e+01 8.237464505089759825e+01 6.737994550275789152e+01 5.317476285195879626e+01 4.044939896139997870e+01 3.024045288110634644e+01 2.965803097142677203e+01 3.626198403363029144e+01 5.006542347111534497e+01 6.386841122563386364e+01 8.313192451720793485e+01 9.453398537343457519e+01
9.160948564848908404e+01 9.536452779526672430e+01 8.980059219771334256e+01 7.525729657246728266e+01 6.320200336751075554e+01 4.424796661576240808e+01 3.278400215804303741e+01 3.354750743654665257e+01 3.561113903392939051e+01 4.399893291783650540e+01 5.915563323281024566e+01 7.983546031888228356e+01 8.574763638183748071e+01 9.248346515402378998e+01
9.513353884111205616e+01 9.536452779526672430e+01 8.980059219771334256e+01 8.237464505089759825e+01 6.320200336751075554e+01 4.958318369032236461e+01 4.115143146969123222e+01 4.115143146969123222e+01 4.703917086949549287e+01 5.846447878185605873e+01 7.246446136839057317e+01 8.477711843595274388e+01 8.903146690245546324e+01 8.773040485423163659e+01
9.513353884111205616e+01 1.034534922809965138e+02 9.536452779526672430e+01 8.291658052758594977e+01 6.980429838630719530e+01 5.774889897561927654e+01 5.503901985608868586e+01 5.543534740156005114e+01 6.721196271470356010e+01 7.952295471685032169e+01 8.477711843595274388e+01 8.903146690245546324e+01 8.829372147119288172e+01 8.007957491307541886e+01
1.034534922809965138e+02 1.034534922809965138e+02 1.034534922809965138e+02 8.980059219771334256e+01 8.051597091188743605e+01 7.551293269511455719e+01 7.246446136839057317e+01 7.952295471685032169e+01 8.477711843595274388e+01 8.729111233836187012e+01 9.453398537343457519e+01 8.829372147119288172e+01 8.534627510097080005e+01 7.525729657246728266e+01
9.513353884111205616e+01 1.034534922809965138e+02 1.034534922809965138e+02 1.034534922809965138e+02 9.160948564848908404e+01 8.477711843595274388e+01 8.477711843595274388e+01 8.477711843595274388e+01 9.453398537343457519e+01 9.248346515402378998e+01 8.829372147119288172e+01 8.007957491307541886e+01 7.688518062234388140e+01 5.749859783610261843e+01
