1.631327368262521560e+00 1.704949649950225909e+00 1.704949649950225909e+00 1.631327368262521560e+00 1.704949649950225909e+00 1.631327368262521560e+00 1.589333482773712225e+00 1.589333482773712225e+00 1.589333482773712225e+00 1.589333482773712225e+00 1.589333482773712225e+00 1.589333482773712225e+00 1.631327368262521560e+00 1.589333482773712225e+00
1.631327368262521560e+00 1.631327368262521560e+00 1.631327368262521560e+00 1.631327368262521560e+00 1.589333482773712225e+00 1.589333482773712225e+00 2.216982520530386580e+00 1.631327368262521560e+00 1.631327368262521560e+00 1.589333482773712225e+00 1.589333482773712225e+00 1.589333482773712225e+00 1.631327368262521560e+00 1.589333482773712225e+00
1.589333482773712225e+00 1.589333482773712225e+00 1.589333482773712225e+00 1.589333482773712225e+00 2.216982520530386580e+00 2.638195130186635318e+00 4.921210499015224826e+01 8.188867866602425494e+00 1.631327368262521560e+00 1.631327368262521560e+00 1.589333482773712225e+00 1.589333482773712225e+00 1.631327368262521560e+00 1.631327368262521560e+00
1.589333482773712225e+00 1.631327368262521560e+00 1.589333482773712225e+00 1.589333482773712225e+00 3.141188232471117558e+00 1.055112796611839769e+02 1.470448074674466739e+02 5.802405574848131664e+01 1.631327368262521560e+00 1.631327368262521560e+00 1.631327368262521560e+00 1.589333482773712225e+00 1.631327368262521560e+00 1.631327368262521560e+00
1.589333482773712225e+00 1.631327368262521560e+00 1.589333482773712225e+00 1.589333482773712225e+00 3.214809760036732200e+01 7.009305076537911816e+01 9.481216476765072798e+01 5.341352077537305831e+01 1.631327368262521560e+00 1.631327368262521560e+00 1.963018368223515164e+00 2.033402877107663098e+00 1.631327368262521560e+00 1.631327368262521560e+00
1.589333482773712225e+00 1.631327368262521560e+00 1.589333482773712225e+00 1.704949649950225909e+00 1.850245839375112666e+00 3.757208805194569123e+00 9.947504255465696943e+00 7.048233299102084182e+00 2.073707641961571646e+00 1.850245839375112666e+00 1.851761834146205210e+00 1.851761834146205210e+00 1.631327368262521560e+00 1.631327368262521560e+00
1.589333482773712225e+00 1.631327368262521560e+00 1.631327368262521560e+00 1.589333482773712225e+00 1.850245839375112666e+00 1.850245839375112666e+00 1.820678482048187163e+00 1.851761834146205210e+00 1.631327368262521560e+00 1.631327368262521560e+00 1.704949649950225909e+00 1.820678482048187163e+00 1.631327368262521560e+00 1.631327368262521560e+00
1.589333482773712225e+00 1.589333482773712225e+00 1.631327368262521560e+00 1.710732980955257831e+00 1.589333482773712225e+00 1.820678482048187163e+00 1.631327368262521560e+00 1.631327368262521560e+00 1.631327368262521560e+00 1.589333482773712225e+00 1.631327368262521560e+00 1.631327368262521560e+00 1.704949649950225909e+00 1.631327368262521560e+00
1.589333482773712225e+00 1.631327368262521560e+00 1.589333482773712225e+00 1.631327368262521560e+00 1.704949649950225909e+00 1.704949649950225909e+00 1.631327368262521560e+00 1.631327368262521560e+00 1.589333482773712225e+00 1.589333482773712225e+00 1.631327368262521560e+00 1.631327368262521560e+00 1.631327368262521560e+00 1.589333482773712225e+00
1.589333482773712225e+00 1.631327368262521560e+00 1.631327368262521560e+00 1.631327368262521560e+00 1.589333482773712225e+00 1.589333482773712225e+00 1.631327368262521560e+00 1.589333482773712225e+00 1.589333482773712225e+00 1.589333482773712225e+00 1.589333482773712225e+00 1.631327368262521560e+00 1.631327368262521560e+00 1.589333482773712225e+00
1.589333482773712225e+00 1.631327368262521560e+00 1.631327368262521560e+00 1.589333482773712225e+00 1.589333482773712225e+00 1.589333482773712225e+00 1.589333482773712225e+00 1.589333482773712225e+00 1.589333482773712225e+00 1.589333482773712225e+00 1.589333482773712225e+00 1.589333482773712225e+00 1.631327368262521560e+00 1.631327368262521560e+00
1.589333482773712225e+00 1.631327368262521560e+00 1.589333482773712225e+00 1.589333482773712225e+00 1.589333482773712225e+00 1.589333482773712225e+00 1.589333482773712225e+00 1.589333482773712225e+00 1.589333482773712225e+00 1.589333482773712225e+00 1.589333482773712225e+00 1.589333482773712225e+00 1.631327368262521560e+00 1.589333482773712225e+00
1.589333482773712225e+00 1.631327368262521560e+00 1.589333482773712225e+00 1.589333482773712225e+00 2.396400471972329971e+00 1.913993410619275748e+00 1.753154676049083704e+00 2.396400471972329971e+00 1.631327368262521560e+00 1.631327368262521560e+00 1.589333482773712225e+00 1.589333482773712225e+00 1.589333482773712225e+00 1.631327368262521560e+00
1.589333482773712225e+00 1.631327368262521560e+00 1.589333482773712225e+00 1.753154676049083704e+00 2.794286636527202550e+00 1.963018368223515164e+00 2.216982520530386580e+00 2.396400471972329971e+00 2.396400471972329971e+00 2.396400471972329971e+00 2.396400471972329971e+00 2.396400471972329971e+00 1.631327368262521560e+00 1.631327368262521560e+00
