2.196813341130089636e+00 2.196813341130089636e+00 2.196813341130089636e+00 2.196813341130089636e+00 2.196813341130089636e+00 2.196813341130089636e+00 2.196813341130089636e+00 2.196813341130089636e+00 2.196813341130089636e+00 2.196813341130089636e+00 2.196813341130089636e+00 2.196813341130089636e+00 2.196813341130089636e+00 2.196813341130089636e+00
2.196813341130089636e+00 2.196813341130089636e+00 2.196813341130089636e+00 2.196813341130089636e+00 2.196813341130089636e+00 2.196813341130089636e+00 2.196813341130089636e+00 2.196813341130089636e+00 2.196813341130089636e+00 2.196813341130089636e+00 2.196813341130089636e+00 2.196813341130089636e+00 2.196813341130089636e+00 2.484596896076765482e+00
2.196813341130089636e+00 2.196813341130089636e+00 2.196813341130089636e+00 2.196813341130089636e+00 2.196813341130089636e+00 2.196813341130089636e+00 2.196813341130089636e+00 2.196813341130089636e+00 2.196813341130089636e+00 2.196813341130089636e+00 2.196813341130089636e+00 3.264758124203332557e+00 3.500612403530671379e+00 2.484596896076765482e+00
2.196813341130089636e+00 2.196813341130089636e+00 2.196813341130089636e+00 2.196813341130089636e+00 2.196813341130089636e+00 2.196813341130089636e+00 2.196813341130089636e+00 2.196813341130089636e+00 2.196813341130089636e+00 2.196813341130089636e+00 3.264758124203332557e+00 3.500612403530671379e+00 3.500612403530671379e+00 2.196813341130089636e+00
2.196813341130089636e+00 2.196813341130089636e+00 2.196813341130089636e+00 2.196813341130089636e+00 2.196813341130089636e+00 2.196813341130089636e+00 2.196813341130089636e+00 2.196813341130089636e+00 2.196813341130089636e+00 2.196813341130089636e+00 3.264758124203332557e+00 3.500612403530671379e+00 2.484596896076765482e+00 2.196813341130089636e+00
2.196813341130089636e+00 2.196813341130089636e+00 2.196813341130089636e+00 2.196813341130089636e+00 2.196813341130089636e+00 2.196813341130089636e+00 2.196813341130089636e+00 2.196813341130089636e+00 3.264758124203332557e+00 3.500612403530671379e+00 3.264758124203332557e+00 3.500612403530671379e+00 2.484596896076765482e+00 2.196813341130089636e+00
2.196813341130089636e+00 2.196813341130089636e+00 2.196813341130089636e+00 2.196813341130089636e+00 2.196813341130089636e+00 2.196813341130089636e+00 2.196813341130089636e+00 2.196813341130089636e+00 3.264758124203332557e+00 3.500612403530671379e+00 5.904299303793237641e+00 2.196813341130089636e+00 2.196813341130089636e+00 2.196813341130089636e+00
2.196813341130089636e+00 2.196813341130089636e+00 2.196813341130089636e+00 2.196813341130089636e+00 2.196813341130089636e+00 2.196813341130089636e+00 3.264758124203332557e+00 3.264758124203332557e+00 3.264758124203332557e+00 3.500612403530671379e+00 2.484596896076765482e+00 2.196813341130089636e+00 2.196813341130089636e+00 2.196813341130089636e+00
2.196813341130089636e+00 3.264758124203332557e+00 2.196813341130089636e+00 2.484596896076765482e+00 2.196813341130089636e+00 2.196813341130089636e+00 3.264758124203332557e+00 3.500612403530671379e+00 5.703269698099863838e+00 4.646858109955482874e+00 2.196813341130089636e+00 2.196813341130089636e+00 2.196813341130089636e+00 2.196813341130089636e+00
2.196813341130089636e+00 3.264758124203332557e+00 3.500612403530671379e+00 2.484596896076765482e+00 2.484596896076765482e+00 2.196813341130089636e+00 3.500612403530671379e+00 3.500612403530671379e+00 2.196813341130089636e+00 2.196813341130089636e+00 2.196813341130089636e+00 2.196813341130089636e+00 2.196813341130089636e+00 2.196813341130089636e+00
2.196813341130089636e+00 3.264758124203332557e+00 5.904299303793237641e+00 4.646858109955482874e+00 2.484596896076765482e+00 2.196813341130089636e+00 2.484596896076765482e+00 2.484596896076765482e+00 2.196813341130089636e+00 2.196813341130089636e+00 2.196813341130089636e+00 2.196813341130089636e+00 2.196813341130089636e+00 2.196813341130089636e+00
2.484596896076765482e+00 3.264758124203332557e+00 5.703269698099863838e+00 2.196813341130089636e+00 2.484596896076765482e+00 2.196813341130089636e+00 2.196813341130089636e+00 2.196813341130089636e+00 2.196813341130089636e+00 2.196813341130089636e+00 2.196813341130089636e+00 2.196813341130089636e+00 2.196813341130089636e+00 2.196813341130089636e+00
2.196813341130089636e+00 2.484596896076765482e+00 3.264758124203332557e+00 2.196813341130089636e+00 2.196813341130089636e+00 2.196813341130089636e+00 2.196813341130089636e+00 2.196813341130089636e+00 2.196813341130089636e+00 2.196813341130089636e+00 2.196813341130089636e+00 2.196813341130089636e+00 2.196813341130089636e+00 2.196813341130089636e+00
2.196813341130089636e+00 2.196813341130089636e+00 2.484596896076765482e+00 2.196813341130089636e+00 2.196813341130089636e+00 2.196813341130089636e+00 2.196813341130089636e+00 2.196813341130089636e+00 2.196813341130089636e+00 2.196813341130089636e+00 2.196813341130089636e+00 2.196813341130089636e+00 2.196813341130089636e+00 2.196813341130089636e+00
