3.179405624762528504e+01 4.370451211998087615e+01 5.390279396678178614e+01 6.721196271470356010e+01 7.071791217086487791e+01 8.149095260898896242e+01 8.641127911744987955e+01 9.160948564848908404e+01 9.160948564848908404e+01 9.479242682519497976e+01 9.839845189552438853e+01 8.773040485423163659e+01 8.292124776337317371e+01 7.378040800510243002e+01
4.402046303031463026e+01 5.564880352226283833e+01 6.721196271470356010e+01 7.158965179139634927e+01 8.178761169535988529e+01 8.512412910990065029e+01 8.512412910990065029e+01 8.825589368283817748e+01 8.825589368283817748e+01 8.825589368283817748e+01 8.825589368283817748e+01 8.825589368283817748e+01 8.512412910990065029e+01 7.876614217646746852e+01
5.564880352226283833e+01 6.721196271470356010e+01 7.158965179139634927e+01 7.314981533004326764e+01 7.754578579855186149e+01 7.685870398387379510e+01 7.619155477230987117e+01 7.278574186425417736e+01 7.278574186425417736e+01 7.619155477230987117e+01 7.278574186425417736e+01 7.278574186425417736e+01 7.278574186425417736e+01 7.792747313418303179e+01
6.721196271470356010e+01 7.158965179139634927e+01 7.654813382881221173e+01 7.239248229724107375e+01 6.489469436086618259e+01 6.489469436086618259e+01 5.523752225604684440e+01 5.523752225604684440e+01 5.523752225604684440e+01 5.294005634615695755e+01 5.523752225604684440e+01 5.523752225604684440e+01 6.408846615752956666e+01 7.084812883713760812e+01
8.066295174704545445e+01 7.721233643451192563e+01 7.442589018024992242e+01 6.565169614138250154e+01 5.069544046356323008e+01 4.735373257065683106e+01 4.277481703823548997e+01 3.854721078226870645e+01 3.611233924696082909e+01 3.570286777220997010e+01 3.854721078226870645e+01 4.381596246013310036e+01 5.139663274229836532e+01 6.192010113694680484e+01
8.178761169535988529e+01 8.007957491307541886e+01 7.008174701937447537e+01 5.237327622439337915e+01 4.277481703823548997e+01 3.320422351894342228e+01 2.910504102632654622e+01 2.472815982610329399e+01 2.472815982610329399e+01 2.221687911936586701e+01 2.697882987816238654e+01 3.779567682575798671e+01 4.323785128515966392e+01 5.799270967566273072e+01
8.007957491307541886e+01 7.008174701937447537e+01 5.317476285195879626e+01 4.180000925697628134e+01 3.320422351894342228e+01 2.396289604430388920e+01 2.257985658928300055e+01 1.646465769651689115e+01 1.646465769651689115e+01 1.920724186249788801e+01 2.305132850580254456e+01 3.253807365056231760e+01 4.632976083980494764e+01 5.969473408619506216e+01
7.239248229724107375e+01 6.462129447379105329e+01 4.549681101573327169e+01 3.239092150150274563e+01 2.354561180966722844e+01 2.257985658928300055e+01 1.646465769651689115e+01 1.646465769651689115e+01 1.646465769651689115e+01 1.920724186249788801e+01 2.588714239006633377e+01 3.846960380569007043e+01 5.017381297232079618e+01 6.154293346338621262e+01
6.757692254920694097e+01 5.317476285195879626e+01 4.125842567781239723e+01 3.024045288110634644e+01 2.257985658928300055e+01 1.646465769651689115e+01 1.646465769651689115e+01 1.646465769651689115e+01 1.920724186249788801e+01 2.588714239006633377e+01 3.413348074794484432e+01 4.748570622206666059e+01 5.915563323281024566e+01 7.158965179139634927e+01
6.757692254920694097e+01 5.317476285195879626e+01 3.878256731385647527e+01 2.602659625759326900e+01 2.257985658928300055e+01 1.920724186249788801e+01 2.266636312830651434e+01 2.266636312830651434e+01 2.588714239006633377e+01 3.179405624762528504e+01 4.370451211998087615e+01 5.859075078522302249e+01 7.158965179139634927e+01 7.952295471685032169e+01
6.983094927840723187e+01 5.363295896950373987e+01 3.835164632185743727e+01 3.170904915661865076e+01 2.266636312830651434e+01 2.266636312830651434e+01 2.588714239006633377e+01 3.354750743654665257e+01 3.846960380569007043e+01 4.402046303031463026e+01 5.709744605233608183e+01 7.158965179139634927e+01 8.066295174704545445e+01 8.561384928821523488e+01
7.378040800510243002e+01 5.721437459901282097e+01 4.810627335786983139e+01 4.352051875716642826e+01 4.352051875716642826e+01 4.352051875716642826e+01 4.465747165659994522e+01 4.465747165659994522e+01 5.390279396678178614e+01 6.154293346338621262e+01 7.071791217086487791e+01 7.952295471685032169e+01 8.641127911744987955e+01 8.388996591228502098e+01
7.378040800510243002e+01 7.378040800510243002e+01 6.595581187653546351e+01 5.882810194275503335e+01 5.390279396678178614e+01 5.390279396678178614e+01 5.859075078522302249e+01 6.693853097911325278e+01 7.071791217086487791e+01 8.066295174704545445e+01 8.149095260898896242e+01 8.561384928821523488e+01 8.388996591228502098e+01 7.685870398387379510e+01
8.085004688821362606e+01 7.876614217646746852e+01 7.378040800510243002e+01 7.378040800510243002e+01 7.071791217086487791e+01 7.071791217086487791e+01 7.486116800317279285e+01 7.952295471685032169e+01 8.178761169535988529e+01 8.641127911744987955e+01 8.613833638343582777e+01 8.388996591228502098e+01 8.007957491307541886e+01 6.706568238052163622e+01
