1.589333482773712225e+00 1.589333482773712225e+00 1.589333482773712225e+00 1.589333482773712225e+00 1.589333482773712225e+00 1.589333482773712225e+00 3.141188232471117558e+00 4.579979318979940928e+00 1.850245839375112666e+00 1.851761834146205210e+00 1.589333482773712225e+00 1.589333482773712225e+00 1.589333482773712225e+00 1.589333482773712225e+00
1.589333482773712225e+00 1.589333482773712225e+00 1.589333482773712225e+00 1.589333482773712225e+00 1.589333482773712225e+00 1.589333482773712225e+00 3.141188232471117558e+00 1.850245839375112666e+00 1.851761834146205210e+00 1.589333482773712225e+00 1.589333482773712225e+00 1.589333482773712225e+00 1.589333482773712225e+00 1.589333482773712225e+00
1.589333482773712225e+00 1.589333482773712225e+00 1.589333482773712225e+00 1.589333482773712225e+00 1.589333482773712225e+00 1.589333482773712225e+00 2.029665377933823400e+00 1.850245839375112666e+00 1.704949649950225909e+00 1.589333482773712225e+00 1.589333482773712225e+00 1.589333482773712225e+00 1.589333482773712225e+00 1.589333482773712225e+00
1.589333482773712225e+00 1.589333482773712225e+00 1.589333482773712225e+00 1.552241438648730742e+01 1.913957730343963215e+00 1.850245839375112666e+00 1.850245839375112666e+00 1.851761834146205210e+00 1.589333482773712225e+00 1.589333482773712225e+00 1.589333482773712225e+00 1.589333482773712225e+00 1.589333482773712225e+00 1.589333482773712225e+00
1.589333482773712225e+00 1.589333482773712225e+00 1.589333482773712225e+00 3.141188232471117558e+00 4.579979318979940928e+00 1.850245839375112666e+00 1.913957730343963215e+00 1.704949649950225909e+00 1.589333482773712225e+00 1.589333482773712225e+00 1.589333482773712225e+00 1.589333482773712225e+00 1.589333482773712225e+00 1.589333482773712225e+00
1.589333482773712225e+00 1.589333482773712225e+00 3.141188232471117558e+00 4.023761670430924475e+00 5.879849207685252566e+01 1.850245839375112666e+00 1.704949649950225909e+00 1.589333482773712225e+00 1.589333482773712225e+00 1.589333482773712225e+00 1.913957730343963215e+00 1.850245839375112666e+00 2.029665377933823400e+00 1.850245839375112666e+00
1.589333482773712225e+00 1.589333482773712225e+00 3.141188232471117558e+00 1.209001076254435247e+02 7.981220444861367014e+01 1.850245839375112666e+00 1.589333482773712225e+00 1.913957730343963215e+00 1.850245839375112666e+00 1.589333482773712225e+00 3.141188232471117558e+00 1.913957730343963215e+00 1.850245839375112666e+00 1.850245839375112666e+00
1.589333482773712225e+00 3.141188232471117558e+00 1.096856863138169302e+02 1.618433361360519882e+02 6.507113423451720280e+01 1.913957730343963215e+00 1.704949649950225909e+00 3.141188232471117558e+00 2.638195130186635318e+00 2.986086797840771911e+00 4.778448951917277299e+01 7.842324911192790182e+01 2.638195130186635318e+00 1.913957730343963215e+00
1.589333482773712225e+00 3.141188232471117558e+00 1.600683687394614196e+02 1.618433361360519882e+02 9.100481560343800425e+01 7.842324911192790182e+01 5.442732186332824185e+00 2.986086797840771911e+00 7.842324911192790182e+01 1.544945487047969834e+02 1.463019846762794032e+02 1.618433361360519882e+02 6.507113423451720280e+01 4.579979318979940928e+00
3.141188232471117558e+00 1.096856863138169302e+02 1.574579089726649102e+02 1.618433361360519882e+02 1.536038432908578386e+02 7.842324911192790182e+01 7.842324911192790182e+01 1.463019846762794032e+02 1.470448074674466739e+02 1.600683687394614196e+02 1.612568689409501417e+02 1.618433361360519882e+02 6.507113423451720280e+01 1.850245839375112666e+00
3.141188232471117558e+00 1.555482203618284984e+02 1.612568689409501417e+02 1.619288674668477483e+02 1.618433361360519882e+02 1.618433361360519882e+02 1.540818088261351875e+02 1.619288674668477483e+02 1.540818088261351875e+02 1.574579089726649102e+02 1.574579089726649102e+02 1.569379460133689008e+02 6.507113423451720280e+01 1.850245839375112666e+00
9.947504255465696943e+00 1.556400844006978446e+02 1.582794667219452265e+02 1.612568689409501417e+02 1.612568689409501417e+02 1.619288674668477483e+02 1.618433361360519882e+02 1.435049410097014970e+02 1.574579089726649102e+02 1.574579089726649102e+02 1.435049410097014970e+02 8.237157997474746196e+01 1.102866500939092376e+01 1.850245839375112666e+00
3.064484630059424841e+00 9.947504255465696943e+00 1.574579089726649102e+02 1.574579089726649102e+02 1.574579089726649102e+02 1.574579089726649102e+02 1.574579089726649102e+02 3.629718257620775290e+01 6.006490993686674074e+01 6.006490993686674074e+01 6.006490993686674074e+01 4.580187788375489788e+01 1.850245839375112666e+00 1.851761834146205210e+00
1.589333482773712225e+00 1.850245839375112666e+00 1.850245839375112666e+00 3.064484630059424841e+00 4.868346326787342804e+01 3.629718257620775290e+01 1.850245839375112666e+00 1.851761834146205210e+00 1.851761834146205210e+00 1.820678482048187163e+00 1.851761834146205210e+00 1.850245839375112666e+00 1.851761834146205210e+00 1.589333482773712225e+00
