2.178711771701550504e+01 2.794232681241258476e+01 3.614724912231693565e+01 4.707945222190467405e+01 5.969751333772483548e+01 6.541532432633695748e+01 6.590157299245579736e+01 6.489975669368017464e+01 7.000555987530745483e+01 7.641102891083566817e+01 7.784275822183890625e+01 7.897351157167420865e+01 7.362998816063537788e+01 5.788840653957058180e+01
2.344978832937255220e+01 3.228588059638294538e+01 4.277891131317936413e+01 5.541726868293150687e+01 6.395607085424299498e+01 6.381414926116748632e+01 6.172065397843198298e+01 5.749833906928336091e+01 6.242735440911350508e+01 6.447296794644996965e+01 7.000555987530745483e+01 7.784275822183890625e+01 7.362998816063537788e+01 6.320200336751075554e+01
2.429051692610734392e+01 3.744605818537794306e+01 4.633048950072192440e+01 5.835930068796685077e+01 6.114404888573766073e+01 5.749833906928336091e+01 5.354420622169542554e+01 4.756723695525482754e+01 5.039493692143558690e+01 5.473214524085270227e+01 6.379227514501771168e+01 7.097610400327492641e+01 7.176958466025463679e+01 6.320200336751075554e+01
2.280391682906651596e+01 3.544639048119015001e+01 4.834169162800077402e+01 5.729869297993558064e+01 5.749833906928336091e+01 5.072243384811702072e+01 4.623866661698238545e+01 3.900053099141459967e+01 3.852752673895803781e+01 4.834169162800077402e+01 6.379227514501771168e+01 6.857368919339455715e+01 7.176958466025463679e+01 6.320200336751075554e+01
2.280391682906651596e+01 3.128909949339715268e+01 4.253260336922389229e+01 4.756723695525482754e+01 4.756723695525482754e+01 3.900053099141459967e+01 3.540458749083298073e+01 3.062583771277562406e+01 3.744605818537794306e+01 4.583503502392150608e+01 5.798558163153492728e+01 6.904294133655108112e+01 6.834679918733364445e+01 5.945566352202914828e+01
2.134324204257557867e+01 3.128909949339715268e+01 3.481841773990936417e+01 3.441471061555042610e+01 3.573280080402104630e+01 3.459271215848510650e+01 3.174264410985025719e+01 3.184820557454351686e+01 3.991079626439054095e+01 5.342195647499537614e+01 6.365834752019126341e+01 7.019458788776256597e+01 6.757944943562254991e+01 5.578641163236047618e+01
2.025696973751074381e+01 2.323511397751568808e+01 2.698169972774901026e+01 3.062583771277562406e+01 3.062583771277562406e+01 3.086189075988404085e+01 3.208276274598939182e+01 3.614724912231693565e+01 4.707945222190467405e+01 5.711476582133713720e+01 6.969307784074891288e+01 7.077096342340379920e+01 6.567770489852075855e+01 5.317476285195879626e+01
1.693308267350731455e+01 2.096885052546237560e+01 2.441337248131329218e+01 3.184820557454351686e+01 3.354750743654665257e+01 3.561683461155583075e+01 4.013442508980546108e+01 5.047826101361331297e+01 5.886388699849842965e+01 6.969307784074891288e+01 7.665029510811862679e+01 7.362998816063537788e+01 6.320200336751075554e+01 4.726476537035520664e+01
2.317508351857592785e+01 2.393284480094772348e+01 3.208276274598939182e+01 3.561683461155583075e+01 4.262986782392525953e+01 4.916501334428203052e+01 5.692745617251924273e+01 6.536263922824504391e+01 7.531551778715544287e+01 8.077311825341510598e+01 7.897351157167420865e+01 7.362998816063537788e+01 5.879230683409223701e+01 4.339961049736828613e+01
2.782661893498524819e+01 3.364367448066261090e+01 4.262986782392525953e+01 4.916501334428203052e+01 5.886388699849842965e+01 6.536263922824504391e+01 7.531551778715544287e+01 8.370447618823294533e+01 8.574252514781794332e+01 8.729111233836187012e+01 8.297772817456376515e+01 6.735831622318612233e+01 5.578641163236047618e+01 3.878256731385647527e+01
3.614724912231693565e+01 4.707945222190467405e+01 5.564880352226283833e+01 6.536263922824504391e+01 7.246446136839057317e+01 8.370447618823294533e+01 9.089113489255244360e+01 9.396526192874279104e+01 9.216294929360114452e+01 8.777178338653688172e+01 8.104330574454029090e+01 6.462129447379105329e+01 5.063998052439234954e+01 3.323260162523924066e+01
4.370451211998087615e+01 5.711476582133713720e+01 6.721196271470356010e+01 7.665029510811862679e+01 8.370447618823294533e+01 9.034947846232725510e+01 9.609112541058665613e+01 1.002033924952357893e+02 9.301783598742738945e+01 8.505888995683896781e+01 7.240580513984639310e+01 5.578641163236047618e+01 4.125842567781239723e+01 2.847329172505004635e+01
5.241778282947203138e+01 6.721196271470356010e+01 7.843549089094121030e+01 8.574252514781794332e+01 9.034947846232725510e+01 9.511260575439006004e+01 9.736357243258574101e+01 9.383400268547234191e+01 8.911162729031279639e+01 7.690735364213192327e+01 5.937398582160611937e+01 4.283832690314048364e+01 3.239092150150274563e+01 2.299331771575371164e+01
5.510641182832056728e+01 7.086120568963937671e+01 8.518911456391633408e+01 9.159204088308445080e+01 9.235955560264490316e+01 9.330694253525403781e+01 9.301783598742738945e+01 8.911162729031279639e+01 7.690735364213192327e+01 6.301525045069187314e+01 5.063998052439234954e+01 3.323260162523924066e+01 2.847329172505004635e+01 1.606039593541756361e+01
