2.216982520530386580e+00 2.638195130186635318e+00 2.638195130186635318e+00 2.638195130186635318e+00 6.611191397986637242e+01 1.195525126140515795e+02 1.470448074674466739e+02 1.540818088261351875e+02 1.540818088261351875e+02 1.540818088261351875e+02 7.842324911192790182e+01 7.842324911192790182e+01 1.618905020228720844e+02 8.188867866602425494e+00
3.323780293474464287e+01 2.638195130186635318e+00 7.842324911192790182e+01 1.618905020228720844e+02 1.262406989377307127e+02 7.643514495997018798e+01 4.868346326787342804e+01 4.868346326787342804e+01 4.868346326787342804e+01 4.868346326787342804e+01 4.580187788375489788e+01 6.697574277334953763e+01 1.435049410097014970e+02 1.569379460133689008e+02
3.141188232471117558e+00 1.433254706959278337e+02 1.425716577710326192e+02 1.151244705414601697e+02 7.014105783726883203e+01 1.850245839375112666e+00 1.850245839375112666e+00 1.850245839375112666e+00 1.850245839375112666e+00 1.850245839375112666e+00 1.850245839375112666e+00 2.476144318296366720e+00 4.868346326787342804e+01 7.345097497090701211e+01
1.096856863138169302e+02 1.439775730737416950e+02 9.178491871064321117e+01 2.794286636527202550e+00 1.631327368262521560e+00 1.631327368262521560e+00 1.631327368262521560e+00 1.704949649950225909e+00 1.704949649950225909e+00 1.704949649950225909e+00 1.631327368262521560e+00 1.704949649950225909e+00 1.820678482048187163e+00 1.541646971861783832e+01
1.470448074674466739e+02 1.439775730737416950e+02 2.880401073898495312e+01 1.631327368262521560e+00 1.631327368262521560e+00 1.631327368262521560e+00 1.631327368262521560e+00 1.631327368262521560e+00 1.631327368262521560e+00 1.631327368262521560e+00 1.631327368262521560e+00 1.589333482773712225e+00 1.631327368262521560e+00 1.704949649950225909e+00
1.560150066237857231e+02 6.223029084456506155e+01 1.631327368262521560e+00 1.631327368262521560e+00 1.589333482773712225e+00 1.589333482773712225e+00 1.631327368262521560e+00 1.631327368262521560e+00 1.589333482773712225e+00 1.589333482773712225e+00 1.589333482773712225e+00 1.589333482773712225e+00 1.631327368262521560e+00 1.589333482773712225e+00
4.693606278690548805e+01 1.631327368262521560e+00 1.631327368262521560e+00 1.589333482773712225e+00 1.589333482773712225e+00 1.589333482773712225e+00 1.631327368262521560e+00 1.589333482773712225e+00 1.631327368262521560e+00 1.589333482773712225e+00 1.589333482773712225e+00 1.589333482773712225e+00 1.631327368262521560e+00 1.704949649950225909e+00
1.631327368262521560e+00 1.631327368262521560e+00 1.589333482773712225e+00 1.589333482773712225e+00 1.589333482773712225e+00 1.589333482773712225e+00 1.589333482773712225e+00 1.589333482773712225e+00 1.589333482773712225e+00 1.589333482773712225e+00 1.589333482773712225e+00 1.589333482773712225e+00 1.631327368262521560e+00 1.589333482773712225e+00
1.631327368262521560e+00 1.589333482773712225e+00 1.589333482773712225e+00 1.631327368262521560e+00 1.589333482773712225e+00 1.589333482773712225e+00 1.589333482773712225e+00 1.589333482773712225e+00 1.631327368262521560e+00 1.589333482773712225e+00 1.589333482773712225e+00 2.216982520530386580e+00 1.631327368262521560e+00 1.913993410619275748e+00
1.631327368262521560e+00 1.710732980955257831e+00 1.631327368262521560e+00 1.631327368262521560e+00 1.589333482773712225e+00 1.631327368262521560e+00 1.589333482773712225e+00 1.710732980955257831e+00 2.029665377933823400e+00 1.710732980955257831e+00 1.710732980955257831e+00 3.141188232471117558e+00 3.141188232471117558e+00 2.638195130186635318e+00
2.638195130186635318e+00 2.674780289298992031e+00 1.631327368262521560e+00 1.631327368262521560e+00 1.710732980955257831e+00 1.710732980955257831e+00 2.216982520530386580e+00 2.396400471972329971e+00 2.396400471972329971e+00 2.396400471972329971e+00 2.533443688209013001e+00 3.141188232471117558e+00 4.921210499015224826e+01 8.188867866602425494e+00
1.470448074674466739e+02 8.188867866602425494e+00 2.638195130186635318e+00 2.674780289298992031e+00 1.552241438648730742e+01 2.638195130186635318e+00 1.552241438648730742e+01 2.638195130186635318e+00 2.674780289298992031e+00 2.674780289298992031e+00 2.638195130186635318e+00 6.611191397986637242e+01 1.204180061952198173e+02 1.631327368262521560e+00
1.556400844006978446e+02 1.589821204449481229e+02 7.842324911192790182e+01 7.842324911192790182e+01 7.842324911192790182e+01 7.842324911192790182e+01 7.842324911192790182e+01 7.842324911192790182e+01 6.130688190885105371e+01 7.986446129294011875e+00 7.986446129294011875e+00 7.986446129294011875e+00 7.643514495997018798e+01 4.031390142215419026e+00
2.476144318296366720e+00 8.057294855935172961e+01 1.556400844006978446e+02 1.589821204449481229e+02 1.540818088261351875e+02 1.618905020228720844e+02 1.618905020228720844e+02 3.689357171653247747e+01 3.689357171653247747e+01 4.031390142215419026e+00 1.850245839375112666e+00 1.850245839375112666e+00 1.850245839375112666e+00 1.631327368262521560e+00
