1.847219990565186265e+01 2.344978832937255220e+01 3.228588059638294538e+01 4.695391816317268763e+01 5.480820024437635851e+01 6.291309779087720955e+01 6.432942849771441729e+01 6.538560250777837268e+01 6.538560250777837268e+01 6.340915015044220127e+01 6.114879676107006645e+01 4.958318369032236461e+01 4.236317940083306866e+01 2.931657326131780295e+01
1.973472848434259674e+01 2.494883809457676804e+01 3.796246368755780054e+01 5.104859262564758637e+01 6.071232178075415931e+01 6.432942849771441729e+01 6.538560250777837268e+01 6.538560250777837268e+01 6.862343428323254102e+01 6.862343428323254102e+01 6.466051941243563306e+01 5.720099184569695439e+01 4.490074115822233836e+01 3.356771642742052819e+01
2.025696973751074381e+01 2.878822069102264081e+01 3.744605818537794306e+01 5.104859262564758637e+01 6.137350214433811857e+01 6.538560250777837268e+01 6.538560250777837268e+01 6.862343428323254102e+01 6.950115970269170873e+01 6.862343428323254102e+01 6.589813906204807381e+01 6.078678226631504344e+01 4.490074115822233836e+01 3.356771642742052819e+01
2.025696973751074381e+01 2.919802340069537649e+01 3.744605818537794306e+01 5.104859262564758637e+01 6.323195447355874421e+01 6.432942849771441729e+01 6.862343428323254102e+01 7.038035867811615276e+01 7.038035867811615276e+01 6.685719937155297998e+01 6.470475905023916141e+01 5.355021719676354763e+01 4.125842567781239723e+01 3.201807958272513588e+01
2.025696973751074381e+01 2.278457871638444487e+01 3.744605818537794306e+01 5.104859262564758637e+01 5.802436745801654183e+01 6.611037570617457959e+01 7.038035867811615276e+01 7.197131323707482409e+01 7.038035867811615276e+01 6.685719937155297998e+01 6.078678226631504344e+01 4.743944918670671740e+01 3.800350727464888223e+01 2.727104660687365723e+01
1.371554662755954546e+01 2.278457871638444487e+01 3.089734867577282529e+01 4.253260336922389229e+01 5.802436745801654183e+01 6.919896929310888822e+01 7.482887917395024147e+01 7.660522859975414178e+01 7.660522859975414178e+01 6.757944943562254991e+01 5.355021719676354763e+01 4.199110232907638363e+01 3.103984570179497027e+01 2.300455571174914482e+01
1.371554662755954546e+01 2.025696973751074381e+01 3.089734867577282529e+01 4.057118166742765197e+01 5.802436745801654183e+01 6.773564705919604023e+01 7.995282295174379783e+01 7.889819259407993002e+01 7.800229120967138385e+01 6.320200336751075554e+01 5.308928642311844470e+01 3.793028938901370140e+01 2.727104660687365723e+01 1.330532770847572266e+01
1.243247769408093362e+01 2.025696973751074381e+01 2.494883809457676804e+01 3.744605818537794306e+01 5.104859262564758637e+01 6.746530062338723610e+01 7.995282295174379783e+01 7.889819259407993002e+01 7.800229120967138385e+01 6.320200336751075554e+01 4.940569585373025774e+01 3.356771642742052819e+01 2.318860804364815564e+01 1.330532770847572266e+01
1.243247769408093362e+01 1.371554662755954546e+01 2.278457871638444487e+01 3.744605818537794306e+01 5.104859262564758637e+01 6.746530062338723610e+01 7.995282295174379783e+01 7.889819259407993002e+01 7.800229120967138385e+01 6.320200336751075554e+01 5.150751870016534184e+01 3.477142891437782168e+01 2.300455571174914482e+01 1.330532770847572266e+01
1.243247769408093362e+01 1.973472848434259674e+01 2.494883809457676804e+01 3.744605818537794306e+01 5.104859262564758637e+01 6.182420754841157873e+01 7.000555987530745483e+01 7.396788384750750822e+01 7.396788384750750822e+01 6.474010205219906311e+01 5.150751870016534184e+01 3.793028938901370140e+01 2.603236073042774379e+01 1.330532770847572266e+01
1.243247769408093362e+01 1.973472848434259674e+01 2.494883809457676804e+01 3.744605818537794306e+01 4.818593406869362639e+01 5.759016593215273616e+01 6.626306585637460955e+01 6.950115970269170873e+01 6.844530749570419914e+01 6.474010205219906311e+01 5.211950347936440409e+01 4.236317940083306866e+01 2.931657326131780295e+01 1.330532770847572266e+01
1.371554662755954546e+01 2.134324204257557867e+01 2.878822069102264081e+01 3.796246368755780054e+01 4.818593406869362639e+01 5.389212776719878661e+01 6.380617673430361236e+01 6.589813906204807381e+01 6.589813906204807381e+01 6.126924811558220085e+01 5.444330029390613390e+01 4.236317940083306866e+01 2.931657326131780295e+01 2.118269352037021847e+01
1.371554662755954546e+01 2.134324204257557867e+01 2.878822069102264081e+01 3.796246368755780054e+01 4.818593406869362639e+01 5.389212776719878661e+01 5.730989109229972200e+01 5.998630579748773073e+01 6.043046078088291750e+01 5.654491930579830949e+01 5.412686671081272038e+01 4.144473051141538633e+01 2.931657326131780295e+01 2.257060592100042129e+01
1.371554662755954546e+01 2.134324204257557867e+01 3.050180693777558005e+01 4.309792853303864746e+01 5.148369024150817808e+01 5.463592513932584893e+01 5.870254891234823447e+01 5.870254891234823447e+01 6.094788724662303991e+01 5.547179006632890719e+01 5.412686671081272038e+01 4.144473051141538633e+01 2.931657326131780295e+01 2.257060592100042129e+01
