2.986243547263968789e+00 3.141188232471117558e+00 3.141188232471117558e+00 1.555482203618284984e+02 1.520622268048351771e+02 1.265355167558200975e+02 8.064380880580986855e+01 5.541786285533587630e+01 4.593611032906567715e+01 4.593611032906567715e+01 7.902497833077083556e+01 1.107715371362803012e+02 1.047789795850445671e+02 4.997160835585831684e+00
3.141188232471117558e+00 3.141188232471117558e+00 1.181832897243638598e+02 1.435542746028941679e+02 1.265355167558200975e+02 3.726827072096163107e+01 2.041477865295440175e+00 2.041477865295440175e+00 2.041477865295440175e+00 2.041477865295440175e+00 2.275431568550741090e+01 7.738717201858642625e+01 1.107715371362803012e+02 1.047789795850445671e+02
3.141188232471117558e+00 1.181832897243638598e+02 8.064380880580986855e+01 3.726827072096163107e+01 3.726827072096163107e+01 2.041477865295440175e+00 2.041477865295440175e+00 2.073707641961571646e+00 2.073707641961571646e+00 2.073707641961571646e+00 2.041477865295440175e+00 3.249032700230021220e+00 7.738717201858642625e+01 1.107715371362803012e+02
2.713435978443469665e+01 8.064380880580986855e+01 6.112528319551146438e+01 2.041477865295440175e+00 2.041477865295440175e+00 2.041477865295440175e+00 2.041477865295440175e+00 2.041477865295440175e+00 2.041477865295440175e+00 2.041477865295440175e+00 2.041477865295440175e+00 2.041477865295440175e+00 3.616161247569765091e+00 7.738717201858642625e+01
6.582022091642178552e+00 6.112528319551146438e+01 2.041477865295440175e+00 2.041477865295440175e+00 2.041477865295440175e+00 2.041477865295440175e+00 2.041477865295440175e+00 2.041477865295440175e+00 2.041477865295440175e+00 2.041477865295440175e+00 2.041477865295440175e+00 2.073707641961571646e+00 3.141188232471117558e+00 9.947504255465696943e+00
9.178491871064321117e+01 4.997160835585831684e+00 2.484596896076765482e+00 2.041477865295440175e+00 2.041477865295440175e+00 2.041477865295440175e+00 2.041477865295440175e+00 2.041477865295440175e+00 2.041477865295440175e+00 2.041477865295440175e+00 2.041477865295440175e+00 2.073707641961571646e+00 2.041477865295440175e+00 3.616161247569765091e+00
8.237157997474746196e+01 5.475238893367608384e+00 2.484596896076765482e+00 2.041477865295440175e+00 2.041477865295440175e+00 2.041477865295440175e+00 2.041477865295440175e+00 2.041477865295440175e+00 2.041477865295440175e+00 2.041477865295440175e+00 2.041477865295440175e+00 2.041477865295440175e+00 2.073707641961571646e+00 3.141188232471117558e+00
5.317309975333665761e+01 2.173006878554177490e+01 2.041477865295440175e+00 2.041477865295440175e+00 2.041477865295440175e+00 2.041477865295440175e+00 2.041477865295440175e+00 2.041477865295440175e+00 2.041477865295440175e+00 2.041477865295440175e+00 2.041477865295440175e+00 2.041477865295440175e+00 2.986243547263968789e+00 3.141188232471117558e+00
1.172196506873423232e+02 2.484596896076765482e+00 2.041477865295440175e+00 2.041477865295440175e+00 2.041477865295440175e+00 2.041477865295440175e+00 2.041477865295440175e+00 2.041477865295440175e+00 2.041477865295440175e+00 2.041477865295440175e+00 2.986243547263968789e+00 2.986243547263968789e+00 3.373888640841205877e+00 3.141188232471117558e+00
7.981220444861367014e+01 2.484596896076765482e+00 2.041477865295440175e+00 2.041477865295440175e+00 2.041477865295440175e+00 2.041477865295440175e+00 2.041477865295440175e+00 2.041477865295440175e+00 2.041477865295440175e+00 2.041477865295440175e+00 3.141188232471117558e+00 3.496886298304635599e+00 6.104237875314306194e+01 1.228945526378825690e+02
7.981220444861367014e+01 2.484596896076765482e+00 2.041477865295440175e+00 2.041477865295440175e+00 2.041477865295440175e+00 2.041477865295440175e+00 2.041477865295440175e+00 2.041477865295440175e+00 2.041477865295440175e+00 2.073707641961571646e+00 3.141188232471117558e+00 3.141188232471117558e+00 1.228945526378825690e+02 1.520622268048351771e+02
1.047789795850445671e+02 4.997160835585831684e+00 2.484596896076765482e+00 2.041477865295440175e+00 2.986243547263968789e+00 2.643053021828186466e+00 2.484596896076765482e+00 2.041477865295440175e+00 2.041477865295440175e+00 2.986243547263968789e+00 3.141188232471117558e+00 9.488442383802588154e+01 1.435542746028941679e+02 1.265355167558200975e+02
1.107715371362803012e+02 1.047789795850445671e+02 3.929687549434289995e+00 3.373888640841205877e+00 3.373888640841205877e+00 3.496886298304635599e+00 3.373888640841205877e+00 3.373888640841205877e+00 3.373888640841205877e+00 3.373888640841205877e+00 4.188808657709254391e+01 1.520622268048351771e+02 3.726827072096163107e+01 3.726827072096163107e+01
7.738717201858642625e+01 5.097468627942762964e+01 5.185129352479579623e+00 8.188867866602425494e+00 8.188867866602425494e+00 8.188867866602425494e+00 4.669533729819839607e+00 8.188867866602425494e+00 1.391743851462722681e+01 3.048148996401321398e+01 8.064380880580986855e+01 6.112528319551146438e+01 3.726827072096163107e+01 2.041477865295440175e+00
