3.004091692468419694e+01 4.370451211998087615e+01 5.692745617251924273e+01 6.928991371962432311e+01 7.758236001067324139e+01 9.089113489255244360e+01 9.089113489255244360e+01 9.374010425169572613e+01 9.374010425169572613e+01 8.248705964297028004e+01 7.549986178186760810e+01 5.218544263174061371e+01 4.111296790020268332e+01 2.603236073042774379e+01
4.370451211998087615e+01 5.856098416895564185e+01 7.416586900401411242e+01 8.574252514781794332e+01 8.926885489561281872e+01 1.008119409201388521e+02 1.008119409201388521e+02 1.095864735940978392e+02 1.022126302487594245e+02 9.374010425169572613e+01 8.422169629564847071e+01 6.667341193058058479e+01 4.237412406411156240e+01 2.931392226758255504e+01
5.456309836349773690e+01 7.416586900401411242e+01 8.759190431342167926e+01 9.591435561648148678e+01 1.008119409201388521e+02 1.095864735940978392e+02 1.095864735940978392e+02 1.095864735940978392e+02 1.095864735940978392e+02 1.022126302487594245e+02 9.374010425169572613e+01 7.170710834686609303e+01 4.935621303445991259e+01 2.931392226758255504e+01
6.525262326260092038e+01 7.983546031888228356e+01 9.591435561648148678e+01 1.008119409201388521e+02 1.095864735940978392e+02 1.095864735940978392e+02 1.095864735940978392e+02 0.000000000000000000e+00 1.095864735940978392e+02 1.095864735940978392e+02 9.828160140795593236e+01 7.320004269993400214e+01 5.224363479186511938e+01 3.356771642742052819e+01
6.568281325754199429e+01 8.493168592541853457e+01 1.008119409201388521e+02 1.095864735940978392e+02 1.095864735940978392e+02 1.095864735940978392e+02 1.095864735940978392e+02 1.095864735940978392e+02 1.095864735940978392e+02 1.095864735940978392e+02 8.782542731383698253e+01 7.320004269993400214e+01 5.224363479186511938e+01 2.931392226758255504e+01
6.568281325754199429e+01 8.493168592541853457e+01 9.689313262056541021e+01 1.095864735940978392e+02 1.095864735940978392e+02 1.095864735940978392e+02 9.059404043241968907e+01 9.354784984740649634e+01 9.354784984740649634e+01 1.095864735940978392e+02 9.059404043241968907e+01 6.461472334607370271e+01 4.339961049736828613e+01 3.075123017263690883e+01
6.193087741073404118e+01 7.855380348882424357e+01 9.689313262056541021e+01 1.052494319305037891e+02 1.095864735940978392e+02 1.095864735940978392e+02 7.796704601067915519e+01 8.311800167966087827e+01 7.983546031888228356e+01 9.893925895815002036e+01 8.422169629564847071e+01 6.461472334607370271e+01 4.339961049736828613e+01 2.723034857588123359e+01
5.087506921107490143e+01 6.850690916227102889e+01 8.493168592541853457e+01 9.407963081441243958e+01 1.015065588414098698e+02 1.052494319305037891e+02 8.422169629564847071e+01 9.089113489255244360e+01 8.926885489561281872e+01 9.828160140795593236e+01 8.233802572835720923e+01 6.461472334607370271e+01 4.057581591414307809e+01 2.723034857588123359e+01
4.084471520817149326e+01 5.139663274229836532e+01 6.123856625512573260e+01 7.539630248717691074e+01 8.493168592541853457e+01 9.407963081441243958e+01 9.689313262056541021e+01 1.008119409201388521e+02 9.956900808257779545e+01 9.828160140795593236e+01 8.233802572835720923e+01 6.461472334607370271e+01 3.905621322172046916e+01 2.302525768078920976e+01
2.732372316936616485e+01 3.591680854473347750e+01 5.139663274229836532e+01 5.426122548025333003e+01 6.850690916227102889e+01 7.539630248717691074e+01 9.689313262056541021e+01 9.689313262056541021e+01 1.052494319305037891e+02 9.828160140795593236e+01 8.233802572835720923e+01 6.461472334607370271e+01 3.905621322172046916e+01 2.302525768078920976e+01
2.231450447730951936e+01 2.323511397751568808e+01 3.322093473646240369e+01 4.159364994952940009e+01 5.139663274229836532e+01 6.193087741073404118e+01 7.829527471168701425e+01 9.689313262056541021e+01 1.052494319305037891e+02 9.579937713295380775e+01 8.233802572835720923e+01 6.461472334607370271e+01 3.905621322172046916e+01 2.302525768078920976e+01
1.286692704549695776e+01 1.693933025230364464e+01 2.323511397751568808e+01 2.732372316936616485e+01 3.591680854473347750e+01 5.087506921107490143e+01 6.746530062338723610e+01 8.493168592541853457e+01 9.689313262056541021e+01 9.579937713295380775e+01 8.233802572835720923e+01 6.461472334607370271e+01 3.905621322172046916e+01 2.302525768078920976e+01
6.248486843588183071e+00 1.100560205683849802e+01 1.286692704549695776e+01 2.323511397751568808e+01 3.128909949339715268e+01 4.084471520817149326e+01 6.193087741073404118e+01 7.855380348882424357e+01 9.689313262056541021e+01 9.531188769429731167e+01 8.233802572835720923e+01 6.442212294858927635e+01 4.173636324376357720e+01 2.302525768078920976e+01
6.248486843588183071e+00 6.248486843588183071e+00 1.286692704549695776e+01 1.693933025230364464e+01 2.274828112513480605e+01 3.684051810421161832e+01 5.510641182832056728e+01 7.221617231970822104e+01 8.493168592541853457e+01 9.390567892906652503e+01 8.233802572835720923e+01 6.442212294858927635e+01 4.173636324376357720e+01 2.603236073042774379e+01
