2.196813341130089636e+00 2.196813341130089636e+00 2.196813341130089636e+00 2.196813341130089636e+00 3.500612403530671379e+00 3.500612403530671379e+00 3.500612403530671379e+00 3.500612403530671379e+00 3.500612403530671379e+00 1.163945483619680665e+01 3.251099420485145686e+01 3.251099420485145686e+01 3.251099420485145686e+01 1.540273718128697134e+01
3.500612403530671379e+00 3.500612403530671379e+00 3.500612403530671379e+00 3.500612403530671379e+00 1.163945483619680665e+01 3.251099420485145686e+01 3.251099420485145686e+01 1.540273718128697134e+01 3.446208668972564482e+01 9.501548011942877281e+01 9.501548011942877281e+01 9.501548011942877281e+01 8.188867866602425494e+00 8.188867866602425494e+00
3.251099420485145686e+01 3.251099420485145686e+01 1.540273718128697134e+01 3.446208668972564482e+01 9.501548011942877281e+01 9.501548011942877281e+01 9.501548011942877281e+01 3.446208668972564482e+01 1.523958966401080204e+02 1.523958966401080204e+02 1.523958966401080204e+02 1.523958966401080204e+02 1.523958966401080204e+02 5.437980178685261023e+01
9.501548011942877281e+01 9.501548011942877281e+01 9.501548011942877281e+01 1.523958966401080204e+02 1.523958966401080204e+02 1.523958966401080204e+02 1.523958966401080204e+02 1.523958966401080204e+02 1.534788495674038131e+02 1.534788495674038131e+02 1.390289787650084747e+02 1.577029991515946392e+02 1.523958966401080204e+02 1.047789795850445671e+02
1.523958966401080204e+02 1.523958966401080204e+02 1.523958966401080204e+02 1.534788495674038131e+02 1.577029991515946392e+02 1.577029991515946392e+02 1.577029991515946392e+02 8.064380880580986855e+01 8.064380880580986855e+01 5.541786285533587630e+01 1.390289787650084747e+02 1.577029991515946392e+02 1.577029991515946392e+02 8.237157997474746196e+01
1.577029991515946392e+02 1.577029991515946392e+02 1.577029991515946392e+02 5.541786285533587630e+01 8.064380880580986855e+01 2.930296116965191544e+01 2.784537883828629035e+01 5.703269698099863838e+00 5.703269698099863838e+00 1.643191341132892092e+01 8.198791288189114823e+01 1.515389179468550651e+02 1.577029991515946392e+02 1.047789795850445671e+02
2.930296116965191544e+01 9.422117974062940604e+00 5.703269698099863838e+00 7.433417477443331478e+00 7.433417477443331478e+00 2.196813341130089636e+00 2.196813341130089636e+00 3.500612403530671379e+00 5.703269698099863838e+00 6.986888920653053781e+00 8.198791288189114823e+01 1.515389179468550651e+02 1.577029991515946392e+02 3.677960721692713975e+01
2.196813341130089636e+00 2.196813341130089636e+00 3.500612403530671379e+00 2.196813341130089636e+00 2.196813341130089636e+00 2.196813341130089636e+00 2.196813341130089636e+00 2.196813341130089636e+00 3.500612403530671379e+00 4.182274661468866839e+00 3.500612403530671379e+00 1.515389179468550651e+02 1.577029991515946392e+02 4.040121841326538288e+01
2.196813341130089636e+00 2.196813341130089636e+00 2.196813341130089636e+00 2.196813341130089636e+00 2.196813341130089636e+00 2.196813341130089636e+00 2.196813341130089636e+00 2.196813341130089636e+00 2.196813341130089636e+00 3.500612403530671379e+00 3.500612403530671379e+00 1.515389179468550651e+02 8.237157997474746196e+01 4.040121841326538288e+01
2.196813341130089636e+00 2.196813341130089636e+00 2.196813341130089636e+00 2.196813341130089636e+00 2.196813341130089636e+00 2.196813341130089636e+00 2.196813341130089636e+00 2.196813341130089636e+00 2.196813341130089636e+00 3.500612403530671379e+00 8.198791288189114823e+01 1.179304601360827860e+02 3.677960721692713975e+01 2.196813341130089636e+00
2.196813341130089636e+00 2.196813341130089636e+00 2.196813341130089636e+00 2.196813341130089636e+00 2.196813341130089636e+00 2.196813341130089636e+00 2.196813341130089636e+00 2.196813341130089636e+00 2.196813341130089636e+00 3.500612403530671379e+00 1.515389179468550651e+02 1.577029991515946392e+02 4.040121841326538288e+01 1.034909676218278918e+01
2.196813341130089636e+00 2.196813341130089636e+00 2.196813341130089636e+00 2.196813341130089636e+00 2.196813341130089636e+00 2.196813341130089636e+00 2.196813341130089636e+00 2.196813341130089636e+00 2.196813341130089636e+00 3.500612403530671379e+00 1.515389179468550651e+02 8.237157997474746196e+01 4.040121841326538288e+01 7.187696091454550462e+00
2.196813341130089636e+00 2.196813341130089636e+00 2.196813341130089636e+00 2.196813341130089636e+00 2.196813341130089636e+00 2.196813341130089636e+00 2.196813341130089636e+00 2.196813341130089636e+00 3.500612403530671379e+00 3.500612403530671379e+00 1.515389179468550651e+02 8.237157997474746196e+01 4.040121841326538288e+01 2.196813341130089636e+00
2.196813341130089636e+00 2.196813341130089636e+00 2.196813341130089636e+00 2.196813341130089636e+00 2.196813341130089636e+00 2.196813341130089636e+00 2.196813341130089636e+00 2.196813341130089636e+00 3.500612403530671379e+00 8.198791288189114823e+01 1.179304601360827860e+02 3.677960721692713975e+01 2.196813341130089636e+00 2.196813341130089636e+00
