8.188867866602425494e+00 8.188867866602425494e+00 8.188867866602425494e+00 1.038871012203638884e+02 1.038871012203638884e+02 8.188867866602425494e+00 8.188867866602425494e+00 3.929687549434289995e+00 2.484596896076765482e+00 2.041477865295440175e+00 2.041477865295440175e+00 2.073707641961571646e+00 2.041477865295440175e+00 2.041477865295440175e+00
2.037747793259607221e+01 2.037747793259607221e+01 3.251099420485145686e+01 1.090384736469040945e+02 6.803358255251406206e+01 3.711761360117351671e+01 1.133242991934254320e+02 8.188867866602425494e+00 1.038871012203638884e+02 2.674780289298992031e+00 2.484596896076765482e+00 2.041477865295440175e+00 2.041477865295440175e+00 2.041477865295440175e+00
2.275431568550741090e+01 2.275431568550741090e+01 7.738717201858642625e+01 4.580187788375489788e+01 4.580187788375489788e+01 4.580187788375489788e+01 2.037747793259607221e+01 1.107715371362803012e+02 9.250535634105845872e+01 8.188867866602425494e+00 2.547129718914361796e+00 2.041477865295440175e+00 2.041477865295440175e+00 2.041477865295440175e+00
2.041477865295440175e+00 2.041477865295440175e+00 2.041477865295440175e+00 2.041477865295440175e+00 2.041477865295440175e+00 2.041477865295440175e+00 2.041477865295440175e+00 7.738717201858642625e+01 9.947504255465696943e+00 9.250535634105845872e+01 1.038871012203638884e+02 2.674780289298992031e+00 2.041477865295440175e+00 2.041477865295440175e+00
2.041477865295440175e+00 2.041477865295440175e+00 2.041477865295440175e+00 2.041477865295440175e+00 2.041477865295440175e+00 2.041477865295440175e+00 2.073707641961571646e+00 3.818583093911258608e+00 3.616161247569765091e+00 1.107715371362803012e+02 1.038871012203638884e+02 3.929687549434289995e+00 2.484596896076765482e+00 2.041477865295440175e+00
2.041477865295440175e+00 2.041477865295440175e+00 2.041477865295440175e+00 2.041477865295440175e+00 2.041477865295440175e+00 2.041477865295440175e+00 2.073707641961571646e+00 2.674780289298992031e+00 2.912730841857046116e+00 7.738717201858642625e+01 9.250535634105845872e+01 7.981220444861367014e+01 2.643053021828186466e+00 2.041477865295440175e+00
2.041477865295440175e+00 2.041477865295440175e+00 2.041477865295440175e+00 2.041477865295440175e+00 2.041477865295440175e+00 2.041477865295440175e+00 2.041477865295440175e+00 2.041477865295440175e+00 3.616161247569765091e+00 8.293597221389363483e+01 1.549689519808211173e+02 7.981220444861367014e+01 2.691383814672688946e+00 2.041477865295440175e+00
2.041477865295440175e+00 2.041477865295440175e+00 2.041477865295440175e+00 2.041477865295440175e+00 2.041477865295440175e+00 2.041477865295440175e+00 2.041477865295440175e+00 2.073707641961571646e+00 9.312692338308435680e+00 8.293597221389363483e+01 1.520622268048351771e+02 7.981220444861367014e+01 2.547129718914361796e+00 2.041477865295440175e+00
2.041477865295440175e+00 2.041477865295440175e+00 2.041477865295440175e+00 2.041477865295440175e+00 2.041477865295440175e+00 2.041477865295440175e+00 2.041477865295440175e+00 2.041477865295440175e+00 9.312692338308435680e+00 2.912730841857046116e+00 1.552979333638847095e+02 7.981220444861367014e+01 2.547129718914361796e+00 2.041477865295440175e+00
2.041477865295440175e+00 2.041477865295440175e+00 2.041477865295440175e+00 2.041477865295440175e+00 2.041477865295440175e+00 2.041477865295440175e+00 2.041477865295440175e+00 2.041477865295440175e+00 9.312692338308435680e+00 2.912730841857046116e+00 1.520622268048351771e+02 5.475238893367608384e+00 2.073707641961571646e+00 2.041477865295440175e+00
2.041477865295440175e+00 2.041477865295440175e+00 2.041477865295440175e+00 2.041477865295440175e+00 2.041477865295440175e+00 2.041477865295440175e+00 2.041477865295440175e+00 2.041477865295440175e+00 2.912730841857046116e+00 2.912730841857046116e+00 1.346079471151875566e+02 4.997160835585831684e+00 2.547129718914361796e+00 2.041477865295440175e+00
2.041477865295440175e+00 2.041477865295440175e+00 2.041477865295440175e+00 2.041477865295440175e+00 2.041477865295440175e+00 2.041477865295440175e+00 2.041477865295440175e+00 2.073707641961571646e+00 2.912730841857046116e+00 8.293597221389363483e+01 5.317309975333665761e+01 5.317309975333665761e+01 2.484596896076765482e+00 2.041477865295440175e+00
2.041477865295440175e+00 2.041477865295440175e+00 2.041477865295440175e+00 2.041477865295440175e+00 2.041477865295440175e+00 2.041477865295440175e+00 2.041477865295440175e+00 2.041477865295440175e+00 2.912730841857046116e+00 3.434697393999373816e+01 8.237157997474746196e+01 2.173006878554177490e+01 2.041477865295440175e+00 2.041477865295440175e+00
2.041477865295440175e+00 2.041477865295440175e+00 2.041477865295440175e+00 2.041477865295440175e+00 2.041477865295440175e+00 2.041477865295440175e+00 2.041477865295440175e+00 2.674780289298992031e+00 2.912730841857046116e+00 1.520622268048351771e+02 5.317309975333665761e+01 2.484596896076765482e+00 2.041477865295440175e+00 2.041477865295440175e+00
