1.589333482773712225e+00 1.589333482773712225e+00 1.704949649950225909e+00 1.704949649950225909e+00 1.589333482773712225e+00 1.589333482773712225e+00 1.589333482773712225e+00 1.589333482773712225e+00 1.589333482773712225e+00 1.589333482773712225e+00 1.589333482773712225e+00 1.589333482773712225e+00 1.589333482773712225e+00 1.589333482773712225e+00
1.589333482773712225e+00 1.704949649950225909e+00 1.704949649950225909e+00 1.704949649950225909e+00 1.589333482773712225e+00 1.589333482773712225e+00 1.589333482773712225e+00 1.589333482773712225e+00 1.589333482773712225e+00 1.589333482773712225e+00 1.589333482773712225e+00 1.589333482773712225e+00 1.589333482773712225e+00 1.589333482773712225e+00
1.704949649950225909e+00 1.704949649950225909e+00 1.704949649950225909e+00 1.704949649950225909e+00 1.589333482773712225e+00 1.589333482773712225e+00 1.589333482773712225e+00 1.589333482773712225e+00 1.589333482773712225e+00 1.589333482773712225e+00 1.589333482773712225e+00 1.552241438648730742e+01 1.913957730343963215e+00 1.850245839375112666e+00
1.704949649950225909e+00 1.704949649950225909e+00 1.704949649950225909e+00 1.704949649950225909e+00 1.589333482773712225e+00 1.589333482773712225e+00 1.589333482773712225e+00 1.589333482773712225e+00 1.589333482773712225e+00 1.589333482773712225e+00 1.589333482773712225e+00 3.141188232471117558e+00 4.579979318979940928e+00 1.913957730343963215e+00
1.704949649950225909e+00 1.589333482773712225e+00 1.704949649950225909e+00 1.589333482773712225e+00 1.589333482773712225e+00 1.589333482773712225e+00 1.589333482773712225e+00 1.589333482773712225e+00 1.589333482773712225e+00 1.589333482773712225e+00 3.141188232471117558e+00 3.141188232471117558e+00 2.173006878554177490e+01 1.850245839375112666e+00
2.029665377933823400e+00 1.704949649950225909e+00 1.704949649950225909e+00 1.704949649950225909e+00 1.589333482773712225e+00 1.589333482773712225e+00 1.589333482773712225e+00 1.589333482773712225e+00 1.589333482773712225e+00 1.589333482773712225e+00 3.141188232471117558e+00 3.689357171653247747e+01 1.850245839375112666e+00 1.851761834146205210e+00
2.041477865295440175e+00 1.850245839375112666e+00 1.704949649950225909e+00 1.704949649950225909e+00 1.704949649950225909e+00 1.589333482773712225e+00 1.589333482773712225e+00 1.589333482773712225e+00 1.589333482773712225e+00 1.589333482773712225e+00 9.947504255465696943e+00 1.850245839375112666e+00 1.851761834146205210e+00 1.704949649950225909e+00
1.913957730343963215e+00 1.850245839375112666e+00 1.850245839375112666e+00 1.850245839375112666e+00 1.704949649950225909e+00 1.589333482773712225e+00 1.589333482773712225e+00 1.850245839375112666e+00 1.589333482773712225e+00 2.794286636527202550e+00 1.850245839375112666e+00 1.850245839375112666e+00 1.704949649950225909e+00 1.589333482773712225e+00
2.029665377933823400e+00 1.850245839375112666e+00 1.851761834146205210e+00 1.851761834146205210e+00 1.704949649950225909e+00 1.589333482773712225e+00 1.589333482773712225e+00 1.589333482773712225e+00 1.704949649950225909e+00 1.820678482048187163e+00 1.851761834146205210e+00 1.704949649950225909e+00 1.704949649950225909e+00 1.589333482773712225e+00
1.820678482048187163e+00 1.851761834146205210e+00 1.850245839375112666e+00 1.820678482048187163e+00 1.704949649950225909e+00 1.704949649950225909e+00 1.589333482773712225e+00 1.704949649950225909e+00 1.704949649950225909e+00 1.704949649950225909e+00 1.704949649950225909e+00 1.913957730343963215e+00 1.704949649950225909e+00 1.589333482773712225e+00
1.704949649950225909e+00 1.704949649950225909e+00 1.589333482773712225e+00 1.704949649950225909e+00 1.589333482773712225e+00 1.589333482773712225e+00 1.589333482773712225e+00 1.589333482773712225e+00 1.704949649950225909e+00 1.704949649950225909e+00 1.850245839375112666e+00 1.704949649950225909e+00 1.704949649950225909e+00 1.589333482773712225e+00
1.589333482773712225e+00 1.589333482773712225e+00 1.589333482773712225e+00 1.589333482773712225e+00 1.589333482773712225e+00 1.589333482773712225e+00 1.589333482773712225e+00 1.589333482773712225e+00 1.589333482773712225e+00 1.704949649950225909e+00 1.850245839375112666e+00 1.851761834146205210e+00 1.704949649950225909e+00 1.589333482773712225e+00
1.589333482773712225e+00 1.589333482773712225e+00 1.589333482773712225e+00 1.589333482773712225e+00 1.589333482773712225e+00 1.589333482773712225e+00 1.589333482773712225e+00 1.589333482773712225e+00 1.589333482773712225e+00 1.850245839375112666e+00 1.851761834146205210e+00 1.820678482048187163e+00 1.704949649950225909e+00 1.704949649950225909e+00
1.589333482773712225e+00 1.589333482773712225e+00 1.589333482773712225e+00 1.589333482773712225e+00 1.589333482773712225e+00 1.589333482773712225e+00 1.589333482773712225e+00 1.589333482773712225e+00 1.589333482773712225e+00 1.589333482773712225e+00 1.820678482048187163e+00 1.704949649950225909e+00 1.704949649950225909e+00 1.704949649950225909e+00
