1.589333482773712225e+00 1.589333482773712225e+00 1.589333482773712225e+00 1.589333482773712225e+00 1.589333482773712225e+00 1.589333482773712225e+00 1.589333482773712225e+00 1.589333482773712225e+00 1.589333482773712225e+00 1.589333482773712225e+00 1.589333482773712225e+00 1.589333482773712225e+00 1.589333482773712225e+00 1.589333482773712225e+00
1.589333482773712225e+00 1.589333482773712225e+00 1.589333482773712225e+00 1.589333482773712225e+00 1.589333482773712225e+00 1.589333482773712225e+00 1.589333482773712225e+00 1.718684530099153784e+00 1.718684530099153784e+00 1.718684530099153784e+00 1.589333482773712225e+00 1.589333482773712225e+00 1.589333482773712225e+00 1.589333482773712225e+00
1.589333482773712225e+00 1.589333482773712225e+00 1.589333482773712225e+00 1.589333482773712225e+00 1.589333482773712225e+00 1.589333482773712225e+00 1.718684530099153784e+00 1.718684530099153784e+00 1.850245839375112666e+00 1.850245839375112666e+00 1.718684530099153784e+00 1.718684530099153784e+00 1.718684530099153784e+00 1.589333482773712225e+00
1.589333482773712225e+00 1.589333482773712225e+00 1.589333482773712225e+00 1.589333482773712225e+00 1.704949649950225909e+00 1.718684530099153784e+00 1.718684530099153784e+00 2.019586739786674467e+00 1.850245839375112666e+00 1.850245839375112666e+00 1.850245839375112666e+00 1.718684530099153784e+00 1.704949649950225909e+00 1.589333482773712225e+00
1.589333482773712225e+00 1.589333482773712225e+00 1.704949649950225909e+00 1.704949649950225909e+00 1.589333482773712225e+00 1.704949649950225909e+00 3.141188232471117558e+00 8.188867866602425494e+00 1.841316401430396876e+00 1.841316401430396876e+00 1.841316401430396876e+00 1.704949649950225909e+00 1.704949649950225909e+00 1.589333482773712225e+00
1.589333482773712225e+00 1.589333482773712225e+00 1.704949649950225909e+00 1.589333482773712225e+00 1.704949649950225909e+00 3.141188232471117558e+00 8.422843037185646153e+01 5.437980178685261023e+01 2.804445452818116280e+01 1.841316401430396876e+00 1.841316401430396876e+00 1.704949649950225909e+00 1.589333482773712225e+00 1.589333482773712225e+00
1.589333482773712225e+00 1.589333482773712225e+00 1.704949649950225909e+00 1.589333482773712225e+00 1.589333482773712225e+00 3.141188232471117558e+00 1.555482203618284984e+02 9.178491871064321117e+01 1.850245839375112666e+00 1.851761834146205210e+00 1.841316401430396876e+00 1.589333482773712225e+00 1.589333482773712225e+00 1.589333482773712225e+00
1.589333482773712225e+00 1.589333482773712225e+00 1.589333482773712225e+00 1.589333482773712225e+00 1.589333482773712225e+00 1.181832897243638598e+02 1.439705757863282258e+02 7.981220444861367014e+01 1.850245839375112666e+00 1.718684530099153784e+00 1.718684530099153784e+00 1.589333482773712225e+00 1.589333482773712225e+00 1.589333482773712225e+00
1.589333482773712225e+00 1.589333482773712225e+00 1.589333482773712225e+00 1.589333482773712225e+00 3.141188232471117558e+00 1.148413366900175134e+02 1.464296875307418873e+02 8.038228611750247410e+01 1.850245839375112666e+00 1.718684530099153784e+00 1.704949649950225909e+00 1.589333482773712225e+00 1.589333482773712225e+00 1.589333482773712225e+00
1.589333482773712225e+00 1.589333482773712225e+00 1.589333482773712225e+00 1.589333482773712225e+00 3.141188232471117558e+00 1.181832897243638598e+02 1.439705757863282258e+02 7.981220444861367014e+01 1.841316401430396876e+00 1.851761834146205210e+00 1.718684530099153784e+00 1.589333482773712225e+00 1.589333482773712225e+00 1.589333482773712225e+00
1.589333482773712225e+00 1.589333482773712225e+00 1.589333482773712225e+00 1.589333482773712225e+00 3.214809760036732200e+01 1.445087691828582308e+02 1.574579089726649102e+02 1.850245839375112666e+00 1.850245839375112666e+00 1.704949649950225909e+00 1.704949649950225909e+00 1.589333482773712225e+00 1.589333482773712225e+00 1.589333482773712225e+00
1.589333482773712225e+00 1.589333482773712225e+00 1.589333482773712225e+00 1.589333482773712225e+00 3.753641181672681881e+01 3.764897224273242671e+01 5.097468627942762964e+01 1.841316401430396876e+00 1.841316401430396876e+00 1.704949649950225909e+00 1.589333482773712225e+00 1.589333482773712225e+00 1.589333482773712225e+00 1.589333482773712225e+00
1.589333482773712225e+00 1.589333482773712225e+00 1.589333482773712225e+00 3.141188232471117558e+00 3.110270295052868228e+00 1.134731362386577480e+01 1.102866500939092376e+01 1.841316401430396876e+00 1.841316401430396876e+00 1.718684530099153784e+00 1.589333482773712225e+00 1.589333482773712225e+00 1.589333482773712225e+00 1.589333482773712225e+00
1.589333482773712225e+00 1.589333482773712225e+00 1.718684530099153784e+00 3.496886298304635599e+00 1.546469412784102282e+01 1.577479387730419624e+01 1.850245839375112666e+00 1.851761834146205210e+00 1.851761834146205210e+00 1.589333482773712225e+00 1.589333482773712225e+00 1.589333482773712225e+00 1.589333482773712225e+00 1.589333482773712225e+00
