1.589333482773712225e+00 1.589333482773712225e+00 1.589333482773712225e+00 1.589333482773712225e+00 1.589333482773712225e+00 1.589333482773712225e+00 1.589333482773712225e+00 1.589333482773712225e+00 1.589333482773712225e+00 1.863344037991506497e+00 1.850245839375112666e+00 1.850245839375112666e+00 1.863344037991506497e+00 1.589333482773712225e+00
1.589333482773712225e+00 1.589333482773712225e+00 1.589333482773712225e+00 1.589333482773712225e+00 1.589333482773712225e+00 1.589333482773712225e+00 1.589333482773712225e+00 1.589333482773712225e+00 1.589333482773712225e+00 2.073707641961571646e+00 1.850245839375112666e+00 1.863344037991506497e+00 1.589333482773712225e+00 1.589333482773712225e+00
1.589333482773712225e+00 1.589333482773712225e+00 1.589333482773712225e+00 1.589333482773712225e+00 1.589333482773712225e+00 1.589333482773712225e+00 1.589333482773712225e+00 1.863344037991506497e+00 2.041477865295440175e+00 1.850245839375112666e+00 1.850245839375112666e+00 1.589333482773712225e+00 1.589333482773712225e+00 1.589333482773712225e+00
1.589333482773712225e+00 1.589333482773712225e+00 1.589333482773712225e+00 1.589333482773712225e+00 2.470664544057124878e+00 2.674780289298992031e+00 1.102866500939092376e+01 2.019586739786674467e+00 1.850245839375112666e+00 1.863344037991506497e+00 1.589333482773712225e+00 1.589333482773712225e+00 1.589333482773712225e+00 1.589333482773712225e+00
1.589333482773712225e+00 1.589333482773712225e+00 1.589333482773712225e+00 1.589333482773712225e+00 9.312692338308435680e+00 8.188867866602425494e+00 4.997160835585831684e+00 2.547129718914361796e+00 1.850245839375112666e+00 1.589333482773712225e+00 1.589333482773712225e+00 1.589333482773712225e+00 1.589333482773712225e+00 1.589333482773712225e+00
1.589333482773712225e+00 1.589333482773712225e+00 1.589333482773712225e+00 1.589333482773712225e+00 1.850245839375112666e+00 1.863344037991506497e+00 2.073707641961571646e+00 2.073707641961571646e+00 1.850245839375112666e+00 1.850245839375112666e+00 1.850245839375112666e+00 1.589333482773712225e+00 1.589333482773712225e+00 1.589333482773712225e+00
1.589333482773712225e+00 1.589333482773712225e+00 1.589333482773712225e+00 1.589333482773712225e+00 1.850245839375112666e+00 1.850245839375112666e+00 1.850245839375112666e+00 1.863344037991506497e+00 1.863344037991506497e+00 2.041477865295440175e+00 1.850245839375112666e+00 1.850245839375112666e+00 1.863344037991506497e+00 1.589333482773712225e+00
1.589333482773712225e+00 1.589333482773712225e+00 1.589333482773712225e+00 1.589333482773712225e+00 1.589333482773712225e+00 1.589333482773712225e+00 1.589333482773712225e+00 1.589333482773712225e+00 1.863344037991506497e+00 1.850245839375112666e+00 1.863344037991506497e+00 1.850245839375112666e+00 1.863344037991506497e+00 1.589333482773712225e+00
1.589333482773712225e+00 1.589333482773712225e+00 1.589333482773712225e+00 1.589333482773712225e+00 1.589333482773712225e+00 1.589333482773712225e+00 1.589333482773712225e+00 1.589333482773712225e+00 1.589333482773712225e+00 1.850245839375112666e+00 1.589333482773712225e+00 2.019586739786674467e+00 1.850245839375112666e+00 1.850245839375112666e+00
1.589333482773712225e+00 1.589333482773712225e+00 1.589333482773712225e+00 1.589333482773712225e+00 1.589333482773712225e+00 1.589333482773712225e+00 1.589333482773712225e+00 1.589333482773712225e+00 1.589333482773712225e+00 1.589333482773712225e+00 1.589333482773712225e+00 2.470664544057124878e+00 2.019586739786674467e+00 1.850245839375112666e+00
1.589333482773712225e+00 1.589333482773712225e+00 1.589333482773712225e+00 1.589333482773712225e+00 1.589333482773712225e+00 1.589333482773712225e+00 1.589333482773712225e+00 1.589333482773712225e+00 1.589333482773712225e+00 1.589333482773712225e+00 2.674780289298992031e+00 5.681839891404220744e+00 2.019586739786674467e+00 1.850245839375112666e+00
1.589333482773712225e+00 1.589333482773712225e+00 1.589333482773712225e+00 1.589333482773712225e+00 1.589333482773712225e+00 1.589333482773712225e+00 1.589333482773712225e+00 1.589333482773712225e+00 1.589333482773712225e+00 2.674780289298992031e+00 3.141188232471117558e+00 7.048233299102084182e+00 2.073707641961571646e+00 1.850245839375112666e+00
1.589333482773712225e+00 1.589333482773712225e+00 1.589333482773712225e+00 1.589333482773712225e+00 1.589333482773712225e+00 1.589333482773712225e+00 1.589333482773712225e+00 2.470664544057124878e+00 2.674780289298992031e+00 3.496886298304635599e+00 4.104549919480613873e+00 1.850245839375112666e+00 1.863344037991506497e+00 1.863344037991506497e+00
1.589333482773712225e+00 1.589333482773712225e+00 1.589333482773712225e+00 1.589333482773712225e+00 1.589333482773712225e+00 1.589333482773712225e+00 2.674780289298992031e+00 2.986086797840771911e+00 4.997160835585831684e+00 4.965392080600970814e+00 2.073707641961571646e+00 1.850245839375112666e+00 1.589333482773712225e+00 1.589333482773712225e+00
