1.510230079292956695e+01 2.151569988443565862e+01 2.589038990370265836e+01 3.350905257556146211e+01 3.778590152458763640e+01 3.820588381057633143e+01 3.350905257556146211e+01 3.350905257556146211e+01 3.778590152458763640e+01 4.368231860863308924e+01 4.243680410334931707e+01 4.201522722320805769e+01 3.526309723171025468e+01 2.633087334391814949e+01
2.151569988443565862e+01 2.589038990370265836e+01 3.413348074794484432e+01 3.778590152458763640e+01 4.243680410334931707e+01 4.243680410334931707e+01 4.243680410334931707e+01 3.778590152458763640e+01 3.778590152458763640e+01 5.017381297232079618e+01 6.100376412269791615e+01 4.876491478729406737e+01 4.201522722320805769e+01 2.473559090866076815e+01
2.300421735684156843e+01 3.174550470490012444e+01 3.778590152458763640e+01 4.456665759636703683e+01 4.243680410334931707e+01 4.243680410334931707e+01 4.243680410334931707e+01 4.243680410334931707e+01 4.767167379491518631e+01 5.541060204200592665e+01 6.100376412269791615e+01 4.876491478729406737e+01 4.201522722320805769e+01 2.473559090866076815e+01
2.789995012184322221e+01 3.413348074794484432e+01 4.368231860863308924e+01 5.436783585547598108e+01 6.100376412269791615e+01 6.100376412269791615e+01 4.876491478729406737e+01 4.767167379491518631e+01 5.564880352226283833e+01 6.057761459250176017e+01 6.251215516443877362e+01 5.358112506869689895e+01 4.201522722320805769e+01 3.117449917396234937e+01
2.890548941682365225e+01 4.080336736185810054e+01 5.436783585547598108e+01 6.057761459250176017e+01 6.100376412269791615e+01 6.209130728329478188e+01 6.100376412269791615e+01 6.057761459250176017e+01 6.394686033208350295e+01 6.889561492350168237e+01 6.983094927840723187e+01 5.358112506869689895e+01 4.201522722320805769e+01 2.473559090866076815e+01
3.255690626568675583e+01 4.767167379491518631e+01 5.915563323281024566e+01 6.889561492350168237e+01 7.205506102660747558e+01 7.378040800510243002e+01 6.693853097911325278e+01 6.889561492350168237e+01 7.075095424937539690e+01 7.205506102660747558e+01 6.983094927840723187e+01 5.312451188641799149e+01 3.320422351894342228e+01 2.473559090866076815e+01
3.255690626568675583e+01 5.017381297232079618e+01 6.381361482021392817e+01 7.158965179139634927e+01 7.442589018024992242e+01 7.378040800510243002e+01 7.485237720027461705e+01 7.952295471685032169e+01 8.066295174704545445e+01 7.442589018024992242e+01 6.983094927840723187e+01 5.312451188641799149e+01 3.117449917396234937e+01 2.473559090866076815e+01
3.504879754298931260e+01 5.017381297232079618e+01 6.381361482021392817e+01 7.391108293958131981e+01 7.391108293958131981e+01 7.779738439230254698e+01 8.085004688821362606e+01 8.641127911744987955e+01 8.557522135331697655e+01 8.430517260306932315e+01 6.737994550275789152e+01 5.312451188641799149e+01 3.239092150150274563e+01 2.473559090866076815e+01
3.504879754298931260e+01 4.688066700828053968e+01 5.761559470203845734e+01 6.408971991325621786e+01 6.622607785614476938e+01 7.391108293958131981e+01 8.085004688821362606e+01 8.612674597407584542e+01 8.825589368283817748e+01 7.527908881406186481e+01 6.464350880498892593e+01 4.545415259648191153e+01 3.239092150150274563e+01 2.473559090866076815e+01
2.910599580617042648e+01 3.504879754298931260e+01 4.688066700828053968e+01 5.211589114699080483e+01 5.523752225604684440e+01 6.408971991325621786e+01 7.391108293958131981e+01 7.779738439230254698e+01 7.779738439230254698e+01 7.527908881406186481e+01 5.358112506869689895e+01 4.545415259648191153e+01 3.117449917396234937e+01 2.473559090866076815e+01
2.325476052806439142e+01 2.910599580617042648e+01 3.305089086842004775e+01 3.651221497816438699e+01 4.688066700828053968e+01 4.890637007730496322e+01 6.030057289921095531e+01 7.391108293958131981e+01 7.651215496320847365e+01 6.706568238052163622e+01 5.358112506869689895e+01 3.320422351894342228e+01 2.473559090866076815e+01 1.510230079292956695e+01
1.510230079292956695e+01 2.325476052806439142e+01 2.236709542942371343e+01 2.910599580617042648e+01 3.305089086842004775e+01 4.011545614689424610e+01 5.761559470203845734e+01 6.680299302832588637e+01 6.589857730408724024e+01 6.251215516443877362e+01 4.657463391878568615e+01 3.239092150150274563e+01 2.473559090866076815e+01 1.510230079292956695e+01
1.510230079292956695e+01 1.510230079292956695e+01 2.236709542942371343e+01 2.325476052806439142e+01 2.668957770753463166e+01 3.778590152458763640e+01 5.541060204200592665e+01 6.535604429782145530e+01 6.251215516443877362e+01 5.358112506869689895e+01 4.657463391878568615e+01 3.117449917396234937e+01 2.473559090866076815e+01 1.510230079292956695e+01
1.510230079292956695e+01 1.510230079292956695e+01 1.510230079292956695e+01 2.325476052806439142e+01 2.890548941682365225e+01 3.778590152458763640e+01 5.541060204200592665e+01 6.267071238310717973e+01 6.251215516443877362e+01 5.358112506869689895e+01 4.201522722320805769e+01 3.117449917396234937e+01 2.473559090866076815e+01 1.510230079292956695e+01
