1.873701979366200376e+01 2.393284480094772348e+01 3.228701332227191756e+01 4.134995624997984009e+01 4.374587967759256202e+01 4.352051875716642826e+01 3.166517726107330688e+01 2.738472995290051415e+01 2.217790307396835914e+01 2.622708630572149602e+01 3.302627103956248078e+01 4.504018284356077118e+01 5.389299656361276902e+01 6.125936677258945906e+01
2.393284480094772348e+01 3.258786048127782919e+01 4.007882296694882029e+01 4.803271027386318792e+01 5.228739536242330388e+01 4.876491478729406737e+01 3.867495608407585195e+01 3.151627274014314040e+01 2.651219615454803247e+01 3.048775629845017221e+01 3.838562086683602104e+01 5.103847277007039906e+01 6.058555390812696828e+01 6.381414926116748632e+01
3.004091692468419694e+01 4.007882296694882029e+01 4.979576031729576613e+01 5.463963531285502739e+01 5.412616346476816176e+01 4.876491478729406737e+01 3.800350727464888223e+01 3.174542674762655636e+01 3.207796706042208967e+01 3.704095218320830440e+01 4.695391816317268763e+01 5.541810540283753284e+01 6.125936677258945906e+01 5.954389513748502338e+01
3.838562086683602104e+01 4.979576031729576613e+01 5.837252369726692791e+01 6.402011782996342504e+01 5.960547283438621946e+01 4.935621303445991259e+01 3.800350727464888223e+01 3.278617005707019416e+01 3.414855815082140111e+01 4.261593547748239530e+01 5.389299656361276902e+01 6.058555390812696828e+01 6.381414926116748632e+01 5.801811013339329293e+01
4.630036758433337241e+01 5.621860856863933975e+01 6.497664507012217427e+01 6.351521999236918958e+01 5.720379290934306482e+01 4.536313481656021906e+01 3.800350727464888223e+01 3.561683461155583075e+01 4.246222437837254660e+01 5.103847277007039906e+01 6.058555390812696828e+01 6.402011782996342504e+01 6.381414926116748632e+01 5.214394356885071602e+01
5.712613443846347394e+01 6.894931734098730658e+01 7.015620207729597269e+01 6.651308347580457792e+01 5.720379290934306482e+01 4.670405544066338166e+01 4.352051875716642826e+01 4.609697611308232013e+01 5.047826101361331297e+01 5.712613443846347394e+01 6.601506423843994753e+01 6.948206954728699714e+01 5.960547283438621946e+01 4.935621303445991259e+01
6.739734074157595956e+01 7.665029510811862679e+01 8.069338607925963913e+01 7.491431741724974813e+01 6.667341193058058479e+01 5.778895084442459051e+01 5.778895084442459051e+01 5.560351983012508015e+01 6.536263922824504391e+01 6.978252384189772783e+01 7.665029510811862679e+01 7.217757085822921681e+01 5.945566352202914828e+01 4.621261297534737622e+01
7.590040724829508179e+01 8.670992366839335830e+01 8.874802789168444406e+01 8.069338607925963913e+01 7.819949085041528747e+01 6.874290074489756819e+01 6.874290074489756819e+01 7.246446136839057317e+01 7.706721521355026994e+01 8.078414435607916744e+01 8.256964996646702559e+01 6.990773449623942781e+01 5.788840653957058180e+01 4.125177400825130292e+01
7.325124619221247713e+01 8.480455185723721456e+01 8.811481172618545088e+01 8.811481172618545088e+01 8.811481172618545088e+01 8.874802789168444406e+01 8.570437079816537107e+01 8.570437079816537107e+01 9.038093819252975436e+01 8.771232387053439084e+01 8.296612616849564859e+01 7.239126677225399931e+01 5.474827858769770472e+01 3.878256731385647527e+01
7.219063077976720422e+01 8.386440223340225941e+01 9.085266899139529073e+01 9.085266899139529073e+01 9.287528917877574486e+01 9.308984786951738499e+01 9.707934112933786253e+01 1.006504298146974747e+02 9.747117927482261734e+01 8.987035192069834011e+01 7.976400554800969189e+01 6.464074891788312982e+01 4.852724507124574416e+01 3.323260162523924066e+01
6.192356560567576196e+01 6.446897084190214855e+01 7.641102891083566817e+01 7.770026184882854636e+01 8.522443604986128207e+01 9.085266899139529073e+01 9.908471325790232243e+01 1.001726048380229628e+02 9.565553028351358478e+01 8.240364643249105825e+01 7.043883464829163188e+01 5.474827858769770472e+01 4.209804238415501487e+01 2.537918055736959388e+01
4.285944749768155759e+01 5.139663274229836532e+01 6.123856625512573260e+01 6.446897084190214855e+01 7.481581722617072217e+01 8.386440223340225941e+01 8.999992800303230922e+01 9.192955021097961321e+01 8.176991252740847926e+01 7.635267272167767771e+01 5.513385618045913361e+01 4.209804238415501487e+01 3.096658276015367406e+01 2.200159513328394922e+01
3.633043649728551827e+01 3.633043649728551827e+01 4.285944749768155759e+01 5.582840606102818981e+01 6.192356560567576196e+01 7.481581722617072217e+01 8.386440223340225941e+01 8.010756757340840295e+01 7.635267272167767771e+01 5.937398582160611937e+01 4.560133677625311321e+01 3.323260162523924066e+01 2.260234189620599210e+01 1.605996633730044110e+01
2.323511397751568808e+01 2.781057247199564131e+01 3.322093473646240369e+01 4.267736511271172617e+01 5.473214524085270227e+01 6.389743368929114808e+01 7.345624437224370240e+01 7.006733497569764779e+01 6.301525045069187314e+01 4.852724507124574416e+01 3.586566020482510453e+01 2.537918055736959388e+01 2.138246665243815414e+01 1.301475842602513033e+01
