1.157920322960940940e+00 1.157920322960940940e+00 1.157920322960940940e+00 1.157920322960940940e+00 1.157920322960940940e+00 1.261858756908649015e+00 1.324014831503530942e+00 1.425959058705807969e+00 1.476934830297549350e+00 1.524039167710919296e+00 9.978252235244748647e+01 1.513175972072411613e+00 1.572121432812598973e+00 1.524039167710919296e+00 1.425959058705807969e+00 1.507898862905742154e+00 1.261858756908649015e+00 1.157920322960940940e+00
1.157920322960940940e+00 1.157920322960940940e+00 1.157920322960940940e+00 1.157920322960940940e+00 1.157920322960940940e+00 1.157920322960940940e+00 1.261858756908649015e+00 1.353464681780746304e+00 2.181496190149480707e+00 9.978252235244748647e+01 1.635469879566244344e+02 1.513175972072411613e+00 1.504415272839502604e+00 1.524039167710919296e+00 1.157920322960940940e+00 1.261858756908649015e+00 1.157920322960940940e+00 1.157920322960940940e+00
1.157920322960940940e+00 1.157920322960940940e+00 1.157920322960940940e+00 1.513175972072411613e+00 1.157920322960940940e+00 1.261858756908649015e+00 1.261858756908649015e+00 1.353464681780746304e+00 4.188628398430251565e+01 1.600339772696266891e+02 5.382407430886640753e+01 1.581094077116241170e+00 1.517254761250206752e+00 1.524039167710919296e+00 1.157920322960940940e+00 1.157920322960940940e+00 1.157920322960940940e+00 1.157920322960940940e+00
1.157920322960940940e+00 1.157920322960940940e+00 1.157920322960940940e+00 1.581094077116241170e+00 1.510622354878528917e+00 1.510622354878528917e+00 1.353464681780746304e+00 1.448444016827660663e+00 4.188628398430251565e+01 2.803860357341520526e+01 1.572121432812598973e+00 1.772355351130541212e+00 1.515238348668426216e+00 1.157920322960940940e+00 1.157920322960940940e+00 1.157920322960940940e+00 1.157920322960940940e+00 1.157920322960940940e+00
1.157920322960940940e+00 1.157920322960940940e+00 1.157920322960940940e+00 1.513175972072411613e+00 1.504415272839502604e+00 1.515238348668426216e+00 1.434833712701845787e+00 1.733986524414708796e+00 7.095334184988304926e+00 1.581094077116241170e+00 1.513175972072411613e+00 1.529959756879622823e+00 1.448444016827660663e+00 1.157920322960940940e+00 1.227532849370740919e+00 1.227532849370740919e+00 1.157920322960940940e+00 1.157920322960940940e+00
1.157920322960940940e+00 1.157920322960940940e+00 1.157920322960940940e+00 1.513175972072411613e+00 1.425959058705807969e+00 1.529959756879622823e+00 2.181496190149480707e+00 1.639046308974151316e+02 1.581094077116241170e+00 1.742629551079593719e+00 1.564815586214549858e+00 1.572121432812598973e+00 1.528311094372099888e+00 1.497509996224805073e+00 1.353464681780746304e+00 1.425959058705807969e+00 1.157920322960940940e+00 1.227532849370740919e+00
1.157920322960940940e+00 1.157920322960940940e+00 1.157920322960940940e+00 1.157920322960940940e+00 1.227532849370740919e+00 4.188628398430251565e+01 1.650157864708618547e+02 1.616374641173105147e+02 1.581094077116241170e+00 1.752527354582857910e+00 1.752527354582857910e+00 1.513175972072411613e+00 1.504415272839502604e+00 1.448444016827660663e+00 1.448444016827660663e+00 1.353464681780746304e+00 1.353464681780746304e+00 1.157920322960940940e+00
1.157920322960940940e+00 1.157920322960940940e+00 1.157920322960940940e+00 1.157920322960940940e+00 4.063073832625090631e+01 1.542456532322927671e+02 1.599686756010339082e+02 1.581094077116241170e+00 1.562328410554923552e+00 1.668871373244485534e+00 1.562328410554923552e+00 1.497509996224805073e+00 1.524039167710919296e+00 1.507898862905742154e+00 1.524039167710919296e+00 1.455832274339098298e+01 1.455832274339098298e+01 1.157920322960940940e+00
1.157920322960940940e+00 1.157920322960940940e+00 1.157920322960940940e+00 1.157920322960940940e+00 9.978252235244748647e+01 1.639046308974151316e+02 8.866175362529929771e+01 1.513175972072411613e+00 1.562328410554923552e+00 1.562328410554923552e+00 1.515238348668426216e+00 1.524039167710919296e+00 1.524039167710919296e+00 2.181496190149480707e+00 2.181496190149480707e+00 1.513175972072411613e+00 1.572121432812598973e+00 1.353464681780746304e+00
1.157920322960940940e+00 1.157920322960940940e+00 1.157920322960940940e+00 4.188628398430251565e+01 1.655024162135547954e+02 1.616374641173105147e+02 2.005058375337253729e+00 1.513175972072411613e+00 2.158414539429307499e+00 1.507898862905742154e+00 1.524039167710919296e+00 2.181496190149480707e+00 1.628592651430035687e+02 1.639046308974151316e+02 1.641835510259506066e+02 1.513175972072411613e+00 1.572121432812598973e+00 1.528311094372099888e+00
1.157920322960940940e+00 1.157920322960940940e+00 1.157920322960940940e+00 1.650157864708618547e+02 1.644840059892470663e+02 1.616374641173105147e+02 1.486168191199337230e+02 2.818256858508737395e+01 1.524039167710919296e+00 2.181496190149480707e+00 1.589424657481337420e+02 1.600339772696266891e+02 1.599686756010339082e+02 1.600742193830931228e+02 1.656516582551624595e+02 1.513175972072411613e+00 1.536871764032007759e+00 1.524039167710919296e+00
1.157920322960940940e+00 1.157920322960940940e+00 4.188628398430251565e+01 1.650157864708618547e+02 1.656516582551624595e+02 1.656516582551624595e+02 1.656516582551624595e+02 1.656516582551624595e+02 9.978252235244748647e+01 1.609055731438105568e+02 1.600742193830931228e+02 1.554299254395074001e+02 1.600489244950412058e+02 1.614419249736947108e+02 1.650157864708618547e+02 1.513175972072411613e+00 1.536871764032007759e+00 1.524039167710919296e+00
1.157920322960940940e+00 1.058135852479051309e+01 4.188628398430251565e+01 1.650157864708618547e+02 1.659844114751754205e+02 1.659844114751754205e+02 1.656516582551624595e+02 1.656516582551624595e+02 1.659844114751754205e+02 1.656516582551624595e+02 1.611913546419964689e+02 1.604894329098014794e+02 1.600339772696266891e+02 1.617434149434990616e+02 1.632856944561081036e+02 1.513175972072411613e+00 1.572121432812598973e+00 1.448444016827660663e+00
1.157920322960940940e+00 1.157920322960940940e+00 4.188628398430251565e+01 1.632856944561081036e+02 1.661266221429889640e+02 1.661266221429889640e+02 1.659844114751754205e+02 1.659844114751754205e+02 1.659844114751754205e+02 1.661266221429889640e+02 1.605033692143097142e+02 1.599686756010339082e+02 1.599686756010339082e+02 1.599686756010339082e+02 1.310196388242274566e+02 1.581094077116241170e+00 1.517254761250206752e+00 1.497509996224805073e+00
1.513175972072411613e+00 1.419228641103437605e+00 1.528311094372099888e+00 1.599686756010339082e+02 1.356014328922314292e+02 1.661266221429889640e+02 1.607255141502003255e+02 1.661266221429889640e+02 1.661266221429889640e+02 1.661266221429889640e+02 8.234169709299388273e+01 8.040880461390638345e+01 7.986893628903085585e+01 7.986893628903085585e+01 6.461669006470881982e+01 1.513175972072411613e+00 1.374074526253766582e+00 1.524039167710919296e+00
1.157920322960940940e+00 1.157920322960940940e+00 1.476934830297549350e+00 1.528311094372099888e+00 7.111423789765368042e+01 1.328535566779785597e+02 1.620144457933880346e+02 8.040880461390638345e+01 2.803860357341520526e+01 1.572121432812598973e+00 1.497509996224805073e+00 1.497509996224805073e+00 7.531087596495935621e+00 1.474365636734590090e+00 1.513175972072411613e+00 1.374074526253766582e+00 1.524039167710919296e+00 1.524039167710919296e+00
1.157920322960940940e+00 1.157920322960940940e+00 1.513175972072411613e+00 1.374074526253766582e+00 1.772355351130541212e+00 3.201143131692806776e+01 1.572121432812598973e+00 8.007303900457991119e+00 1.513175972072411613e+00 1.513175972072411613e+00 1.524039167710919296e+00 1.261858756908649015e+00 1.261858756908649015e+00 1.157920322960940940e+00 1.157920322960940940e+00 1.157920322960940940e+00 1.157920322960940940e+00 1.157920322960940940e+00
1.157920322960940940e+00 1.157920322960940940e+00 1.227532849370740919e+00 1.513175972072411613e+00 1.476934830297549350e+00 1.513175972072411613e+00 1.419228641103437605e+00 1.513175972072411613e+00 1.374074526253766582e+00 1.157920322960940940e+00 1.157920322960940940e+00 1.157920322960940940e+00 1.157920322960940940e+00 1.157920322960940940e+00 1.157920322960940940e+00 1.157920322960940940e+00 1.157920322960940940e+00 1.157920322960940940e+00
