6.744323282652761264e+00 6.744323282652761264e+00 6.744323282652761264e+00 6.744323282652761264e+00 6.744323282652761264e+00 6.744323282652761264e+00 6.744323282652761264e+00 2.250370373063866225e+01 2.881419636384021743e+01 4.692337733785518594e+01 5.568678804292557061e+01 6.047153419946133113e+01 5.021831354546380766e+01 3.995910212940705719e+01 2.476517350770033232e+01 6.744323282652761264e+00 6.744323282652761264e+00 6.744323282652761264e+00
6.744323282652761264e+00 6.744323282652761264e+00 6.744323282652761264e+00 6.744323282652761264e+00 6.744323282652761264e+00 6.744323282652761264e+00 1.121305272983526002e+01 2.531051261888800497e+01 3.808871620217054499e+01 5.236853523677192612e+01 6.946776503017905213e+01 6.846694739026283116e+01 6.160493442747614523e+01 4.352018790524184055e+01 2.512670562740665758e+01 6.744323282652761264e+00 6.744323282652761264e+00 6.744323282652761264e+00
6.744323282652761264e+00 6.744323282652761264e+00 6.744323282652761264e+00 6.744323282652761264e+00 6.744323282652761264e+00 6.744323282652761264e+00 1.516662617706414373e+01 2.531051261888800497e+01 3.808871620217054499e+01 6.590137384894745765e+01 7.562068649234554130e+01 7.661161357404034788e+01 6.530419162281081924e+01 3.969393512662328050e+01 2.512670562740665758e+01 6.744323282652761264e+00 6.744323282652761264e+00 6.744323282652761264e+00
6.744323282652761264e+00 6.744323282652761264e+00 6.744323282652761264e+00 6.744323282652761264e+00 6.744323282652761264e+00 1.121305272983526002e+01 1.516662617706414373e+01 2.897931068124023568e+01 4.719892251943355177e+01 6.590137384894745765e+01 7.992495906824916574e+01 7.937545373662393899e+01 5.894880806933903727e+01 3.969393512662328050e+01 2.374732799718528042e+01 6.744323282652761264e+00 6.744323282652761264e+00 6.744323282652761264e+00
6.744323282652761264e+00 6.744323282652761264e+00 6.744323282652761264e+00 6.744323282652761264e+00 6.744323282652761264e+00 1.121305272983526002e+01 2.250370373063866225e+01 3.188559808859824685e+01 4.998332319063085549e+01 6.590137384894745765e+01 8.062153106744956688e+01 7.656172482270602586e+01 5.465627405497692592e+01 3.684825301425283328e+01 2.038953311558961445e+01 6.744323282652761264e+00 6.744323282652761264e+00 6.744323282652761264e+00
6.744323282652761264e+00 6.744323282652761264e+00 6.744323282652761264e+00 6.744323282652761264e+00 6.744323282652761264e+00 1.121305272983526002e+01 2.531051261888800497e+01 3.262579454704516024e+01 5.488555386578882889e+01 7.265801279757859277e+01 8.062153106744956688e+01 7.005307195865910330e+01 4.941042896859846678e+01 3.036211994990218699e+01 2.038953311558961445e+01 6.744323282652761264e+00 6.744323282652761264e+00 6.744323282652761264e+00
6.744323282652761264e+00 6.744323282652761264e+00 6.744323282652761264e+00 6.744323282652761264e+00 6.744323282652761264e+00 1.121305272983526002e+01 2.531051261888800497e+01 3.808871620217054499e+01 6.134009764102043505e+01 7.265801279757859277e+01 7.937545373662393899e+01 6.570954853138130147e+01 4.333262146810553617e+01 2.786501326654849109e+01 6.744323282652761264e+00 6.744323282652761264e+00 6.744323282652761264e+00 6.744323282652761264e+00
6.744323282652761264e+00 6.744323282652761264e+00 6.744323282652761264e+00 6.744323282652761264e+00 6.744323282652761264e+00 1.516662617706414373e+01 2.897931068124023568e+01 4.558104006484445136e+01 6.590137384894745765e+01 7.992495906824916574e+01 7.937545373662393899e+01 6.530419162281081924e+01 4.333262146810553617e+01 2.512670562740665758e+01 6.744323282652761264e+00 6.744323282652761264e+00 6.744323282652761264e+00 6.744323282652761264e+00
6.744323282652761264e+00 6.744323282652761264e+00 6.744323282652761264e+00 6.744323282652761264e+00 1.121305272983526002e+01 1.516662617706414373e+01 2.897931068124023568e+01 4.998332319063085549e+01 7.483440850670045563e+01 8.485037225580823872e+01 7.937545373662393899e+01 5.894880806933903727e+01 3.684825301425283328e+01 2.374732799718528042e+01 6.744323282652761264e+00 6.744323282652761264e+00 6.744323282652761264e+00 6.744323282652761264e+00
6.744323282652761264e+00 6.744323282652761264e+00 6.744323282652761264e+00 6.744323282652761264e+00 1.121305272983526002e+01 2.250370373063866225e+01 3.262579454704516024e+01 4.998332319063085549e+01 7.483440850670045563e+01 8.501334638099966412e+01 7.704149946773996760e+01 5.555291646749467560e+01 3.166731897413205843e+01 2.038953311558961445e+01 6.744323282652761264e+00 6.744323282652761264e+00 6.744323282652761264e+00 6.744323282652761264e+00
6.744323282652761264e+00 6.744323282652761264e+00 6.744323282652761264e+00 6.744323282652761264e+00 1.121305272983526002e+01 1.979631765777269692e+01 3.808871620217054499e+01 5.940701716610372785e+01 7.265801279757859277e+01 7.983827499213190038e+01 7.005307195865910330e+01 4.941042896859846678e+01 2.786501326654849109e+01 6.744323282652761264e+00 6.744323282652761264e+00 6.744323282652761264e+00 6.744323282652761264e+00 6.744323282652761264e+00
6.744323282652761264e+00 6.744323282652761264e+00 6.744323282652761264e+00 6.744323282652761264e+00 1.121305272983526002e+01 2.531051261888800497e+01 3.808871620217054499e+01 5.940701716610372785e+01 7.992495906824916574e+01 7.904182279800505739e+01 6.570954853138130147e+01 4.333262146810553617e+01 2.569825801749604111e+01 6.744323282652761264e+00 6.744323282652761264e+00 6.744323282652761264e+00 6.744323282652761264e+00 6.744323282652761264e+00
6.744323282652761264e+00 6.744323282652761264e+00 6.744323282652761264e+00 6.744323282652761264e+00 1.516662617706414373e+01 2.897931068124023568e+01 4.719892251943355177e+01 6.590137384894745765e+01 7.992495906824916574e+01 7.937545373662393899e+01 5.894880806933903727e+01 3.684825301425283328e+01 2.374732799718528042e+01 6.744323282652761264e+00 6.744323282652761264e+00 6.744323282652761264e+00 6.744323282652761264e+00 6.744323282652761264e+00
6.744323282652761264e+00 6.744323282652761264e+00 6.744323282652761264e+00 1.121305272983526002e+01 1.516662617706414373e+01 2.897931068124023568e+01 4.998332319063085549e+01 7.483440850670045563e+01 7.992495906824916574e+01 7.704149946773996760e+01 5.555291646749467560e+01 3.684825301425283328e+01 2.038953311558961445e+01 6.744323282652761264e+00 6.744323282652761264e+00 6.744323282652761264e+00 6.744323282652761264e+00 6.744323282652761264e+00
6.744323282652761264e+00 6.744323282652761264e+00 6.744323282652761264e+00 1.121305272983526002e+01 2.250370373063866225e+01 3.262579454704516024e+01 4.998332319063085549e+01 7.483440850670045563e+01 8.501334638099966412e+01 7.704149946773996760e+01 5.555291646749467560e+01 3.036211994990218699e+01 2.071029724141535766e+01 6.744323282652761264e+00 6.744323282652761264e+00 6.744323282652761264e+00 6.744323282652761264e+00 6.744323282652761264e+00
6.744323282652761264e+00 6.744323282652761264e+00 6.744323282652761264e+00 1.121305272983526002e+01 2.250370373063866225e+01 3.262579454704516024e+01 5.488555386578882889e+01 7.016220084064542561e+01 8.501334638099966412e+01 7.704149946773996760e+01 5.555291646749467560e+01 3.240562536306111241e+01 2.071029724141535766e+01 6.744323282652761264e+00 6.744323282652761264e+00 6.744323282652761264e+00 6.744323282652761264e+00 6.744323282652761264e+00
6.744323282652761264e+00 6.744323282652761264e+00 6.744323282652761264e+00 1.121305272983526002e+01 2.250370373063866225e+01 3.232099719378036440e+01 5.488555386578882889e+01 6.970129191506678978e+01 7.983827499213190038e+01 7.005307195865910330e+01 4.941042896859846678e+01 2.786501326654849109e+01 6.744323282652761264e+00 6.744323282652761264e+00 6.744323282652761264e+00 6.744323282652761264e+00 6.744323282652761264e+00 6.744323282652761264e+00
6.744323282652761264e+00 6.744323282652761264e+00 6.744323282652761264e+00 6.744323282652761264e+00 2.014021112860364937e+01 2.421142721839484224e+01 4.184432075897789360e+01 5.788566027111885859e+01 6.887117226418941129e+01 5.821158990448631698e+01 4.232577850094508420e+01 2.786501326654849109e+01 6.744323282652761264e+00 6.744323282652761264e+00 6.744323282652761264e+00 6.744323282652761264e+00 6.744323282652761264e+00 6.744323282652761264e+00
