1.123058505380502226e+01 1.123058505380502226e+01 2.303329309841375050e+01 2.865658763408406173e+01 4.072962499364845002e+01 5.368089125866158184e+01 6.192879636443723967e+01 6.738606314883607240e+01 7.558371094647506538e+01 7.472834135502094455e+01 8.312780759395272412e+01 8.312780759395272412e+01 8.312780759395272412e+01 8.312780759395272412e+01 7.428345845030023042e+01 6.906439138294685165e+01 5.425172826657857428e+01 3.534994636413594549e+01
1.123058505380502226e+01 2.150334264656640926e+01 3.140699317660347845e+01 4.546031148826007495e+01 5.687893694518681542e+01 7.461781619190983861e+01 8.072953224413446094e+01 8.308348767628962150e+01 8.761160704324741744e+01 8.550754076697428729e+01 8.550754076697428729e+01 8.550754076697428729e+01 8.550754076697428729e+01 8.550754076697428729e+01 8.964014621296888663e+01 8.312780759395272412e+01 6.834889311077886020e+01 4.822691993012867329e+01
1.979007308638630391e+01 2.769858285364399109e+01 4.113308136348820909e+01 6.266271659234684677e+01 7.640765166710289691e+01 8.816650600129487714e+01 9.430555604359500421e+01 8.575622615419419503e+01 8.506655254948084632e+01 8.506655254948084632e+01 8.506655254948084632e+01 7.819836727739084381e+01 7.819836727739084381e+01 8.836718302232097244e+01 9.378985755031912674e+01 9.298171395384726168e+01 7.717493855227309041e+01 5.857327672064656809e+01
2.150334264656640926e+01 3.589232582415607453e+01 5.575262291953531957e+01 7.739439633673538310e+01 8.989092809972999021e+01 9.610858618873990622e+01 9.219857896735051384e+01 7.902933317367586596e+01 7.295717583092417158e+01 6.852762814585365447e+01 6.895075628414792845e+01 6.895075628414792845e+01 6.564184447835997105e+01 7.398098520563712555e+01 8.408941641357439778e+01 8.916439017793827304e+01 7.936015123581613295e+01 6.166216627730582900e+01
2.176212053338868202e+01 3.808871620217054499e+01 6.573547236704011709e+01 8.473869964078568273e+01 9.956115773156756177e+01 9.537345417491469846e+01 8.480767370483060574e+01 6.767471667567882321e+01 5.492520015652532095e+01 5.130996577171861617e+01 5.130996577171861617e+01 4.973480902114157232e+01 5.981016162521786583e+01 7.265801279757859277e+01 8.408941641357439778e+01 8.344047854687508448e+01 7.810502521508254858e+01 5.894880806933903727e+01
2.505772980185467347e+01 4.207376769714919362e+01 6.272658992562321600e+01 8.330559401264224562e+01 9.956115773156756177e+01 9.653783764023756930e+01 7.749417389232249320e+01 6.562483533487770160e+01 4.903404189347364905e+01 4.682372961395446964e+01 4.434902616100796280e+01 5.844948492156795083e+01 6.402358340116148838e+01 7.106162378996027940e+01 8.141518992167367230e+01 8.171912358673320398e+01 7.112134406496085148e+01 5.018077496204841736e+01
2.346444222995531703e+01 4.207376769714919362e+01 6.272658992562321600e+01 8.330559401264224562e+01 1.015024328045669222e+02 9.653783764023756930e+01 8.250980982400736252e+01 6.906439138294685165e+01 6.354482240045047092e+01 6.354482240045047092e+01 5.713369611329400755e+01 6.858904926971932525e+01 7.404602509873716087e+01 7.873569502458580871e+01 8.364636499436262795e+01 7.633798399115289612e+01 6.298986580433088989e+01 4.261345676285970541e+01
2.346444222995531703e+01 4.089527327670337087e+01 6.272658992562321600e+01 8.330559401264224562e+01 9.473037610555473975e+01 1.061787128448096382e+02 9.422168593003021897e+01 8.964014621296888663e+01 8.342696958088743031e+01 8.342696958088743031e+01 8.385435024096176448e+01 9.748686075775771087e+01 8.896668572484114179e+01 9.251188582167588947e+01 7.633798399115289612e+01 6.767471667567882321e+01 5.157012573840174241e+01 3.481833030212608548e+01
2.215641274947457973e+01 3.474270695282812937e+01 5.213817028744463755e+01 7.411253828498288954e+01 9.327730388587018240e+01 1.061787128448096382e+02 1.087022136314464689e+02 1.087022136314464689e+02 1.087022136314464689e+02 1.087022136314464689e+02 1.087022136314464689e+02 1.145816205557267153e+02 1.060093687126349522e+02 9.969265818951808455e+01 7.749417389232249320e+01 5.470114603210068083e+01 3.905210123846447345e+01 2.403207575678776209e+01
1.641625804030444513e+01 2.937689947891442444e+01 4.184723290810291729e+01 6.600464494719579989e+01 9.707184194732911919e+01 1.084778658643535323e+02 1.180523531421653018e+02 1.172234525521229642e+02 1.164350455991107083e+02 1.164350455991107083e+02 1.189851074188960496e+02 1.243538034436986237e+02 1.133905431258727674e+02 1.022300965781916489e+02 7.685608142999525683e+01 5.204437506930877078e+01 3.340826578427996907e+01 2.039628176122204550e+01
1.421754151901077101e+01 2.627253977728348033e+01 4.380016816449965944e+01 6.272658992562321600e+01 8.785039590629016004e+01 1.084778658643535323e+02 1.150099816345909289e+02 1.150099816345909289e+02 1.150099816345909289e+02 1.150099816345909289e+02 1.150099816345909289e+02 1.202183202194557339e+02 1.130180799683271999e+02 9.872353772772433445e+01 8.250980982400736252e+01 5.857327672064656809e+01 3.534994636413594549e+01 2.049002952487080975e+01
1.421754151901077101e+01 2.505772980185467347e+01 4.442322010824742051e+01 6.573547236704011709e+01 8.977799366444445184e+01 9.999497824736891971e+01 1.034348590171195070e+02 9.596055706616746761e+01 9.061089428334099694e+01 9.185250334424199536e+01 9.881401672593432295e+01 1.053933897877427199e+02 1.130180799683271999e+02 1.032421371789663169e+02 8.973240529928985154e+01 6.247481756126113339e+01 4.469565217532701951e+01 2.621267856141273356e+01
1.948383139378322326e+01 2.641247969345369029e+01 4.998577398692049911e+01 7.016220084064542561e+01 8.785039590629016004e+01 9.800640581933615181e+01 9.242924105132473755e+01 7.407644866085246349e+01 6.852762814585365447e+01 7.174678228519177026e+01 7.375441665187906892e+01 8.361133271539043221e+01 9.671779588724218968e+01 9.680484640434687549e+01 9.164071329380193731e+01 7.597237089154936029e+01 4.929564019710966960e+01 2.621267856141273356e+01
2.074217201957976187e+01 3.026214867885782311e+01 4.998577398692049911e+01 7.967704437978410681e+01 8.977799366444445184e+01 9.251188582167588947e+01 8.010005600009600357e+01 5.869760470339162595e+01 4.678756574799814416e+01 4.726443183693584871e+01 5.525323961804568285e+01 6.600464494719579989e+01 8.408941641357439778e+01 9.680484640434687549e+01 9.164071329380193731e+01 7.597237089154936029e+01 4.929564019710966960e+01 3.047708388304084792e+01
2.074217201957976187e+01 3.026214867885782311e+01 5.601064737968382445e+01 7.967704437978410681e+01 9.493913559256297674e+01 9.653783764023756930e+01 7.685608142999525683e+01 5.874676112612044676e+01 3.965492492009801140e+01 4.434902616100796280e+01 5.089752330679198877e+01 6.567237290885918810e+01 7.967704437978410681e+01 9.103915999806855552e+01 8.402471043728816369e+01 6.988274492300533325e+01 4.919125963631508114e+01 3.047708388304084792e+01
2.074217201957976187e+01 3.026214867885782311e+01 5.188638389911591275e+01 7.411253828498288954e+01 9.493913559256297674e+01 9.298171395384726168e+01 8.250980982400736252e+01 6.906439138294685165e+01 5.425172826657857428e+01 5.147328822229217593e+01 5.660395562080940834e+01 7.231673774639119756e+01 8.285332733648994008e+01 8.344047854687508448e+01 7.827952486399020415e+01 6.278779023440446139e+01 4.145219300021704356e+01 2.492974186294524941e+01
1.641625804030444513e+01 2.524352197177416812e+01 4.184723290810291729e+01 6.600464494719579989e+01 8.836718302232097244e+01 9.680484640434687549e+01 8.964014621296888663e+01 7.449488182055956997e+01 7.428345845030023042e+01 6.738606314883607240e+01 7.404602509873716087e+01 7.873569502458580871e+01 8.062153106744956688e+01 7.985272388795355880e+01 6.767471667567882321e+01 5.157012573840174241e+01 3.481833030212608548e+01 2.065237206521036839e+01
1.123058505380502226e+01 2.215641274947457973e+01 3.474270695282812937e+01 6.115717323006860084e+01 8.040754640706455803e+01 8.836718302232097244e+01 9.680484640434687549e+01 9.298171395384726168e+01 8.761160704324741744e+01 8.373038058800054273e+01 8.308348767628962150e+01 8.364636499436262795e+01 7.985272388795355880e+01 6.595743171909558100e+01 5.382592833717162506e+01 3.958328053591638707e+01 2.504944378176998043e+01 2.039628176122204550e+01
