1.157920322960940940e+00 1.157920322960940940e+00 1.157920322960940940e+00 1.157920322960940940e+00 1.157920322960940940e+00 1.157920322960940940e+00 1.157920322960940940e+00 1.157920322960940940e+00 1.157920322960940940e+00 1.157920322960940940e+00 1.157920322960940940e+00 1.513175972072411613e+00 1.455832274339098298e+01 1.470524169270643666e+00 1.497509996224805073e+00 1.497509996224805073e+00 1.470524169270643666e+00 1.448444016827660663e+00
1.157920322960940940e+00 1.157920322960940940e+00 1.157920322960940940e+00 1.470524169270643666e+00 1.261858756908649015e+00 1.157920322960940940e+00 1.157920322960940940e+00 1.157920322960940940e+00 1.157920322960940940e+00 2.021254762256717630e+00 1.398633691531556522e+01 2.500003542936422907e+00 2.500003542936422907e+00 1.513175972072411613e+00 1.504415272839502604e+00 1.513175972072411613e+00 1.476934830297549350e+00 1.476934830297549350e+00
1.157920322960940940e+00 1.157920322960940940e+00 1.157920322960940940e+00 1.157920322960940940e+00 1.157920322960940940e+00 1.157920322960940940e+00 1.157920322960940940e+00 1.261858756908649015e+00 1.398633691531556522e+01 2.480025742523222476e+01 1.590359422143751260e+02 1.269943620028555387e+02 9.774798498504107158e+01 1.513175972072411613e+00 1.504415272839502604e+00 1.504415272839502604e+00 1.448444016827660663e+00 1.448444016827660663e+00
1.157920322960940940e+00 1.157920322960940940e+00 1.157920322960940940e+00 1.157920322960940940e+00 1.157920322960940940e+00 1.157920322960940940e+00 2.021254762256717630e+00 1.769981545660051392e+00 1.422438353176946713e+01 1.998009402684293434e+01 9.880034009883711121e+01 1.650157864708618547e+02 1.586483490001812129e+02 1.513175972072411613e+00 1.581094077116241170e+00 1.600235901054212651e+00 1.434833712701845787e+00 1.353464681780746304e+00
1.157920322960940940e+00 1.157920322960940940e+00 1.157920322960940940e+00 1.157920322960940940e+00 1.261858756908649015e+00 1.581094077116241170e+00 1.470524169270643666e+00 1.497509996224805073e+00 1.470524169270643666e+00 1.870778201057371692e+00 9.880034009883711121e+01 1.650157864708618547e+02 1.641835510259506066e+02 1.513175972072411613e+00 1.581094077116241170e+00 1.600235901054212651e+00 1.529959756879622823e+00 1.448444016827660663e+00
1.157920322960940940e+00 1.157920322960940940e+00 1.157920322960940940e+00 1.261858756908649015e+00 3.365807768966252667e+00 1.470524169270643666e+00 1.515980476697848189e+00 1.157920322960940940e+00 1.476934830297549350e+00 1.476934830297549350e+00 4.188628398430251565e+01 1.650157864708618547e+02 1.661266221429889640e+02 1.513175972072411613e+00 1.470524169270643666e+00 1.513175972072411613e+00 1.476934830297549350e+00 1.476934830297549350e+00
1.157920322960940940e+00 1.157920322960940940e+00 2.021254762256717630e+00 5.349885439177223034e+00 1.581094077116241170e+00 1.600235901054212651e+00 1.703677759718232654e+00 1.513175972072411613e+00 1.157920322960940940e+00 1.157920322960940940e+00 4.188628398430251565e+01 1.650157864708618547e+02 1.661266221429889640e+02 1.513175972072411613e+00 1.470524169270643666e+00 1.513175972072411613e+00 1.476934830297549350e+00 1.448444016827660663e+00
1.157920322960940940e+00 1.398633691531556522e+01 4.643071815893364374e+01 2.500003542936422907e+00 1.513175972072411613e+00 1.504415272839502604e+00 1.528311094372099888e+00 1.261858756908649015e+00 1.157920322960940940e+00 2.269626434118129410e+01 1.033092724204796014e+02 1.650157864708618547e+02 1.641551124002392328e+02 1.513175972072411613e+00 1.504415272839502604e+00 1.324014831503530942e+00 1.353464681780746304e+00 1.157920322960940940e+00
1.157920322960940940e+00 1.132140720986837295e+02 1.611421052273181829e+02 1.550134275618682125e+02 9.774798498504107158e+01 2.500003542936422907e+00 1.755902176805019366e+00 2.021254762256717630e+00 3.243521567694220842e+00 2.421111249350969530e+01 1.274140034657577161e+02 1.600339772696266891e+02 9.477837536615842851e+01 1.470524169270643666e+00 1.504415272839502604e+00 1.324014831503530942e+00 1.353464681780746304e+00 1.157920322960940940e+00
1.853728053923545449e+00 1.102572954508706999e+02 1.650157864708618547e+02 1.641835510259506066e+02 1.611421052273181829e+02 1.570919724887993141e+02 5.382407430886640753e+01 7.236511177706799636e+00 5.042285508914926773e+00 2.158414539429307499e+00 9.880034009883711121e+01 1.488371257823287976e+02 1.513175972072411613e+00 1.470524169270643666e+00 1.476934830297549350e+00 1.353464681780746304e+00 1.476934830297549350e+00 1.157920322960940940e+00
1.497509996224805073e+00 1.844988318219330292e+00 1.187542084449052879e+02 1.661266221429889640e+02 1.310196388242274566e+02 5.382407430886640753e+01 4.523932907710069173e+00 1.562960426698323246e+00 1.600235901054212651e+00 1.627519035845844453e+00 3.148778777665200934e+01 6.201720270103288613e+01 1.513175972072411613e+00 1.504415272839502604e+00 1.261858756908649015e+00 1.157920322960940940e+00 1.157920322960940940e+00 1.157920322960940940e+00
1.157920322960940940e+00 1.476934830297549350e+00 1.703677759718232654e+00 8.628983522467025580e+01 2.803860357341520526e+01 1.581094077116241170e+00 1.562960426698323246e+00 1.600235901054212651e+00 1.497509996224805073e+00 1.529959756879622823e+00 3.127638743499172236e+01 1.513175972072411613e+00 1.470524169270643666e+00 1.600235901054212651e+00 1.261858756908649015e+00 1.157920322960940940e+00 1.157920322960940940e+00 1.157920322960940940e+00
1.157920322960940940e+00 1.157920322960940940e+00 1.476934830297549350e+00 1.853728053923545449e+00 1.513175972072411613e+00 1.513175972072411613e+00 1.515980476697848189e+00 1.510622354878528917e+00 1.529959756879622823e+00 1.529959756879622823e+00 4.188628398430251565e+01 1.513175972072411613e+00 1.470524169270643666e+00 1.448444016827660663e+00 1.261858756908649015e+00 1.157920322960940940e+00 1.157920322960940940e+00 1.324014831503530942e+00
1.157920322960940940e+00 1.157920322960940940e+00 1.157920322960940940e+00 1.513175972072411613e+00 1.513175972072411613e+00 1.513175972072411613e+00 1.476934830297549350e+00 1.476934830297549350e+00 1.476934830297549350e+00 1.476934830297549350e+00 1.600339772696266891e+02 1.513175972072411613e+00 1.504415272839502604e+00 1.600235901054212651e+00 1.353464681780746304e+00 1.261858756908649015e+00 1.157920322960940940e+00 1.324014831503530942e+00
1.157920322960940940e+00 1.157920322960940940e+00 1.157920322960940940e+00 1.157920322960940940e+00 1.157920322960940940e+00 1.157920322960940940e+00 1.157920322960940940e+00 1.157920322960940940e+00 1.157920322960940940e+00 4.188628398430251565e+01 1.599801333011789097e+02 1.513175972072411613e+00 1.504415272839502604e+00 1.470524169270643666e+00 1.448444016827660663e+00 1.261858756908649015e+00 1.261858756908649015e+00 1.157920322960940940e+00
1.157920322960940940e+00 1.157920322960940940e+00 1.157920322960940940e+00 1.157920322960940940e+00 1.157920322960940940e+00 1.157920322960940940e+00 1.157920322960940940e+00 1.157920322960940940e+00 1.157920322960940940e+00 4.188628398430251565e+01 1.617434149434990616e+02 1.513175972072411613e+00 1.581094077116241170e+00 1.470524169270643666e+00 1.448444016827660663e+00 1.261858756908649015e+00 1.157920322960940940e+00 1.157920322960940940e+00
1.157920322960940940e+00 1.157920322960940940e+00 1.157920322960940940e+00 1.157920322960940940e+00 1.157920322960940940e+00 1.157920322960940940e+00 1.157920322960940940e+00 1.157920322960940940e+00 1.157920322960940940e+00 1.528311094372099888e+00 1.300092666502458201e+02 1.513175972072411613e+00 1.581094077116241170e+00 1.470524169270643666e+00 1.448444016827660663e+00 1.324014831503530942e+00 1.353464681780746304e+00 1.157920322960940940e+00
1.157920322960940940e+00 1.157920322960940940e+00 1.157920322960940940e+00 1.157920322960940940e+00 1.157920322960940940e+00 1.157920322960940940e+00 1.157920322960940940e+00 1.157920322960940940e+00 1.513175972072411613e+00 1.353464681780746304e+00 4.188628398430251565e+01 1.513175972072411613e+00 1.581094077116241170e+00 1.470524169270643666e+00 1.448444016827660663e+00 1.324014831503530942e+00 1.353464681780746304e+00 1.157920322960940940e+00
