1.125009270919440141e+01 1.125009270919440141e+01 1.125009270919440141e+01 1.125009270919440141e+01 1.238073468117579523e+01 1.978491827346650211e+01 2.372910549596475249e+01 2.379863693727169149e+01 2.089137780520719190e+01 1.238073468117579523e+01 1.125009270919440141e+01 1.125009270919440141e+01 2.073826235509891092e+01 2.733849324707685469e+01 4.006771733325184925e+01 5.264177309281996742e+01 5.868376193514311012e+01 5.186711104280638551e+01
1.125009270919440141e+01 1.125009270919440141e+01 1.125009270919440141e+01 1.238073468117579523e+01 2.193180855822258479e+01 2.850403600840947149e+01 3.285437913245665698e+01 3.454393149908888461e+01 2.728485951429481915e+01 2.049002952487080975e+01 1.423410472202148647e+01 1.928141537711600506e+01 2.404298216252844256e+01 3.716358118302110114e+01 5.133425860102753546e+01 6.360315576704395824e+01 6.042192799317623297e+01 5.637820145493431312e+01
1.125009270919440141e+01 1.125009270919440141e+01 1.125009270919440141e+01 2.176212053338868202e+01 3.062819403424274967e+01 3.995940671490944140e+01 4.500987239760235781e+01 4.716842034709232934e+01 3.534994636413594549e+01 2.450625027767076602e+01 1.870401611806557440e+01 2.073826235509891092e+01 2.952523846670918317e+01 4.555759602647310658e+01 5.960548680957506917e+01 6.970896369712548335e+01 6.762927714629776688e+01 5.108462583607492746e+01
1.125009270919440141e+01 1.125009270919440141e+01 2.073826235509891092e+01 2.932424600990451324e+01 4.080217317095876695e+01 5.264177309281996742e+01 5.868376193514311012e+01 5.637820145493431312e+01 4.218299646809980885e+01 2.611635385684312993e+01 2.286189189473354588e+01 2.447672083153234723e+01 3.716358118302110114e+01 5.333509473197645434e+01 6.613770286840137658e+01 7.084431400459928341e+01 5.821158990448631698e+01 4.551406479428558072e+01
1.125009270919440141e+01 2.073826235509891092e+01 2.733849324707685469e+01 4.006771733325184925e+01 5.635500217971009107e+01 6.476046218047949310e+01 6.270585896833293305e+01 5.517372265358162764e+01 3.847673395734855006e+01 2.571405577872022619e+01 2.430518388289018006e+01 3.129976946149254502e+01 4.473365389707228701e+01 5.960548680957506917e+01 6.970896369712548335e+01 6.912746296379721400e+01 5.470114603210068083e+01 3.566712617142626129e+01
1.423410472202148647e+01 2.404298216252844256e+01 3.716358118302110114e+01 5.133425860102753546e+01 6.613770286840137658e+01 7.084431400459928341e+01 6.693347985659842436e+01 4.983579753709863525e+01 3.705432086688361437e+01 2.571405577872022619e+01 2.719197555555350831e+01 3.900520918522773428e+01 5.437803899291537135e+01 6.360315576704395824e+01 7.084431400459928341e+01 5.808703895637528092e+01 4.336500845857636222e+01 2.957126110726968804e+01
2.151258903102433706e+01 3.337264349118331097e+01 4.569539799680872960e+01 5.985204944836758756e+01 7.236999222831575196e+01 7.000712313472386938e+01 5.821158990448631698e+01 4.336500845857636222e+01 3.124695575752715726e+01 2.807872472431950683e+01 3.540394288249378718e+01 5.058679935438517816e+01 6.360315576704395824e+01 7.084431400459928341e+01 6.912746296379721400e+01 5.108462583607492746e+01 3.705432086688361437e+01 2.403207575678776209e+01
2.698657185347812870e+01 4.157703218815235857e+01 5.951350990584400336e+01 7.259434041621173606e+01 7.598900005783555400e+01 7.093084229946799724e+01 5.517372265358162764e+01 3.836045815715882412e+01 3.202620812368079584e+01 3.363272703911643191e+01 4.546031148826007495e+01 5.951350990584400336e+01 7.259434041621173606e+01 7.084431400459928341e+01 6.762927714629776688e+01 4.743472418335977636e+01 3.257005873791177919e+01 2.039628176122204550e+01
3.225952676757896853e+01 5.254144551206198344e+01 7.276773994662812584e+01 8.650089874857665961e+01 8.108552713350155727e+01 7.361792592660336254e+01 6.168177827521939349e+01 5.168480233617779618e+01 4.672149082626273042e+01 4.833661797060609189e+01 6.459510942585764326e+01 7.751563043715825074e+01 7.962184249096195288e+01 7.841456566173199860e+01 6.371058190086395001e+01 4.433672394906398040e+01 2.766131569558958958e+01 1.824250036165754807e+01
3.751020995117742274e+01 5.601064737968382445e+01 8.474318368509040056e+01 9.733927786003192750e+01 9.088896798324174142e+01 8.413270410499922036e+01 7.833831496868523914e+01 7.472834135502094455e+01 6.873104176050502190e+01 7.213600636562017598e+01 8.072953224413446094e+01 9.049887074390761654e+01 9.358928079297058389e+01 8.000342795782501071e+01 6.371058190086395001e+01 4.122699435477055374e+01 2.400709137292678008e+01 1.824250036165754807e+01
4.063551859638698005e+01 6.559127050622014110e+01 8.978419053443130338e+01 9.899946115899581400e+01 9.919103658779110333e+01 9.626663888481390075e+01 9.171115959541505447e+01 9.258334491984754777e+01 9.748686075775771087e+01 9.664457594541357821e+01 9.733927786003192750e+01 1.018138216889251026e+02 9.215803126126667166e+01 7.825784373826341778e+01 5.746373004392818018e+01 3.683131008335623591e+01 2.322072043560751098e+01 1.824250036165754807e+01
4.089527327670337087e+01 5.793169745321480946e+01 8.040754640706455803e+01 9.186412421870586797e+01 9.881401672593432295e+01 9.409668226393252155e+01 9.541673218242227961e+01 9.899946115899581400e+01 1.061960761229853176e+02 1.094886966452355068e+02 1.094886966452355068e+02 9.940125266536189486e+01 8.656911927937427720e+01 6.757058895439193691e+01 4.675567035751676315e+01 2.957126110726968804e+01 2.039628176122204550e+01 1.125009270919440141e+01
3.356325228696444185e+01 4.684394641779822166e+01 6.961313656808974315e+01 7.375441665187906892e+01 8.219064754662421990e+01 8.699689882364329208e+01 8.840138667021422236e+01 9.881401672593432295e+01 1.053933897877427199e+02 1.109466893546613306e+02 1.037913491195157292e+02 9.322018721024682009e+01 7.533571996760629474e+01 5.157012573840174241e+01 3.566712617142626129e+01 2.397854812049918749e+01 1.824250036165754807e+01 1.125009270919440141e+01
2.524352197177416812e+01 3.356325228696444185e+01 4.640398037295512523e+01 5.098571866203828051e+01 6.164847373428658983e+01 7.174678228519177026e+01 7.375441665187906892e+01 8.590305088283459156e+01 9.186412421870586797e+01 1.000004395228367713e+02 9.242924105132473755e+01 7.533571996760629474e+01 5.560408367316949096e+01 3.905210123846447345e+01 2.397854812049918749e+01 2.039628176122204550e+01 1.125009270919440141e+01 1.125009270919440141e+01
2.085986760283035224e+01 2.451518835279827968e+01 3.067304917939956610e+01 3.398503906408054576e+01 4.266919860547310606e+01 4.846694077827143587e+01 6.115717323006860084e+01 7.398098520563712555e+01 8.857921288297964679e+01 8.699689882364329208e+01 7.736484766431057380e+01 6.106875046550957364e+01 4.140831987466040687e+01 2.776813705018102851e+01 2.039628176122204550e+01 1.125009270919440141e+01 1.125009270919440141e+01 1.125009270919440141e+01
1.125009270919440141e+01 1.238073468117579523e+01 2.085986760283035224e+01 2.228350278240664650e+01 2.451518835279827968e+01 3.554235888537392185e+01 4.987049835755825455e+01 6.914698589469402634e+01 7.879458000591667144e+01 7.915754182040514308e+01 6.757058895439193691e+01 4.753987744225801038e+01 3.222920956435015682e+01 2.039628176122204550e+01 1.125009270919440141e+01 1.125009270919440141e+01 1.125009270919440141e+01 1.125009270919440141e+01
1.125009270919440141e+01 1.125009270919440141e+01 1.125009270919440141e+01 1.238073468117579523e+01 2.085986760283035224e+01 2.709849961224314185e+01 4.696738100922270576e+01 6.020920298117491143e+01 6.887177139452636254e+01 6.703223509465158259e+01 5.470114603210068083e+01 3.566712617142626129e+01 2.403207575678776209e+01 1.824250036165754807e+01 1.125009270919440141e+01 1.125009270919440141e+01 1.125009270919440141e+01 1.125009270919440141e+01
1.125009270919440141e+01 1.125009270919440141e+01 1.125009270919440141e+01 1.125009270919440141e+01 1.955040844038803982e+01 2.627466509607469547e+01 4.089527327670337087e+01 6.020920298117491143e+01 6.540611544030569746e+01 5.499232325944376498e+01 4.399527201330585058e+01 2.776813705018102851e+01 2.039628176122204550e+01 1.125009270919440141e+01 1.125009270919440141e+01 1.125009270919440141e+01 1.125009270919440141e+01 1.125009270919440141e+01
