1.157920322960940940e+00 1.157920322960940940e+00 1.227532849370740919e+00 1.157920322960940940e+00 1.157920322960940940e+00 1.157920322960940940e+00 1.157920322960940940e+00 1.504415272839502604e+00 1.562960426698323246e+00 1.434833712701845787e+00 1.513175972072411613e+00 1.562328410554923552e+00 1.517254761250206752e+00 1.529959756879622823e+00 1.157920322960940940e+00 1.434833712701845787e+00 1.157920322960940940e+00 1.157920322960940940e+00
1.157920322960940940e+00 1.157920322960940940e+00 1.157920322960940940e+00 1.157920322960940940e+00 1.157920322960940940e+00 2.005058375337253729e+00 1.581094077116241170e+00 1.728075206947211395e+00 1.647599858749409618e+00 1.529959756879622823e+00 1.564815586214549858e+00 1.792734610040154664e+00 1.664179253167217043e+00 1.664179253167217043e+00 1.572121432812598973e+00 1.528311094372099888e+00 1.227532849370740919e+00 1.227532849370740919e+00
1.157920322960940940e+00 1.157920322960940940e+00 1.157920322960940940e+00 1.157920322960940940e+00 1.157920322960940940e+00 1.572121432812598973e+00 1.609340033680484838e+00 1.661112504986534288e+00 1.703677759718232654e+00 1.703677759718232654e+00 2.012789811607463619e+00 1.769981545660051392e+00 2.500003542936422907e+00 2.005058375337253729e+00 1.767102757732740059e+00 1.600235901054212651e+00 1.562960426698323246e+00 1.497509996224805073e+00
1.157920322960940940e+00 1.157920322960940940e+00 1.157920322960940940e+00 1.157920322960940940e+00 1.513175972072411613e+00 1.419228641103437605e+00 1.476934830297549350e+00 1.581094077116241170e+00 1.728075206947211395e+00 1.572121432812598973e+00 1.600235901054212651e+00 1.844988318219330292e+00 3.787985775501190311e+00 2.005058375337253729e+00 1.513175972072411613e+00 1.581094077116241170e+00 1.703677759718232654e+00 1.703677759718232654e+00
1.157920322960940940e+00 1.157920322960940940e+00 1.513175972072411613e+00 1.572121432812598973e+00 1.497509996224805073e+00 1.513175972072411613e+00 1.562328410554923552e+00 1.497509996224805073e+00 1.497509996224805073e+00 1.529959756879622823e+00 1.513175972072411613e+00 1.541817720668243297e+00 1.703677759718232654e+00 4.409638263777754474e+00 1.513175972072411613e+00 1.821244447622128781e+00 1.703677759718232654e+00 1.703677759718232654e+00
1.157920322960940940e+00 1.157920322960940940e+00 1.513175972072411613e+00 1.504415272839502604e+00 1.497509996224805073e+00 1.513175972072411613e+00 1.513175972072411613e+00 1.497509996224805073e+00 1.497509996224805073e+00 1.476934830297549350e+00 1.529959756879622823e+00 1.476934830297549350e+00 1.703677759718232654e+00 6.241024662562677960e+00 1.581094077116241170e+00 1.893572281989448269e+00 1.737348508648268508e+00 1.727785742404430280e+00
1.157920322960940940e+00 1.157920322960940940e+00 1.513175972072411613e+00 1.504415272839502604e+00 1.448444016827660663e+00 1.324014831503530942e+00 1.504415272839502604e+00 1.448444016827660663e+00 1.504415272839502604e+00 1.448444016827660663e+00 1.261858756908649015e+00 1.157920322960940940e+00 1.476934830297549350e+00 1.513175972072411613e+00 2.005058375337253729e+00 2.005058375337253729e+00 1.767102757732740059e+00 1.921199123228571670e+00
1.157920322960940940e+00 1.157920322960940940e+00 1.513175972072411613e+00 1.157920322960940940e+00 1.261858756908649015e+00 1.513175972072411613e+00 1.513175972072411613e+00 1.529959756879622823e+00 1.529959756879622823e+00 1.703677759718232654e+00 1.528311094372099888e+00 1.157920322960940940e+00 1.166363706880856732e+01 1.513175972072411613e+00 2.005058375337253729e+00 1.991089226904888543e+00 1.998789810702525926e+00 1.572121432812598973e+00
1.157920322960940940e+00 1.157920322960940940e+00 1.227532849370740919e+00 1.157920322960940940e+00 1.157920322960940940e+00 1.513175972072411613e+00 1.513175972072411613e+00 1.476934830297549350e+00 1.581094077116241170e+00 1.572121432812598973e+00 1.703677759718232654e+00 1.157920322960940940e+00 1.063487533541080232e+01 1.513175972072411613e+00 1.731428546870463547e+00 1.731428546870463547e+00 1.581094077116241170e+00 1.562960426698323246e+00
1.157920322960940940e+00 1.157920322960940940e+00 1.157920322960940940e+00 1.157920322960940940e+00 1.157920322960940940e+00 1.157920322960940940e+00 1.513175972072411613e+00 1.513175972072411613e+00 1.476934830297549350e+00 1.600235901054212651e+00 1.529959756879622823e+00 1.600235901054212651e+00 1.572121432812598973e+00 1.600235901054212651e+00 1.474365636734590090e+00 1.513175972072411613e+00 1.562328410554923552e+00 1.497509996224805073e+00
1.157920322960940940e+00 1.157920322960940940e+00 1.157920322960940940e+00 1.157920322960940940e+00 1.157920322960940940e+00 1.157920322960940940e+00 1.513175972072411613e+00 1.581094077116241170e+00 1.581094077116241170e+00 1.597695876637137635e+00 1.703677759718232654e+00 1.513175972072411613e+00 1.517254761250206752e+00 1.476934830297549350e+00 1.157920322960940940e+00 1.157920322960940940e+00 1.513175972072411613e+00 1.476934830297549350e+00
1.157920322960940940e+00 1.157920322960940940e+00 1.157920322960940940e+00 1.157920322960940940e+00 1.157920322960940940e+00 1.157920322960940940e+00 1.513175972072411613e+00 1.513175972072411613e+00 1.562328410554923552e+00 1.529959756879622823e+00 1.600235901054212651e+00 1.562328410554923552e+00 1.419228641103437605e+00 1.157920322960940940e+00 1.157920322960940940e+00 1.157920322960940940e+00 1.157920322960940940e+00 1.157920322960940940e+00
1.157920322960940940e+00 1.157920322960940940e+00 1.157920322960940940e+00 1.157920322960940940e+00 1.157920322960940940e+00 1.157920322960940940e+00 1.513175972072411613e+00 1.513175972072411613e+00 1.448444016827660663e+00 1.476934830297549350e+00 1.513175972072411613e+00 1.517254761250206752e+00 1.448444016827660663e+00 1.157920322960940940e+00 1.157920322960940940e+00 1.157920322960940940e+00 1.157920322960940940e+00 1.157920322960940940e+00
1.157920322960940940e+00 1.157920322960940940e+00 1.157920322960940940e+00 1.157920322960940940e+00 1.157920322960940940e+00 1.157920322960940940e+00 1.157920322960940940e+00 1.157920322960940940e+00 1.227532849370740919e+00 1.581094077116241170e+00 1.510622354878528917e+00 1.497509996224805073e+00 1.448444016827660663e+00 1.157920322960940940e+00 1.157920322960940940e+00 1.157920322960940940e+00 1.157920322960940940e+00 1.157920322960940940e+00
1.157920322960940940e+00 1.157920322960940940e+00 1.157920322960940940e+00 1.157920322960940940e+00 1.157920322960940940e+00 1.157920322960940940e+00 1.157920322960940940e+00 1.227532849370740919e+00 3.243521567694220842e+00 1.513175972072411613e+00 1.419228641103437605e+00 1.476934830297549350e+00 1.157920322960940940e+00 1.157920322960940940e+00 1.157920322960940940e+00 1.157920322960940940e+00 1.157920322960940940e+00 1.157920322960940940e+00
1.157920322960940940e+00 1.157920322960940940e+00 1.157920322960940940e+00 1.157920322960940940e+00 1.157920322960940940e+00 1.157920322960940940e+00 1.227532849370740919e+00 1.166363706880856732e+01 1.513175972072411613e+00 1.517254761250206752e+00 1.408406779242882934e+00 1.261858756908649015e+00 1.157920322960940940e+00 1.157920322960940940e+00 1.157920322960940940e+00 1.157920322960940940e+00 1.157920322960940940e+00 1.157920322960940940e+00
1.157920322960940940e+00 1.157920322960940940e+00 1.157920322960940940e+00 1.157920322960940940e+00 1.513175972072411613e+00 1.227532849370740919e+00 1.853728053923545449e+00 5.042285508914926773e+00 1.510622354878528917e+00 1.419228641103437605e+00 1.261858756908649015e+00 1.157920322960940940e+00 1.157920322960940940e+00 1.157920322960940940e+00 1.157920322960940940e+00 1.157920322960940940e+00 1.157920322960940940e+00 1.157920322960940940e+00
1.157920322960940940e+00 1.157920322960940940e+00 1.157920322960940940e+00 1.157920322960940940e+00 1.227532849370740919e+00 1.157920322960940940e+00 1.853728053923545449e+00 1.513175972072411613e+00 1.517254761250206752e+00 1.448444016827660663e+00 1.261858756908649015e+00 1.157920322960940940e+00 1.157920322960940940e+00 1.157920322960940940e+00 1.157920322960940940e+00 1.157920322960940940e+00 1.157920322960940940e+00 1.157920322960940940e+00
