1.436289013337177956e+00 1.436289013337177956e+00 1.436289013337177956e+00 1.513175972072411613e+00 1.324014831503530942e+00 1.529959756879622823e+00 1.529959756879622823e+00 1.597695876637137635e+00 1.733986524414708796e+00 2.021254762256717630e+00 8.174762350596233773e+01 8.174762350596233773e+01 8.174762350596233773e+01 8.174762350596233773e+01 8.174762350596233773e+01 2.500003542936422907e+00 2.500003542936422907e+00 2.609247325520172467e+01
1.436289013337177956e+00 1.436289013337177956e+00 1.436289013337177956e+00 1.261858756908649015e+00 1.261858756908649015e+00 1.261858756908649015e+00 1.733986524414708796e+00 4.188628398430251565e+01 2.305081587383583752e+01 1.586483490001812129e+02 1.586483490001812129e+02 1.586483490001812129e+02 1.586483490001812129e+02 1.632884036644679213e+02 1.589055745153461885e+02 1.641835510259506066e+02 6.548078195977703331e+01 2.005058375337253729e+00
1.436289013337177956e+00 1.436289013337177956e+00 1.436289013337177956e+00 1.261858756908649015e+00 1.261858756908649015e+00 1.434833712701845787e+00 1.497009209462971224e+00 1.853728053923545449e+00 3.201143131692806776e+01 7.992460740322623280e+01 7.986893628903085585e+01 1.000552946013113882e+02 1.478905674851923209e+02 1.508240062551839458e+02 1.609055731438105568e+02 1.639046308974151316e+02 9.932726492523426032e+01 1.581094077116241170e+00
1.436289013337177956e+00 1.436289013337177956e+00 1.436289013337177956e+00 1.600235901054212651e+00 1.562960426698323246e+00 1.600235901054212651e+00 1.726355973102020380e+00 1.893572281989448269e+00 1.811030386131645242e+00 1.964690994678568003e+00 1.713975104157933194e+00 2.158414539429307499e+00 4.859893767555949040e+01 1.274140034657577161e+02 1.617434149434990616e+02 1.641551124002392328e+02 9.477837536615842851e+01 1.470524169270643666e+00
1.436289013337177956e+00 1.436289013337177956e+00 1.436289013337177956e+00 1.513175972072411613e+00 1.634421975637585955e+00 1.581094077116241170e+00 1.703677759718232654e+00 1.958363994013259113e+00 1.767102757732740059e+00 1.703677759718232654e+00 2.168831205155987263e+00 1.529959756879622823e+00 1.205025801248511215e+02 1.651207089507004468e+02 1.614008795782165748e+02 1.641551124002392328e+02 1.513175972072411613e+00 1.513175972072411613e+00
1.436289013337177956e+00 1.436289013337177956e+00 1.436289013337177956e+00 1.436289013337177956e+00 1.513175972072411613e+00 1.513175972072411613e+00 1.713975104157933194e+00 1.958363994013259113e+00 1.769981545660051392e+00 1.753382387546039034e+00 1.733986524414708796e+00 5.789753069563435872e+01 1.655024162135547954e+02 1.639046308974151316e+02 1.620144457933880346e+02 5.382407430886640753e+01 1.510622354878528917e+00 1.513175972072411613e+00
1.436289013337177956e+00 1.436289013337177956e+00 1.436289013337177956e+00 1.436289013337177956e+00 1.513175972072411613e+00 1.324014831503530942e+00 1.713975104157933194e+00 1.746281260738523855e+00 2.168831205155987263e+00 1.109738051568303945e+02 1.109738051568303945e+02 1.655024162135547954e+02 1.655024162135547954e+02 1.641551124002392328e+02 1.028508499615169995e+02 1.513175972072411613e+00 1.470524169270643666e+00 1.497509996224805073e+00
1.436289013337177956e+00 1.436289013337177956e+00 1.436289013337177956e+00 1.436289013337177956e+00 1.513175972072411613e+00 1.324014831503530942e+00 1.529959756879622823e+00 4.188628398430251565e+01 1.033092724204796014e+02 1.624827816350790783e+02 1.655024162135547954e+02 1.655024162135547954e+02 1.639046308974151316e+02 1.607255141502003255e+02 1.513175972072411613e+00 1.513175972072411613e+00 1.497509996224805073e+00 1.436289013337177956e+00
1.436289013337177956e+00 1.436289013337177956e+00 1.436289013337177956e+00 1.436289013337177956e+00 1.513175972072411613e+00 1.478166662801478903e+00 1.528311094372099888e+00 1.853728053923545449e+00 2.894709161112685170e+00 8.040880461390638345e+01 1.635952713092027864e+02 1.635952713092027864e+02 1.607255141502003255e+02 1.026587808526024617e+02 1.513175972072411613e+00 1.504415272839502604e+00 1.436289013337177956e+00 1.436289013337177956e+00
1.436289013337177956e+00 1.436289013337177956e+00 1.436289013337177956e+00 1.261858756908649015e+00 1.261858756908649015e+00 1.893572281989448269e+00 1.703677759718232654e+00 1.728075206947211395e+00 1.726355973102020380e+00 1.726355973102020380e+00 2.012789811607463619e+00 1.000552946013113882e+02 1.043492971021794773e+02 4.566274454807376770e+01 1.470524169270643666e+00 1.515238348668426216e+00 1.261858756908649015e+00 1.261858756908649015e+00
1.261858756908649015e+00 1.261858756908649015e+00 1.324014831503530942e+00 1.261858756908649015e+00 1.893572281989448269e+00 1.893572281989448269e+00 1.727785742404430280e+00 1.562328410554923552e+00 1.562328410554923552e+00 1.562328410554923552e+00 1.726355973102020380e+00 1.703677759718232654e+00 3.787985775501190311e+00 1.513175972072411613e+00 1.504415272839502604e+00 1.436289013337177956e+00 1.261858756908649015e+00 1.261858756908649015e+00
1.261858756908649015e+00 1.261858756908649015e+00 1.470524169270643666e+00 2.005058375337253729e+00 1.893572281989448269e+00 1.921199123228571670e+00 1.513175972072411613e+00 1.513175972072411613e+00 1.436289013337177956e+00 1.497009209462971224e+00 1.529959756879622823e+00 1.703677759718232654e+00 8.910605054972711159e+00 1.513175972072411613e+00 1.513175972072411613e+00 1.436289013337177956e+00 1.436289013337177956e+00 1.324014831503530942e+00
1.470524169270643666e+00 1.513175972072411613e+00 1.470524169270643666e+00 1.726355973102020380e+00 1.609340033680484838e+00 1.753382387546039034e+00 1.510622354878528917e+00 1.504415272839502604e+00 1.436289013337177956e+00 1.609340033680484838e+00 1.726355973102020380e+00 1.703677759718232654e+00 1.853728053923545449e+00 1.513175972072411613e+00 1.513175972072411613e+00 1.436289013337177956e+00 1.436289013337177956e+00 1.436289013337177956e+00
2.500003542936422907e+00 1.733986524414708796e+00 1.853955687071545455e+00 1.634421975637585955e+00 1.581094077116241170e+00 1.600235901054212651e+00 1.497509996224805073e+00 1.510622354878528917e+00 1.581094077116241170e+00 1.529959756879622823e+00 1.746281260738523855e+00 1.769981545660051392e+00 4.808568623644381645e+00 1.470524169270643666e+00 1.497509996224805073e+00 1.324014831503530942e+00 1.436289013337177956e+00 1.261858756908649015e+00
6.588653232148207906e+01 8.174762350596233773e+01 2.500003542936422907e+00 2.500003542936422907e+00 1.634421975637585955e+00 1.504415272839502604e+00 1.513175972072411613e+00 1.515238348668426216e+00 1.513175972072411613e+00 1.515238348668426216e+00 1.529959756879622823e+00 1.470524169270643666e+00 1.513175972072411613e+00 1.470524169270643666e+00 1.436289013337177956e+00 1.324014831503530942e+00 1.408406779242882934e+00 1.261858756908649015e+00
9.880034009883711121e+01 1.589055745153461885e+02 1.641835510259506066e+02 1.550134275618682125e+02 2.500003542936422907e+00 2.500003542936422907e+00 3.237281543956174801e+01 1.664179253167217043e+00 1.664179253167217043e+00 1.664179253167217043e+00 2.285904897157474913e+00 1.513175972072411613e+00 1.513175972072411613e+00 1.504415272839502604e+00 1.436289013337177956e+00 1.436289013337177956e+00 1.261858756908649015e+00 1.261858756908649015e+00
4.188628398430251565e+01 1.600489244950412058e+02 1.617458264758266182e+02 1.591721428435201062e+02 1.641835510259506066e+02 1.230107638718340866e+02 8.174762350596233773e+01 2.500003542936422907e+00 2.609247325520172467e+01 2.132818348811740350e+01 1.581094077116241170e+00 1.513175972072411613e+00 1.470524169270643666e+00 1.436289013337177956e+00 1.470524169270643666e+00 1.436289013337177956e+00 1.497509996224805073e+00 1.324014831503530942e+00
1.853728053923545449e+00 7.457580619198854777e+01 8.040880461390638345e+01 1.586483490001812129e+02 1.586483490001812129e+02 1.621147225180096143e+02 1.632884036644679213e+02 5.382407430886640753e+01 4.566274454807376770e+01 1.581094077116241170e+00 1.470524169270643666e+00 1.497509996224805073e+00 1.513175972072411613e+00 1.261858756908649015e+00 1.436289013337177956e+00 1.529959756879622823e+00 1.513175972072411613e+00 1.324014831503530942e+00
