1.442726199524684061e+00 1.425959058705807969e+00 1.476934830297549350e+00 1.513175972072411613e+00 1.507413232620929744e+00 1.529959756879622823e+00 1.857497849443705107e+00 1.908859466820155859e+01 5.238374922156907587e+01 9.905228962164915174e+01 1.620574902101947146e+02 1.570919724887993141e+02 1.513175972072411613e+00 1.507413232620929744e+00 1.593154546061094079e+00 1.286531874950107790e+00 1.157920322960940940e+00 1.157920322960940940e+00
1.442726199524684061e+00 1.425959058705807969e+00 1.157920322960940940e+00 1.513175972072411613e+00 1.520269210812296157e+00 1.529959756879622823e+00 1.528311094372099888e+00 3.056285249068775745e+00 3.878182762977381071e+00 1.274140034657577161e+02 1.599686756010339082e+02 1.356014328922314292e+02 1.625552446629046983e+02 1.507413232620929744e+00 1.524039167710919296e+00 1.528311094372099888e+00 1.434833712701845787e+00 1.227532849370740919e+00
1.442726199524684061e+00 1.425959058705807969e+00 1.157920322960940940e+00 1.513175972072411613e+00 1.478342207360586524e+00 1.524039167710919296e+00 1.374074526253766582e+00 1.420668512989686771e+00 1.420668512989686771e+00 1.420668512989686771e+00 5.252188365866632580e+01 1.325083058162704504e+02 1.656516582551624595e+02 1.513175972072411613e+00 1.520269210812296157e+00 1.529959756879622823e+00 1.227532849370740919e+00 1.157920322960940940e+00
1.442726199524684061e+00 1.425959058705807969e+00 1.157920322960940940e+00 1.157920322960940940e+00 1.507413232620929744e+00 1.414238054815444512e+00 1.157920322960940940e+00 1.157920322960940940e+00 1.157920322960940940e+00 1.647020252058299716e+00 1.857497849443705107e+00 1.205025801248511215e+02 1.647066847869487276e+02 1.513175972072411613e+00 1.507413232620929744e+00 1.524039167710919296e+00 1.284905596330233157e+00 1.286531874950107790e+00
1.442726199524684061e+00 1.425959058705807969e+00 1.425959058705807969e+00 1.157920322960940940e+00 1.503450329521167195e+00 1.157920322960940940e+00 1.157920322960940940e+00 1.157920322960940940e+00 1.157920322960940940e+00 1.157920322960940940e+00 6.614019124967077801e+01 1.599686756010339082e+02 6.461669006470881982e+01 1.513175972072411613e+00 1.503450329521167195e+00 1.157920322960940940e+00 1.157920322960940940e+00 1.284905596330233157e+00
1.442726199524684061e+00 1.425959058705807969e+00 1.425959058705807969e+00 1.157920322960940940e+00 1.157920322960940940e+00 1.157920322960940940e+00 1.157920322960940940e+00 1.157920322960940940e+00 1.157920322960940940e+00 2.080814961341481695e+00 2.000429864186777351e+01 2.803860357341520526e+01 3.878182762977381071e+00 1.503450329521167195e+00 1.419228641103437605e+00 1.157920322960940940e+00 1.157920322960940940e+00 1.157920322960940940e+00
1.442726199524684061e+00 1.425959058705807969e+00 1.286531874950107790e+00 1.286531874950107790e+00 1.157920322960940940e+00 1.227532849370740919e+00 1.157920322960940940e+00 1.157920322960940940e+00 1.157920322960940940e+00 6.631919675727083074e+01 4.747060521341524719e+01 1.513175972072411613e+00 1.419228641103437605e+00 1.528311094372099888e+00 1.420668512989686771e+00 1.157920322960940940e+00 1.157920322960940940e+00 1.157920322960940940e+00
1.442726199524684061e+00 1.442726199524684061e+00 1.425959058705807969e+00 1.497509996224805073e+00 1.497509996224805073e+00 1.286531874950107790e+00 1.227532849370740919e+00 1.157920322960940940e+00 5.530157046361673423e+01 1.453623433336668143e+02 1.513175972072411613e+00 1.510622354878528917e+00 1.425959058705807969e+00 1.448444016827660663e+00 1.157920322960940940e+00 1.157920322960940940e+00 1.157920322960940940e+00 1.157920322960940940e+00
1.442726199524684061e+00 1.442726199524684061e+00 1.425959058705807969e+00 1.443570582181009643e+00 1.442726199524684061e+00 1.425959058705807969e+00 1.251150591729524919e+00 2.240352996096401839e+01 1.274140034657577161e+02 2.803860357341520526e+01 1.510622354878528917e+00 1.443570582181009643e+00 1.434833712701845787e+00 1.157920322960940940e+00 1.157920322960940940e+00 1.157920322960940940e+00 1.157920322960940940e+00 1.157920322960940940e+00
1.442726199524684061e+00 1.442726199524684061e+00 1.481186354396701432e+00 1.414238054815444512e+00 1.414238054815444512e+00 1.425959058705807969e+00 1.529959756879622823e+00 5.530157046361673423e+01 4.089903620388176364e+01 1.513175972072411613e+00 1.419228641103437605e+00 1.448444016827660663e+00 1.408406779242882934e+00 1.157920322960940940e+00 1.157920322960940940e+00 1.157920322960940940e+00 1.157920322960940940e+00 1.286531874950107790e+00
1.414238054815444512e+00 1.524039167710919296e+00 1.425959058705807969e+00 1.503450329521167195e+00 1.157920322960940940e+00 1.493233378356123353e+00 5.014894288349663753e+01 2.803860357341520526e+01 1.513175972072411613e+00 1.503450329521167195e+00 1.448444016827660663e+00 1.425959058705807969e+00 1.157920322960940940e+00 1.157920322960940940e+00 1.157920322960940940e+00 1.672196679262384800e+00 1.227532849370740919e+00 1.286531874950107790e+00
1.414238054815444512e+00 1.419228641103437605e+00 1.454448106441967203e+00 1.286531874950107790e+00 2.031653894783829983e+01 8.313814910908671152e+01 9.477837536615842851e+01 1.614566915513834466e+00 1.520269210812296157e+00 1.524039167710919296e+00 1.414238054815444512e+00 1.425959058705807969e+00 1.157920322960940940e+00 1.497509996224805073e+00 1.510622354878528917e+00 1.443570582181009643e+00 1.443570582181009643e+00 1.425959058705807969e+00
1.227532849370740919e+00 1.251150591729524919e+00 1.157920322960940940e+00 1.157920322960940940e+00 6.631919675727083074e+01 1.205025801248511215e+02 2.803860357341520526e+01 1.741132164584051623e+00 1.507413232620929744e+00 1.524039167710919296e+00 1.448444016827660663e+00 1.286531874950107790e+00 1.286531874950107790e+00 1.513175972072411613e+00 1.507413232620929744e+00 1.443570582181009643e+00 1.497509996224805073e+00 1.448444016827660663e+00
1.251150591729524919e+00 1.157920322960940940e+00 1.157920322960940940e+00 9.978252235244748647e+01 1.656516582551624595e+02 1.616560277350033914e+02 2.005058375337253729e+00 1.513175972072411613e+00 1.503450329521167195e+00 1.497509326249770067e+00 1.442726199524684061e+00 1.443570582181009643e+00 1.513175972072411613e+00 1.497509326249770067e+00 1.442726199524684061e+00 1.507413232620929744e+00 1.524039167710919296e+00 1.448444016827660663e+00
1.157920322960940940e+00 1.157920322960940940e+00 4.188628398430251565e+01 1.341480491178055559e+02 1.656516582551624595e+02 1.663267812128320031e+02 2.005058375337253729e+00 2.031728394432146700e+00 1.650326749420380379e+00 1.524039167710919296e+00 1.414238054815444512e+00 1.414238054815444512e+00 1.414238054815444512e+00 1.414238054815444512e+00 1.513175972072411613e+00 1.581094077116241170e+00 1.497509326249770067e+00 1.448444016827660663e+00
1.251150591729524919e+00 1.157920322960940940e+00 4.240641603394163894e+01 1.599686756010339082e+02 1.607255141502003255e+02 1.647066847869487276e+02 6.605082078286406500e+01 2.862126722538157608e+01 1.870310392670663235e+00 2.080814961341481695e+00 2.132818348811740350e+01 2.609247325520172467e+01 2.500003542936422907e+00 7.468053102226050122e+00 1.513175972072411613e+00 1.513175972072411613e+00 1.507898862905742154e+00 1.448444016827660663e+00
1.157920322960940940e+00 1.157920322960940940e+00 1.454448106441967203e+00 4.240641603394163894e+01 1.043492971021794773e+02 9.532212844468146784e+01 9.716745363876653130e+01 1.675726065895818451e+01 2.189517803034031473e+01 2.480025742523222476e+01 7.564327517312899829e+01 7.564327517312899829e+01 5.382407430886640753e+01 1.672196679262384800e+00 1.513175972072411613e+00 1.513175972072411613e+00 1.507413232620929744e+00 1.524039167710919296e+00
1.251150591729524919e+00 1.157920322960940940e+00 1.157920322960940940e+00 1.454448106441967203e+00 8.007303900457991119e+00 2.670154831615196400e+01 7.236511177706799636e+00 3.878182762977381071e+00 8.007303900457991119e+00 3.878182762977381071e+00 3.878182762977381071e+00 1.672196679262384800e+00 1.672196679262384800e+00 1.493886903115157816e+00 1.443570582181009643e+00 1.251150591729524919e+00 1.503450329521167195e+00 1.324014831503530942e+00
