1.664179253167217043e+00 1.550359300630970383e+00 1.664179253167217043e+00 1.664179253167217043e+00 1.664179253167217043e+00 1.737348508648268508e+00 1.324014831503530942e+00 1.324014831503530942e+00 1.591880600785563926e+00 1.600235901054212651e+00 1.528311094372099888e+00 1.324014831503530942e+00 2.005058375337253729e+00 1.991089226904888543e+00 1.836846264778383642e+00 1.893572281989448269e+00 1.991089226904888543e+00 1.991089226904888543e+00
1.932256193351470586e+00 1.664179253167217043e+00 1.664179253167217043e+00 2.500003542936422907e+00 1.932256193351470586e+00 1.664179253167217043e+00 1.664179253167217043e+00 1.664179253167217043e+00 1.664179253167217043e+00 1.821244447622128781e+00 1.664179253167217043e+00 1.528311094372099888e+00 1.436289013337177956e+00 1.864598102865364204e+00 1.836846264778383642e+00 1.836846264778383642e+00 1.836846264778383642e+00 1.893572281989448269e+00
2.209187113276922787e+01 6.588653232148207906e+01 1.086836975039012856e+02 1.086836975039012856e+02 1.065784394232010754e+02 1.065784394232010754e+02 5.867531273507557188e+01 1.065784394232010754e+02 2.500003542936422907e+00 2.500003542936422907e+00 1.821244447622128781e+00 1.821244447622128781e+00 1.737348508648268508e+00 1.864598102865364204e+00 1.753382387546039034e+00 1.836846264778383642e+00 1.836846264778383642e+00 1.836846264778383642e+00
2.367520129355968095e+01 7.457580619198854777e+01 1.300092666502458201e+02 1.520442858019961818e+02 1.274140034657577161e+02 1.274140034657577161e+02 1.274140034657577161e+02 1.591787370208371613e+02 1.591787370208371613e+02 1.570919724887993141e+02 2.500003542936422907e+00 1.932256193351470586e+00 1.821244447622128781e+00 1.958363994013259113e+00 1.737348508648268508e+00 1.864598102865364204e+00 1.753382387546039034e+00 1.753382387546039034e+00
1.497509996224805073e+00 1.836846264778383642e+00 3.201143131692806776e+01 8.194041014498068876e+01 8.194041014498068876e+01 8.194041014498068876e+01 8.194041014498068876e+01 7.968117150194461829e+01 7.968117150194461829e+01 1.591787370208371613e+02 1.589055745153461885e+02 2.500003542936422907e+00 2.500003542936422907e+00 1.821244447622128781e+00 1.821244447622128781e+00 1.591880600785563926e+00 1.753382387546039034e+00 1.600235901054212651e+00
1.497509996224805073e+00 1.497509996224805073e+00 1.497509996224805073e+00 1.600235901054212651e+00 1.836846264778383642e+00 1.836846264778383642e+00 1.731428546870463547e+00 1.836846264778383642e+00 2.099751692207584952e+00 1.836846264778383642e+00 1.300092666502458201e+02 1.591787370208371613e+02 1.570919724887993141e+02 2.005058375337253729e+00 1.821244447622128781e+00 1.753382387546039034e+00 1.591880600785563926e+00 1.591880600785563926e+00
1.550359300630970383e+00 1.550359300630970383e+00 1.550359300630970383e+00 1.497509996224805073e+00 1.753382387546039034e+00 1.753382387546039034e+00 1.600235901054212651e+00 1.753382387546039034e+00 1.600235901054212651e+00 1.703677759718232654e+00 2.903550230685989053e+00 1.508240062551839458e+02 1.386060281585648397e+02 2.005058375337253729e+00 2.005058375337253729e+00 1.821244447622128781e+00 1.703677759718232654e+00 1.591880600785563926e+00
1.324014831503530942e+00 1.324014831503530942e+00 1.436289013337177956e+00 1.497509996224805073e+00 1.550359300630970383e+00 1.550359300630970383e+00 1.600235901054212651e+00 1.591880600785563926e+00 1.536139334687430136e+00 1.702801683382881626e+00 4.859893767555949040e+01 1.300092666502458201e+02 1.554299254395074001e+02 1.570919724887993141e+02 2.005058375337253729e+00 1.821244447622128781e+00 1.821244447622128781e+00 1.536139334687430136e+00
1.324014831503530942e+00 1.324014831503530942e+00 1.324014831503530942e+00 1.324014831503530942e+00 1.536139334687430136e+00 1.600235901054212651e+00 1.591880600785563926e+00 1.550359300630970383e+00 1.550359300630970383e+00 1.436289013337177956e+00 1.703677759718232654e+00 1.033092724204796014e+02 1.619636183826580123e+02 1.570919724887993141e+02 2.005058375337253729e+00 2.060320396111245511e+00 1.591880600785563926e+00 1.497509996224805073e+00
1.324014831503530942e+00 1.324014831503530942e+00 1.324014831503530942e+00 1.324014831503530942e+00 1.497509996224805073e+00 1.497509996224805073e+00 1.497509996224805073e+00 1.550359300630970383e+00 1.436289013337177956e+00 1.702801683382881626e+00 1.703677759718232654e+00 4.515427280227818585e+01 1.619636183826580123e+02 1.494657652933761653e+02 2.005058375337253729e+00 1.074115238423343399e+01 1.536139334687430136e+00 1.436289013337177956e+00
1.324014831503530942e+00 1.324014831503530942e+00 1.324014831503530942e+00 1.324014831503530942e+00 1.324014831503530942e+00 1.550359300630970383e+00 1.536139334687430136e+00 1.497509996224805073e+00 1.436289013337177956e+00 1.497509996224805073e+00 1.703677759718232654e+00 4.515427280227818585e+01 1.619636183826580123e+02 1.613830742716876046e+02 2.005058375337253729e+00 1.074115238423343399e+01 1.436289013337177956e+00 1.436289013337177956e+00
1.324014831503530942e+00 1.324014831503530942e+00 1.324014831503530942e+00 1.324014831503530942e+00 1.324014831503530942e+00 1.324014831503530942e+00 1.436289013337177956e+00 1.550359300630970383e+00 1.436289013337177956e+00 1.536139334687430136e+00 1.436289013337177956e+00 1.033092724204796014e+02 1.619636183826580123e+02 1.494657652933761653e+02 2.005058375337253729e+00 1.591880600785563926e+00 1.436289013337177956e+00 1.436289013337177956e+00
1.737348508648268508e+00 1.324014831503530942e+00 1.324014831503530942e+00 1.324014831503530942e+00 1.324014831503530942e+00 1.324014831503530942e+00 1.324014831503530942e+00 1.324014831503530942e+00 1.324014831503530942e+00 1.536139334687430136e+00 1.998789810702525926e+00 8.313814910908671152e+01 1.588857476992578768e+02 1.613830742716876046e+02 2.005058375337253729e+00 1.591880600785563926e+00 1.600235901054212651e+00 1.436289013337177956e+00
1.998789810702525926e+00 1.703677759718232654e+00 1.324014831503530942e+00 1.324014831503530942e+00 1.324014831503530942e+00 1.324014831503530942e+00 1.324014831503530942e+00 1.324014831503530942e+00 1.324014831503530942e+00 1.436289013337177956e+00 2.269626434118129410e+01 5.807168550182450417e+01 1.600339772696266891e+02 2.005058375337253729e+00 1.074115238423343399e+01 1.591880600785563926e+00 1.600235901054212651e+00 1.436289013337177956e+00
1.932256193351470586e+00 1.600235901054212651e+00 1.436289013337177956e+00 1.324014831503530942e+00 1.324014831503530942e+00 1.324014831503530942e+00 1.324014831503530942e+00 1.324014831503530942e+00 1.497509996224805073e+00 1.436289013337177956e+00 4.138902428094792363e+00 1.274140034657577161e+02 1.553091407976573350e+02 3.333622987010499372e+01 1.591880600785563926e+00 1.591880600785563926e+00 1.600235901054212651e+00 1.600235901054212651e+00
1.821244447622128781e+00 1.703677759718232654e+00 1.436289013337177956e+00 1.436289013337177956e+00 1.324014831503530942e+00 1.324014831503530942e+00 1.324014831503530942e+00 1.324014831503530942e+00 1.436289013337177956e+00 1.998789810702525926e+00 9.905228962164915174e+01 1.655024162135547954e+02 1.613830742716876046e+02 2.005058375337253729e+00 1.958363994013259113e+00 1.703677759718232654e+00 1.591880600785563926e+00 1.600235901054212651e+00
1.864598102865364204e+00 1.591880600785563926e+00 1.436289013337177956e+00 1.324014831503530942e+00 1.324014831503530942e+00 1.324014831503530942e+00 1.324014831503530942e+00 1.324014831503530942e+00 1.436289013337177956e+00 4.138902428094792363e+00 1.609055731438105568e+02 1.655024162135547954e+02 9.897107372710732420e+01 1.958363994013259113e+00 1.932256193351470586e+00 1.591880600785563926e+00 1.497509996224805073e+00 1.497509996224805073e+00
1.591880600785563926e+00 1.550359300630970383e+00 1.550359300630970383e+00 1.324014831503530942e+00 1.324014831503530942e+00 1.324014831503530942e+00 1.324014831503530942e+00 1.324014831503530942e+00 1.436289013337177956e+00 4.515427280227818585e+01 1.508240062551839458e+02 1.619636183826580123e+02 1.613830742716876046e+02 2.005058375337253729e+00 1.591880600785563926e+00 1.536139334687430136e+00 1.550359300630970383e+00 1.550359300630970383e+00
