1.261858756908649015e+00 1.515980476697848189e+00 1.529959756879622823e+00 1.448444016827660663e+00 1.529959756879622823e+00 5.789753069563435872e+01 1.650157864708618547e+02 1.644840059892470663e+02 1.655024162135547954e+02 1.655024162135547954e+02 1.655024162135547954e+02 1.257310562152241289e+02 1.513175972072411613e+00 1.504415272839502604e+00 1.600235901054212651e+00 1.528311094372099888e+00 1.562960426698323246e+00 1.261858756908649015e+00
1.513175972072411613e+00 1.324014831503530942e+00 1.529959756879622823e+00 2.021254762256717630e+00 1.650157864708618547e+02 1.644840059892470663e+02 1.655024162135547954e+02 1.650157864708618547e+02 1.650157864708618547e+02 1.650157864708618547e+02 1.655024162135547954e+02 1.591721428435201062e+02 8.460083059160201913e+01 1.634421975637585955e+00 1.581094077116241170e+00 1.600235901054212651e+00 1.470524169270643666e+00 1.448444016827660663e+00
1.261858756908649015e+00 1.261858756908649015e+00 5.789753069563435872e+01 1.343784213414794237e+02 1.655024162135547954e+02 1.639536939615121014e+02 5.382407430886640753e+01 8.234169709299388273e+01 1.620144457933880346e+02 1.650157864708618547e+02 1.655024162135547954e+02 1.655024162135547954e+02 1.257310562152241289e+02 1.513175972072411613e+00 1.634421975637585955e+00 1.581094077116241170e+00 1.529959756879622823e+00 1.529959756879622823e+00
1.261858756908649015e+00 4.901571092877621538e+01 1.205025801248511215e+02 1.650157864708618547e+02 1.655024162135547954e+02 1.488371257823287976e+02 1.028508499615169995e+02 1.964690994678568003e+00 2.158414539429307499e+00 9.880034009883711121e+01 1.650157864708618547e+02 1.655024162135547954e+02 1.617458264758266182e+02 1.513175972072411613e+00 1.513175972072411613e+00 1.470524169270643666e+00 1.529959756879622823e+00 1.261858756908649015e+00
1.434833712701845787e+00 4.188628398430251565e+01 1.617434149434990616e+02 1.639536939615121014e+02 1.607255141502003255e+02 5.382407430886640753e+01 1.581094077116241170e+00 1.728075206947211395e+00 1.744696322861747362e+00 4.188628398430251565e+01 1.650157864708618547e+02 1.655024162135547954e+02 1.617458264758266182e+02 1.513175972072411613e+00 1.513175972072411613e+00 1.448444016827660663e+00 1.448444016827660663e+00 1.261858756908649015e+00
1.434833712701845787e+00 1.853728053923545449e+00 3.201143131692806776e+01 1.620144457933880346e+02 8.234169709299388273e+01 6.461669006470881982e+01 1.811030386131645242e+00 1.728075206947211395e+00 1.703677759718232654e+00 4.188628398430251565e+01 1.650157864708618547e+02 1.655024162135547954e+02 1.617458264758266182e+02 1.513175972072411613e+00 1.504415272839502604e+00 1.324014831503530942e+00 1.324014831503530942e+00 1.324014831503530942e+00
1.470524169270643666e+00 1.836040510867331665e+00 1.731428546870463547e+00 2.158414539429307499e+00 4.523932907710069173e+00 1.903016719354781783e+00 1.728075206947211395e+00 1.727785742404430280e+00 1.703677759718232654e+00 4.188628398430251565e+01 1.617434149434990616e+02 1.650157864708618547e+02 1.617458264758266182e+02 1.581094077116241170e+00 1.470524169270643666e+00 1.448444016827660663e+00 1.324014831503530942e+00 1.324014831503530942e+00
1.261858756908649015e+00 1.470524169270643666e+00 1.470524169270643666e+00 1.744696322861747362e+00 1.609340033680484838e+00 1.728075206947211395e+00 1.821244447622128781e+00 1.727785742404430280e+00 1.529959756879622823e+00 1.102572954508706999e+02 1.617434149434990616e+02 1.655024162135547954e+02 1.617458264758266182e+02 1.470524169270643666e+00 1.470524169270643666e+00 1.448444016827660663e+00 1.324014831503530942e+00 1.448444016827660663e+00
1.261858756908649015e+00 1.261858756908649015e+00 1.324014831503530942e+00 1.448444016827660663e+00 1.497509996224805073e+00 1.609340033680484838e+00 1.753382387546039034e+00 1.727785742404430280e+00 1.998789810702525926e+00 1.033092724204796014e+02 1.650157864708618547e+02 1.655024162135547954e+02 1.513175972072411613e+00 1.515980476697848189e+00 1.448444016827660663e+00 1.470524169270643666e+00 1.448444016827660663e+00 1.324014831503530942e+00
1.261858756908649015e+00 1.261858756908649015e+00 1.261858756908649015e+00 1.324014831503530942e+00 1.562328410554923552e+00 1.497509996224805073e+00 1.562960426698323246e+00 1.529959756879622823e+00 4.188628398430251565e+01 1.650157864708618547e+02 1.650157864708618547e+02 1.655024162135547954e+02 1.513175972072411613e+00 1.504415272839502604e+00 1.515980476697848189e+00 1.448444016827660663e+00 1.529959756879622823e+00 1.261858756908649015e+00
1.261858756908649015e+00 1.261858756908649015e+00 1.261858756908649015e+00 1.261858756908649015e+00 1.513175972072411613e+00 1.513175972072411613e+00 1.529959756879622823e+00 1.529959756879622823e+00 1.083419955128255054e+02 1.617434149434990616e+02 1.655024162135547954e+02 1.655024162135547954e+02 1.617458264758266182e+02 1.634421975637585955e+00 1.513175972072411613e+00 1.564815586214549858e+00 1.529959756879622823e+00 1.513175972072411613e+00
1.324014831503530942e+00 1.324014831503530942e+00 1.261858756908649015e+00 1.261858756908649015e+00 1.261858756908649015e+00 1.513175972072411613e+00 1.448444016827660663e+00 4.188628398430251565e+01 1.650157864708618547e+02 1.655024162135547954e+02 1.655024162135547954e+02 1.639536939615121014e+02 1.607255141502003255e+02 9.774798498504107158e+01 2.500003542936422907e+00 2.021254762256717630e+00 2.500003542936422907e+00 2.500003542936422907e+00
1.324014831503530942e+00 1.448444016827660663e+00 1.448444016827660663e+00 1.324014831503530942e+00 1.261858756908649015e+00 1.261858756908649015e+00 1.434833712701845787e+00 1.132140720986837295e+02 1.655024162135547954e+02 1.655024162135547954e+02 1.655024162135547954e+02 1.641835510259506066e+02 1.644840059892470663e+02 1.611421052273181829e+02 1.641835510259506066e+02 8.132761510119300397e+01 8.132761510119300397e+01 8.132761510119300397e+01
1.324014831503530942e+00 1.324014831503530942e+00 1.324014831503530942e+00 1.448444016827660663e+00 1.261858756908649015e+00 1.261858756908649015e+00 4.188628398430251565e+01 1.650157864708618547e+02 1.655024162135547954e+02 1.655024162135547954e+02 1.655024162135547954e+02 1.655024162135547954e+02 1.655024162135547954e+02 1.655024162135547954e+02 1.641835510259506066e+02 1.629157952578072468e+02 1.611421052273181829e+02 7.674702669647288644e+01
1.324014831503530942e+00 1.324014831503530942e+00 1.324014831503530942e+00 1.448444016827660663e+00 1.261858756908649015e+00 1.434833712701845787e+00 1.033092724204796014e+02 1.650157864708618547e+02 1.655024162135547954e+02 1.655024162135547954e+02 1.655024162135547954e+02 1.655024162135547954e+02 1.655024162135547954e+02 1.639536939615121014e+02 1.607255141502003255e+02 1.620144457933880346e+02 5.382407430886640753e+01 5.382407430886640753e+01
1.324014831503530942e+00 1.324014831503530942e+00 1.324014831503530942e+00 1.448444016827660663e+00 1.448444016827660663e+00 4.188628398430251565e+01 1.650157864708618547e+02 1.655024162135547954e+02 1.655024162135547954e+02 1.655024162135547954e+02 1.655024162135547954e+02 1.655024162135547954e+02 1.641551124002392328e+02 1.641551124002392328e+02 5.382407430886640753e+01 6.461669006470881982e+01 1.470524169270643666e+00 1.609340033680484838e+00
1.324014831503530942e+00 1.324014831503530942e+00 1.324014831503530942e+00 1.261858756908649015e+00 1.448444016827660663e+00 4.188628398430251565e+01 1.650157864708618547e+02 1.639536939615121014e+02 1.639536939615121014e+02 1.607255141502003255e+02 1.607255141502003255e+02 1.607255141502003255e+02 1.620144457933880346e+02 5.382407430886640753e+01 2.869050852982331534e+00 1.510622354878528917e+00 1.470524169270643666e+00 1.448444016827660663e+00
1.324014831503530942e+00 1.324014831503530942e+00 1.448444016827660663e+00 1.261858756908649015e+00 1.434833712701845787e+00 4.188628398430251565e+01 1.245505196484362500e+02 1.620144457933880346e+02 1.620144457933880346e+02 5.382407430886640753e+01 8.040880461390638345e+01 8.040880461390638345e+01 6.461669006470881982e+01 1.470524169270643666e+00 1.497509996224805073e+00 1.470524169270643666e+00 1.529959756879622823e+00 1.261858756908649015e+00
