1.431570734213320373e+00 1.431570734213320373e+00 1.431570734213320373e+00 1.431570734213320373e+00 1.431570734213320373e+00 1.431570734213320373e+00 1.431570734213320373e+00 1.524039167710919296e+00 1.414238054815444512e+00 1.503450329521167195e+00 1.503450329521167195e+00 1.431570734213320373e+00 1.431570734213320373e+00 1.507898862905742154e+00 1.414238054815444512e+00 1.431570734213320373e+00 1.431570734213320373e+00 1.431570734213320373e+00
1.251150591729524919e+00 1.503450329521167195e+00 1.324014831503530942e+00 1.251150591729524919e+00 1.157920322960940940e+00 1.157920322960940940e+00 1.414238054815444512e+00 1.157920322960940940e+00 1.157920322960940940e+00 1.284254797820550520e+00 1.513175972072411613e+00 1.499833863561303104e+00 1.425959058705807969e+00 1.529959756879622823e+00 1.157920322960940940e+00 1.503450329521167195e+00 1.324014831503530942e+00 1.251150591729524919e+00
1.286531874950107790e+00 1.497509996224805073e+00 1.227532849370740919e+00 1.450772331836886586e+00 1.284254797820550520e+00 1.157920322960940940e+00 1.284254797820550520e+00 1.157920322960940940e+00 1.227532849370740919e+00 1.431570734213320373e+00 1.227532849370740919e+00 1.486142447455347293e+00 1.425959058705807969e+00 1.497509996224805073e+00 1.284254797820550520e+00 1.284254797820550520e+00 1.284254797820550520e+00 1.157920322960940940e+00
1.612987197094157610e+00 1.593154546061094079e+00 1.609340033680484838e+00 1.528311094372099888e+00 1.497509996224805073e+00 1.227532849370740919e+00 1.227532849370740919e+00 1.227532849370740919e+00 1.431570734213320373e+00 1.650326749420380379e+00 1.431570734213320373e+00 1.431570734213320373e+00 1.431570734213320373e+00 1.431570734213320373e+00 1.486142447455347293e+00 1.414238054815444512e+00 1.324014831503530942e+00 1.450772331836886586e+00
1.486142447455347293e+00 1.650326749420380379e+00 1.647599858749409618e+00 1.503450329521167195e+00 1.581094077116241170e+00 1.609340033680484838e+00 1.647599858749409618e+00 1.647599858749409618e+00 1.870310392670663235e+00 1.835670016965755602e+00 1.849011473256708449e+00 1.849011473256708449e+00 1.513175972072411613e+00 1.562328410554923552e+00 1.507898862905742154e+00 1.510622354878528917e+00 1.612987197094157610e+00 1.497509996224805073e+00
1.503450329521167195e+00 1.723251497166210955e+00 1.528311094372099888e+00 1.835670016965755602e+00 1.723251497166210955e+00 1.903016719354781783e+00 1.857497849443705107e+00 1.614566915513834466e+00 1.612987197094157610e+00 1.593154546061094079e+00 1.593154546061094079e+00 1.612987197094157610e+00 1.499833863561303104e+00 1.497509996224805073e+00 1.425959058705807969e+00 1.503450329521167195e+00 1.614566915513834466e+00 1.481186354396701432e+00
1.499833863561303104e+00 1.497509996224805073e+00 1.497509996224805073e+00 1.723251497166210955e+00 1.780339356943106521e+00 1.752527354582857910e+00 1.752527354582857910e+00 1.731428546870463547e+00 1.581094077116241170e+00 1.593154546061094079e+00 1.593154546061094079e+00 1.562960426698323246e+00 1.414238054815444512e+00 1.414238054815444512e+00 1.493233378356123353e+00 1.414238054815444512e+00 1.513175972072411613e+00 1.486142447455347293e+00
1.499833863561303104e+00 1.497509996224805073e+00 1.510622354878528917e+00 1.497509996224805073e+00 1.528311094372099888e+00 1.780339356943106521e+00 1.870310392670663235e+00 1.614566915513834466e+00 1.614566915513834466e+00 1.668871373244485534e+00 1.597695876637137635e+00 1.497509326249770067e+00 1.524039167710919296e+00 1.481186354396701432e+00 1.476934830297549350e+00 1.157920322960940940e+00 1.513175972072411613e+00 1.503450329521167195e+00
1.497509326249770067e+00 1.431570734213320373e+00 1.425959058705807969e+00 1.481186354396701432e+00 1.529959756879622823e+00 1.476934830297549350e+00 1.821244447622128781e+00 1.870310392670663235e+00 1.524039167710919296e+00 1.513175972072411613e+00 1.524039167710919296e+00 1.503450329521167195e+00 1.524039167710919296e+00 1.425959058705807969e+00 1.157920322960940940e+00 1.157920322960940940e+00 1.499833863561303104e+00 1.443570582181009643e+00
1.486142447455347293e+00 1.593154546061094079e+00 1.513175972072411613e+00 1.481186354396701432e+00 1.524039167710919296e+00 2.218103434831845799e+00 2.149135038091277039e+00 2.149135038091277039e+00 2.005058375337253729e+00 1.821244447622128781e+00 1.486142447455347293e+00 1.503450329521167195e+00 1.398405523381501370e+00 1.450772331836886586e+00 1.450772331836886586e+00 1.513175972072411613e+00 1.419228641103437605e+00 1.414238054815444512e+00
1.593154546061094079e+00 1.597695876637137635e+00 1.499833863561303104e+00 1.425959058705807969e+00 1.450772331836886586e+00 2.089891259587053796e+00 2.311141214673313460e+00 2.500003542936422907e+00 2.130310941798811530e+00 1.614566915513834466e+00 1.891474635532955695e+00 1.597695876637137635e+00 1.737348508648268508e+00 1.612987197094157610e+00 1.562960426698323246e+00 1.493886903115157816e+00 1.284254797820550520e+00 1.157920322960940940e+00
1.723251497166210955e+00 1.503450329521167195e+00 1.486142447455347293e+00 1.481186354396701432e+00 1.609340033680484838e+00 1.647599858749409618e+00 1.752527354582857910e+00 1.731428546870463547e+00 1.593154546061094079e+00 1.742629551079593719e+00 1.759518693832606173e+00 1.835670016965755602e+00 1.614566915513834466e+00 1.581094077116241170e+00 1.528311094372099888e+00 1.398405523381501370e+00 1.408406779242882934e+00 1.157920322960940940e+00
1.780339356943106521e+00 1.503450329521167195e+00 1.510622354878528917e+00 1.497509996224805073e+00 1.614566915513834466e+00 1.614566915513834466e+00 1.593154546061094079e+00 1.581094077116241170e+00 1.562328410554923552e+00 1.529959756879622823e+00 1.870310392670663235e+00 1.870310392670663235e+00 1.909499938763159932e+00 1.742629551079593719e+00 1.524039167710919296e+00 1.488319788019801360e+00 1.450772331836886586e+00 1.286531874950107790e+00
1.562960426698323246e+00 1.510622354878528917e+00 1.524039167710919296e+00 1.529959756879622823e+00 1.476934830297549350e+00 1.737348508648268508e+00 1.562328410554923552e+00 1.529959756879622823e+00 1.524039167710919296e+00 1.524039167710919296e+00 1.870310392670663235e+00 1.581094077116241170e+00 1.723251497166210955e+00 1.752527354582857910e+00 1.752527354582857910e+00 1.503450329521167195e+00 1.562960426698323246e+00 1.286531874950107790e+00
1.524039167710919296e+00 1.524039167710919296e+00 1.524039167710919296e+00 1.524039167710919296e+00 1.434833712701845787e+00 1.870310392670663235e+00 1.650326749420380379e+00 1.524039167710919296e+00 2.433106680496207375e+00 1.849011473256708449e+00 2.130310941798811530e+00 1.909499938763159932e+00 1.752527354582857910e+00 1.752527354582857910e+00 1.562960426698323246e+00 1.612987197094157610e+00 1.513175972072411613e+00 1.425959058705807969e+00
1.414238054815444512e+00 1.431570734213320373e+00 1.503450329521167195e+00 1.528311094372099888e+00 2.311141214673313460e+00 1.849011473256708449e+00 1.964363376813893503e+00 1.419228641103437605e+00 1.420668512989686771e+00 1.420668512989686771e+00 1.723251497166210955e+00 1.752527354582857910e+00 1.581094077116241170e+00 1.668871373244485534e+00 1.513175972072411613e+00 1.497509326249770067e+00 1.510622354878528917e+00 1.529959756879622823e+00
1.157920322960940940e+00 1.157920322960940940e+00 1.513175972072411613e+00 1.374074526253766582e+00 1.420668512989686771e+00 1.420668512989686771e+00 1.420668512989686771e+00 1.284254797820550520e+00 1.503450329521167195e+00 1.284254797820550520e+00 1.420668512989686771e+00 1.870310392670663235e+00 1.513175972072411613e+00 1.562328410554923552e+00 1.499833863561303104e+00 1.499833863561303104e+00 1.507898862905742154e+00 1.476934830297549350e+00
1.157920322960940940e+00 1.157920322960940940e+00 1.251150591729524919e+00 1.251150591729524919e+00 1.251150591729524919e+00 1.157920322960940940e+00 1.157920322960940940e+00 1.157920322960940940e+00 1.157920322960940940e+00 1.157920322960940940e+00 1.157920322960940940e+00 1.481186354396701432e+00 1.513175972072411613e+00 1.499833863561303104e+00 1.443570582181009643e+00 1.443570582181009643e+00 1.481186354396701432e+00 1.425959058705807969e+00
