6.589344267189943594e+00 1.127369164009495250e+01 1.127369164009495250e+01 2.199243214291224291e+01 2.482360587680102526e+01 3.448028459987332184e+01 4.384489000644911272e+01 5.073787638127844701e+01 6.192879636443723967e+01 6.983469600245952336e+01 7.404602509873716087e+01 7.404602509873716087e+01 6.983469600245952336e+01 6.176379058573237302e+01 6.176379058573237302e+01 4.651383421598833223e+01 4.243173539103162284e+01 2.884746801331188593e+01
1.127369164009495250e+01 1.127369164009495250e+01 2.208590257533386136e+01 2.732568175620847839e+01 3.921078768547602067e+01 5.368089125866158184e+01 6.192879636443723967e+01 7.404602509873716087e+01 8.881712932980475728e+01 8.881712932980475728e+01 9.138908008807197803e+01 1.046572921864227368e+02 9.138908008807197803e+01 9.138908008807197803e+01 8.385435024096176448e+01 6.870542931350024674e+01 5.425172826657857428e+01 4.223425421943991154e+01
1.127369164009495250e+01 2.208590257533386136e+01 2.732568175620847839e+01 3.921078768547602067e+01 5.395869024250990265e+01 7.274692741668424389e+01 8.606854400683849349e+01 8.823543785011480622e+01 9.545192114482091483e+01 1.083158573192814060e+02 1.083158573192814060e+02 1.104528451138284453e+02 1.104528451138284453e+02 1.010333629986851349e+02 9.392289172555696553e+01 8.888244058550266402e+01 6.908186796722664269e+01 5.425172826657857428e+01
2.208590257533386136e+01 2.732568175620847839e+01 3.921078768547602067e+01 5.660977752401358742e+01 6.947003003141209376e+01 8.432605625114010195e+01 9.054849517510305645e+01 9.612791131734886108e+01 9.891448588449874535e+01 9.891448588449874535e+01 9.891448588449874535e+01 9.891448588449874535e+01 9.891448588449874535e+01 9.704092487505552356e+01 9.612791131734886108e+01 8.453910409968500517e+01 8.266823420243748899e+01 7.449488182055956997e+01
2.732568175620847839e+01 4.160401232711682695e+01 5.777407100106612603e+01 7.274692741668424389e+01 8.067548881828025742e+01 8.552745280655480542e+01 7.983827499213190038e+01 7.983827499213190038e+01 7.912395449714490780e+01 7.912395449714490780e+01 7.912395449714490780e+01 7.912395449714490780e+01 7.912395449714490780e+01 7.441293737470257952e+01 7.912395449714490780e+01 8.261525062956670240e+01 8.453910409968500517e+01 7.937545373662393899e+01
3.921078768547602067e+01 5.777407100106612603e+01 7.274692741668424389e+01 8.881712932980475728e+01 8.492580150605614620e+01 7.983827499213190038e+01 7.005252188680076131e+01 6.427063351172726868e+01 5.348899241316112807e+01 5.174245601727684374e+01 5.174245601727684374e+01 5.174245601727684374e+01 5.174245601727684374e+01 5.221182102307723483e+01 5.985876046203739520e+01 7.371572529595196954e+01 8.190000202775053140e+01 7.937545373662393899e+01
5.291593714533814818e+01 7.229822463419196765e+01 8.432605625114010195e+01 9.578067817080552970e+01 8.033933882183981723e+01 6.750355635023106515e+01 5.465627405497692592e+01 4.055365400669700904e+01 3.442057487112687397e+01 3.277141593419624144e+01 3.277141593419624144e+01 2.956865525335189915e+01 2.956865525335189915e+01 3.360954846030377041e+01 3.960559617022983758e+01 6.121963238948699626e+01 6.972485585570126432e+01 7.245974921951170700e+01
6.417366914074092676e+01 8.432605625114010195e+01 9.635213287652368308e+01 8.403072872989983466e+01 7.133002711189357115e+01 5.217638928171886903e+01 3.904664213886510282e+01 2.495876837947624338e+01 2.592139493217043267e+01 2.014021112860364937e+01 2.014021112860364937e+01 2.014021112860364937e+01 2.014021112860364937e+01 2.718233031428120228e+01 3.548673468254173002e+01 5.488555386578882889e+01 6.687852651897475198e+01 7.091937896572419220e+01
7.483440850670045563e+01 8.692853956748956534e+01 9.479835434097408609e+01 8.003536344622060028e+01 6.041771744626469598e+01 3.904664213886510282e+01 2.495876837947624338e+01 2.169325880543106777e+01 1.237084783577233082e+01 1.127369164009495250e+01 1.127369164009495250e+01 1.127369164009495250e+01 1.557927232642366100e+01 2.447672083153234723e+01 3.808871620217054499e+01 5.444076890666703150e+01 7.336410852583722431e+01 7.091937896572419220e+01
7.973069086848535392e+01 9.054849517510305645e+01 8.033933882183981723e+01 6.041771744626469598e+01 4.260509152337263572e+01 2.787081344892253298e+01 2.169325880543106777e+01 1.127369164009495250e+01 6.589344267189943594e+00 6.589344267189943594e+00 6.589344267189943594e+00 1.127369164009495250e+01 2.208590257533386136e+01 3.188559808859824685e+01 4.569539799680872960e+01 6.590137384894745765e+01 7.757211666221570567e+01 7.937545373662393899e+01
8.190000202775053140e+01 8.351640083163492534e+01 7.133002711189357115e+01 5.217638928171886903e+01 3.566712617142626129e+01 2.374732799718528042e+01 1.127369164009495250e+01 6.589344267189943594e+00 6.589344267189943594e+00 6.589344267189943594e+00 1.127369164009495250e+01 1.237084783577233082e+01 2.732568175620847839e+01 4.160401232711682695e+01 6.134009764102043505e+01 7.973069086848535392e+01 8.492580150605614620e+01 7.658860458656432968e+01
8.190000202775053140e+01 8.403072872989983466e+01 6.530419162281081924e+01 4.451353564731946477e+01 2.569825801749604111e+01 2.038953311558961445e+01 1.127369164009495250e+01 1.127369164009495250e+01 1.127369164009495250e+01 1.127369164009495250e+01 2.199243214291224291e+01 2.482360587680102526e+01 3.921078768547602067e+01 5.777407100106612603e+01 7.641426543129340132e+01 8.881712932980475728e+01 8.492580150605614620e+01 7.658860458656432968e+01
8.190000202775053140e+01 8.266823420243748899e+01 6.530419162281081924e+01 4.901861816346923462e+01 3.078976848897044860e+01 2.071029724141535766e+01 2.199243214291224291e+01 2.199243214291224291e+01 2.380320016630640723e+01 2.380320016630640723e+01 3.448028459987332184e+01 3.933002267798903517e+01 5.623821474446913271e+01 7.229822463419196765e+01 8.989125893882459195e+01 9.635213287652368308e+01 8.743681565593030314e+01 7.133002711189357115e+01
8.635563479416181565e+01 8.659723485638791374e+01 7.449488182055956997e+01 6.160493442747614523e+01 4.243173539103162284e+01 3.305661468293212835e+01 3.233623547265911213e+01 3.233623547265911213e+01 3.654249912788267807e+01 3.933002267798903517e+01 5.073787638127844701e+01 6.192879636443723967e+01 7.229822463419196765e+01 9.003639706058392278e+01 9.588369641315460967e+01 9.479835434097408609e+01 7.778141065057992876e+01 6.041771744626469598e+01
8.635563479416181565e+01 9.392289172555696553e+01 8.888244058550266402e+01 7.449488182055956997e+01 6.176379058573237302e+01 5.171484729158867566e+01 5.234359816748143146e+01 5.595202221709396184e+01 6.192879636443723967e+01 6.192879636443723967e+01 7.404602509873716087e+01 8.881712932980475728e+01 9.280794797199399682e+01 1.010333629986851349e+02 9.819137361199163649e+01 8.871796282057708538e+01 6.705833045655923286e+01 4.584315159030600739e+01
7.371572529595196954e+01 8.635563479416181565e+01 9.392289172555696553e+01 8.964014621296888663e+01 8.385435024096176448e+01 6.908186796722664269e+01 6.983469600245952336e+01 7.404602509873716087e+01 8.881712932980475728e+01 8.881712932980475728e+01 9.138908008807197803e+01 9.545192114482091483e+01 1.010333629986851349e+02 9.578067817080552970e+01 8.871796282057708538e+01 7.133002711189357115e+01 5.217638928171886903e+01 3.566712617142626129e+01
5.529355937085664863e+01 7.371572529595196954e+01 9.054849517510305645e+01 9.891448588449874535e+01 9.392289172555696553e+01 9.138908008807197803e+01 9.138908008807197803e+01 9.545192114482091483e+01 9.545192114482091483e+01 1.010333629986851349e+02 9.946702817542853836e+01 9.612791131734886108e+01 9.479835434097408609e+01 8.425489692643211015e+01 6.750355635023106515e+01 5.217638928171886903e+01 3.401425976606962820e+01 2.495876837947624338e+01
4.067132887159561250e+01 5.580835803353405566e+01 7.395679556262365395e+01 7.371572529595196954e+01 9.054849517510305645e+01 9.054849517510305645e+01 9.054849517510305645e+01 9.262601867238267062e+01 9.891448588449874535e+01 9.479835434097408609e+01 9.114420780055766613e+01 8.033933882183981723e+01 7.005252188680076131e+01 6.411643812633036532e+01 4.771060302198218750e+01 3.401425976606962820e+01 2.495876837947624338e+01 2.169325880543106777e+01
