1.529959756879622823e+00 1.529959756879622823e+00 1.324014831503530942e+00 1.436289013337177956e+00 1.324014831503530942e+00 1.324014831503530942e+00 1.324014831503530942e+00 1.324014831503530942e+00 1.324014831503530942e+00 1.324014831503530942e+00 1.324014831503530942e+00 1.324014831503530942e+00 2.005058375337253729e+00 2.005058375337253729e+00 1.921199123228571670e+00 1.991089226904888543e+00 1.991089226904888543e+00 1.893572281989448269e+00
1.324014831503530942e+00 1.324014831503530942e+00 1.408406779242882934e+00 1.664179253167217043e+00 1.664179253167217043e+00 1.921857963664621805e+00 1.572121432812598973e+00 1.324014831503530942e+00 1.324014831503530942e+00 1.324014831503530942e+00 1.324014831503530942e+00 1.324014831503530942e+00 1.324014831503530942e+00 2.009353014094257261e+00 1.991089226904888543e+00 1.991089226904888543e+00 1.893572281989448269e+00 1.836846264778383642e+00
1.324014831503530942e+00 1.761164121256885551e+01 2.500003542936422907e+00 2.500003542936422907e+00 2.700748830551280566e+00 2.005058375337253729e+00 2.158414539429307499e+00 1.408406779242882934e+00 1.664179253167217043e+00 1.408406779242882934e+00 1.408406779242882934e+00 1.408406779242882934e+00 2.005058375337253729e+00 1.478166662801478903e+00 1.958363994013259113e+00 1.932256193351470586e+00 1.932256193351470586e+00 1.753382387546039034e+00
1.761164121256885551e+01 4.918736858419421765e+01 2.305081587383583752e+01 2.005058375337253729e+00 2.908137993377680974e+00 2.012789811607463619e+00 2.158414539429307499e+00 1.769981545660051392e+00 2.012789811607463619e+00 2.012789811607463619e+00 2.158414539429307499e+00 3.787985775501190311e+00 1.408406779242882934e+00 2.005058375337253729e+00 1.958363994013259113e+00 1.572121432812598973e+00 1.600235901054212651e+00 1.497509996224805073e+00
1.529959756879622823e+00 9.905228962164915174e+01 1.237519761197971064e+02 2.005058375337253729e+00 1.572121432812598973e+00 1.737348508648268508e+00 1.864598102865364204e+00 1.836846264778383642e+00 1.836846264778383642e+00 1.737348508648268508e+00 1.836846264778383642e+00 1.836846264778383642e+00 1.921199123228571670e+00 2.500003542936422907e+00 1.932256193351470586e+00 1.921857963664621805e+00 1.572121432812598973e+00 1.436289013337177956e+00
4.188628398430251565e+01 1.588857476992578768e+02 9.532212844468146784e+01 2.005058375337253729e+00 1.893572281989448269e+00 1.836846264778383642e+00 1.836846264778383642e+00 1.864598102865364204e+00 1.836846264778383642e+00 1.836846264778383642e+00 1.836846264778383642e+00 1.836846264778383642e+00 1.703677759718232654e+00 3.634624820704523529e+00 2.500003542936422907e+00 1.821244447622128781e+00 1.572121432812598973e+00 1.408406779242882934e+00
3.787985775501190311e+00 3.449606106042035236e+01 6.298296023951635192e+01 1.591880600785563926e+00 1.893572281989448269e+00 1.836846264778383642e+00 1.836846264778383642e+00 1.753382387546039034e+00 1.753382387546039034e+00 1.731428546870463547e+00 1.572121432812598973e+00 1.600235901054212651e+00 1.703677759718232654e+00 9.085228850903257936e+00 2.305081587383583752e+01 3.947036122947749703e+01 1.821244447622128781e+00 1.572121432812598973e+00
2.012789811607463619e+00 1.478556766730816818e+01 1.591880600785563926e+00 1.893572281989448269e+00 1.748375298415890455e+00 1.836846264778383642e+00 1.836846264778383642e+00 1.572121432812598973e+00 1.497509996224805073e+00 1.536139334687430136e+00 1.550359300630970383e+00 1.664179253167217043e+00 9.753895775422382286e+00 4.188628398430251565e+01 1.386060281585648397e+02 5.921433736619790267e+01 2.005058375337253729e+00 1.572121432812598973e+00
1.600235901054212651e+00 1.600235901054212651e+00 1.591880600785563926e+00 1.748375298415890455e+00 1.753382387546039034e+00 1.731428546870463547e+00 1.703677759718232654e+00 1.600235901054212651e+00 1.536139334687430136e+00 1.550359300630970383e+00 2.500003542936422907e+00 2.070230813531534864e+01 2.305081587383583752e+01 8.313814910908671152e+01 1.328872961999807103e+02 3.290078543093861185e+01 2.005058375337253729e+00 1.572121432812598973e+00
1.536139334687430136e+00 1.529959756879622823e+00 1.529959756879622823e+00 1.572121432812598973e+00 1.753382387546039034e+00 1.591880600785563926e+00 1.550359300630970383e+00 1.769981545660051392e+00 1.843409741053950501e+00 1.529959756879622823e+00 1.921199123228571670e+00 6.588653232148207906e+01 1.065784394232010754e+02 6.466831942868620331e+01 6.552249595871548138e+01 2.803860357341520526e+01 1.783727012978610249e+00 1.572121432812598973e+00
1.529959756879622823e+00 1.529959756879622823e+00 1.550359300630970383e+00 1.572121432812598973e+00 1.529959756879622823e+00 1.591880600785563926e+00 1.600235901054212651e+00 1.703677759718232654e+00 2.178622194370690490e+00 1.769981545660051392e+00 4.515427280227818585e+01 1.588857476992578768e+02 9.532212844468146784e+01 6.552249595871548138e+01 2.803860357341520526e+01 1.591880600785563926e+00 1.731428546870463547e+00 1.572121432812598973e+00
1.550359300630970383e+00 1.408406779242882934e+00 1.324014831503530942e+00 1.324014831503530942e+00 1.550359300630970383e+00 1.550359300630970383e+00 1.550359300630970383e+00 1.529959756879622823e+00 1.769981545660051392e+00 1.998789810702525926e+00 4.955426348587225505e+01 6.466831942868620331e+01 2.803860357341520526e+01 1.731428546870463547e+00 1.572121432812598973e+00 1.600235901054212651e+00 1.497509996224805073e+00 1.497509996224805073e+00
1.408406779242882934e+00 1.324014831503530942e+00 1.324014831503530942e+00 1.324014831503530942e+00 1.436289013337177956e+00 1.550359300630970383e+00 1.550359300630970383e+00 1.497509996224805073e+00 1.703677759718232654e+00 1.769981545660051392e+00 6.436909154902520136e+00 4.747060521341524719e+01 1.591880600785563926e+00 1.497509996224805073e+00 1.572121432812598973e+00 1.536139334687430136e+00 1.550359300630970383e+00 1.550359300630970383e+00
1.836846264778383642e+00 1.408406779242882934e+00 1.408406779242882934e+00 1.324014831503530942e+00 1.324014831503530942e+00 1.324014831503530942e+00 1.324014831503530942e+00 1.550359300630970383e+00 1.529959756879622823e+00 6.436909154902520136e+00 1.259155265713658700e+01 1.572121432812598973e+00 1.497509996224805073e+00 1.436289013337177956e+00 1.529959756879622823e+00 1.550359300630970383e+00 1.436289013337177956e+00 1.436289013337177956e+00
1.836846264778383642e+00 1.703677759718232654e+00 1.324014831503530942e+00 1.324014831503530942e+00 1.324014831503530942e+00 1.324014831503530942e+00 1.324014831503530942e+00 1.324014831503530942e+00 1.529959756879622823e+00 6.436909154902520136e+00 2.005058375337253729e+00 1.591880600785563926e+00 1.436289013337177956e+00 1.529959756879622823e+00 1.408406779242882934e+00 1.324014831503530942e+00 1.324014831503530942e+00 1.436289013337177956e+00
1.998789810702525926e+00 1.921199123228571670e+00 1.408406779242882934e+00 1.324014831503530942e+00 1.324014831503530942e+00 1.324014831503530942e+00 1.324014831503530942e+00 1.324014831503530942e+00 1.769981545660051392e+00 8.356332382094715072e+00 1.572121432812598973e+00 1.497509996224805073e+00 1.436289013337177956e+00 1.408406779242882934e+00 1.324014831503530942e+00 1.324014831503530942e+00 1.324014831503530942e+00 1.436289013337177956e+00
1.893572281989448269e+00 1.836846264778383642e+00 1.836846264778383642e+00 1.408406779242882934e+00 1.324014831503530942e+00 1.324014831503530942e+00 1.324014831503530942e+00 1.529959756879622823e+00 6.436909154902520136e+00 7.312346471584366903e+00 1.572121432812598973e+00 1.436289013337177956e+00 1.529959756879622823e+00 1.436289013337177956e+00 1.324014831503530942e+00 1.324014831503530942e+00 1.324014831503530942e+00 1.324014831503530942e+00
1.932256193351470586e+00 1.836846264778383642e+00 1.703677759718232654e+00 1.324014831503530942e+00 1.324014831503530942e+00 1.324014831503530942e+00 1.324014831503530942e+00 1.769981545660051392e+00 2.005058375337253729e+00 1.572121432812598973e+00 1.591880600785563926e+00 1.529959756879622823e+00 1.436289013337177956e+00 1.324014831503530942e+00 1.324014831503530942e+00 1.324014831503530942e+00 1.324014831503530942e+00 1.324014831503530942e+00
