1.436289013337177956e+00 1.436289013337177956e+00 1.436289013337177956e+00 1.261858756908649015e+00 1.769981545660051392e+00 1.572121432812598973e+00 1.497509996224805073e+00 1.609340033680484838e+00 1.870778201057371692e+00 8.910605054972711159e+00 1.513175972072411613e+00 1.513175972072411613e+00 1.497509996224805073e+00 1.497509996224805073e+00 1.436289013337177956e+00 1.261858756908649015e+00 1.261858756908649015e+00 1.261858756908649015e+00
1.436289013337177956e+00 1.436289013337177956e+00 1.436289013337177956e+00 1.436289013337177956e+00 1.513175972072411613e+00 1.504415272839502604e+00 1.436289013337177956e+00 1.436289013337177956e+00 1.497009209462971224e+00 8.829063326559772662e+00 1.513175972072411613e+00 1.513175972072411613e+00 1.436289013337177956e+00 1.529959756879622823e+00 1.436289013337177956e+00 1.261858756908649015e+00 1.261858756908649015e+00 1.261858756908649015e+00
1.324014831503530942e+00 1.436289013337177956e+00 1.261858756908649015e+00 1.261858756908649015e+00 1.324014831503530942e+00 1.436289013337177956e+00 1.261858756908649015e+00 1.261858756908649015e+00 1.434833712701845787e+00 8.829063326559772662e+00 1.513175972072411613e+00 1.513175972072411613e+00 1.436289013337177956e+00 1.261858756908649015e+00 1.261858756908649015e+00 1.261858756908649015e+00 1.261858756908649015e+00 1.261858756908649015e+00
1.434833712701845787e+00 1.261858756908649015e+00 1.261858756908649015e+00 1.513175972072411613e+00 1.324014831503530942e+00 1.324014831503530942e+00 1.261858756908649015e+00 1.261858756908649015e+00 1.436289013337177956e+00 8.829063326559772662e+00 1.513175972072411613e+00 1.504415272839502604e+00 1.408406779242882934e+00 1.261858756908649015e+00 1.261858756908649015e+00 1.261858756908649015e+00 1.261858756908649015e+00 1.261858756908649015e+00
1.261858756908649015e+00 1.261858756908649015e+00 1.261858756908649015e+00 1.261858756908649015e+00 1.261858756908649015e+00 1.436289013337177956e+00 1.261858756908649015e+00 1.261858756908649015e+00 1.436289013337177956e+00 8.829063326559772662e+00 2.005058375337253729e+00 1.513175972072411613e+00 1.408406779242882934e+00 1.261858756908649015e+00 1.261858756908649015e+00 1.261858756908649015e+00 1.261858756908649015e+00 1.261858756908649015e+00
1.261858756908649015e+00 1.261858756908649015e+00 1.261858756908649015e+00 1.261858756908649015e+00 1.261858756908649015e+00 1.324014831503530942e+00 1.324014831503530942e+00 1.261858756908649015e+00 1.434833712701845787e+00 3.787985775501190311e+00 2.005058375337253729e+00 1.513175972072411613e+00 1.769981545660051392e+00 1.261858756908649015e+00 1.261858756908649015e+00 1.261858756908649015e+00 1.261858756908649015e+00 1.261858756908649015e+00
1.261858756908649015e+00 1.261858756908649015e+00 1.261858756908649015e+00 1.261858756908649015e+00 1.261858756908649015e+00 1.324014831503530942e+00 1.436289013337177956e+00 1.609340033680484838e+00 1.529959756879622823e+00 1.853728053923545449e+00 1.581094077116241170e+00 1.510622354878528917e+00 1.497509996224805073e+00 1.261858756908649015e+00 1.261858756908649015e+00 1.261858756908649015e+00 1.261858756908649015e+00 1.261858756908649015e+00
1.261858756908649015e+00 1.261858756908649015e+00 1.261858756908649015e+00 1.261858756908649015e+00 1.261858756908649015e+00 1.324014831503530942e+00 1.510622354878528917e+00 1.529959756879622823e+00 1.529959756879622823e+00 1.600235901054212651e+00 1.581094077116241170e+00 1.504415272839502604e+00 1.436289013337177956e+00 1.408406779242882934e+00 1.261858756908649015e+00 1.261858756908649015e+00 1.261858756908649015e+00 1.261858756908649015e+00
1.261858756908649015e+00 1.261858756908649015e+00 1.261858756908649015e+00 1.261858756908649015e+00 1.434833712701845787e+00 1.664179253167217043e+00 1.664179253167217043e+00 2.724602655824937969e+01 1.733986524414708796e+00 1.513175972072411613e+00 1.634421975637585955e+00 1.572121432812598973e+00 1.600235901054212651e+00 1.436289013337177956e+00 1.261858756908649015e+00 1.261858756908649015e+00 1.261858756908649015e+00 1.261858756908649015e+00
1.261858756908649015e+00 1.261858756908649015e+00 1.261858756908649015e+00 1.733986524414708796e+00 2.070230813531534864e+01 1.398633691531556522e+01 2.609247325520172467e+01 8.132761510119300397e+01 8.132761510119300397e+01 2.500003542936422907e+00 1.513175972072411613e+00 2.609247325520172467e+01 1.600235901054212651e+00 1.504415272839502604e+00 1.436289013337177956e+00 1.261858756908649015e+00 1.261858756908649015e+00 1.261858756908649015e+00
1.261858756908649015e+00 1.261858756908649015e+00 1.398633691531556522e+01 8.132761510119300397e+01 1.065784394232010754e+02 1.611421052273181829e+02 1.655024162135547954e+02 1.655024162135547954e+02 1.641835510259506066e+02 1.621147225180096143e+02 2.005058375337253729e+00 1.821244447622128781e+00 1.513175972072411613e+00 1.504415272839502604e+00 1.436289013337177956e+00 1.436289013337177956e+00 1.261858756908649015e+00 1.261858756908649015e+00
1.261858756908649015e+00 1.434833712701845787e+00 4.188628398430251565e+01 1.639280130166680181e+02 1.655024162135547954e+02 1.655024162135547954e+02 1.639046308974151316e+02 1.641551124002392328e+02 1.590740222077282056e+02 1.328872961999807103e+02 2.005058375337253729e+00 3.232257417596444249e+00 1.513175972072411613e+00 2.120296146957117323e+00 1.564815586214549858e+00 1.664179253167217043e+00 1.664179253167217043e+00 1.664179253167217043e+00
1.261858756908649015e+00 4.188628398430251565e+01 1.617434149434990616e+02 1.651207089507004468e+02 1.641551124002392328e+02 1.641551124002392328e+02 1.620144457933880346e+02 5.382407430886640753e+01 8.040880461390638345e+01 8.234169709299388273e+01 1.998009402684293434e+01 1.581094077116241170e+00 1.581094077116241170e+00 2.158414539429307499e+00 2.305081587383583752e+01 1.398633691531556522e+01 2.132818348811740350e+01 2.500003542936422907e+00
1.434833712701845787e+00 4.188628398430251565e+01 1.617434149434990616e+02 1.639046308974151316e+02 1.591721428435201062e+02 5.382407430886640753e+01 6.461669006470881982e+01 1.572121432812598973e+00 1.497509996224805073e+00 1.497509996224805073e+00 7.531087596495935621e+00 1.609340033680484838e+00 1.870778201057371692e+00 2.012789811607463619e+00 3.787985775501190311e+00 1.998009402684293434e+01 1.274140034657577161e+02 1.274140034657577161e+02
1.434833712701845787e+00 4.188628398430251565e+01 1.245505196484362500e+02 1.620144457933880346e+02 5.382407430886640753e+01 1.572121432812598973e+00 1.497509996224805073e+00 1.513175972072411613e+00 1.324014831503530942e+00 1.436289013337177956e+00 1.513175972072411613e+00 1.528311094372099888e+00 1.497509996224805073e+00 1.703677759718232654e+00 1.528311094372099888e+00 3.787985775501190311e+00 3.201143131692806776e+01 7.986893628903085585e+01
1.434833712701845787e+00 1.853728053923545449e+00 5.816220400580746031e+01 6.461669006470881982e+01 1.510622354878528917e+00 1.497509996224805073e+00 1.436289013337177956e+00 1.261858756908649015e+00 1.261858756908649015e+00 1.261858756908649015e+00 1.513175972072411613e+00 1.513175972072411613e+00 1.497009209462971224e+00 1.529959756879622823e+00 1.769981545660051392e+00 1.572121432812598973e+00 1.497509996224805073e+00 1.497509996224805073e+00
1.436289013337177956e+00 1.497509996224805073e+00 1.497509996224805073e+00 1.513175972072411613e+00 1.504415272839502604e+00 1.261858756908649015e+00 1.261858756908649015e+00 1.261858756908649015e+00 1.261858756908649015e+00 1.261858756908649015e+00 1.261858756908649015e+00 1.261858756908649015e+00 1.436289013337177956e+00 1.436289013337177956e+00 1.513175972072411613e+00 1.504415272839502604e+00 1.261858756908649015e+00 1.324014831503530942e+00
1.261858756908649015e+00 1.261858756908649015e+00 1.261858756908649015e+00 1.261858756908649015e+00 1.324014831503530942e+00 1.324014831503530942e+00 1.261858756908649015e+00 1.261858756908649015e+00 1.261858756908649015e+00 1.261858756908649015e+00 1.261858756908649015e+00 1.261858756908649015e+00 1.261858756908649015e+00 1.261858756908649015e+00 1.261858756908649015e+00 1.324014831503530942e+00 1.261858756908649015e+00 1.261858756908649015e+00
