1.425959058705807969e+00 1.414238054815444512e+00 1.157920322960940940e+00 1.157920322960940940e+00 3.787985775501190311e+00 2.500003542936422907e+00 3.243521567694220842e+00 2.080814961341481695e+00 1.590359422143751260e+02 1.269943620028555387e+02 1.269943620028555387e+02 1.513175972072411613e+00 1.780339356943106521e+00 1.991089226904888543e+00 1.614566915513834466e+00 1.478342207360586524e+00 1.524039167710919296e+00 1.414238054815444512e+00
1.425959058705807969e+00 1.251150591729524919e+00 1.157920322960940940e+00 1.157920322960940940e+00 2.218103434831845799e+00 1.835670016965755602e+00 5.530157046361673423e+01 1.540337729159650735e+02 1.600381435529579903e+02 1.644254420462595476e+02 1.520442858019961818e+02 1.269943620028555387e+02 2.005058375337253729e+00 1.870310392670663235e+00 1.562328410554923552e+00 1.493886903115157816e+00 1.524039167710919296e+00 1.251150591729524919e+00
1.269880770553267979e+00 1.251150591729524919e+00 1.157920322960940940e+00 1.157920322960940940e+00 1.157920322960940940e+00 5.014894288349663753e+01 4.747060521341524719e+01 2.803860357341520526e+01 6.326862511940159095e+01 6.326862511940159095e+01 5.645455185928109643e+01 6.326862511940159095e+01 1.269880770553267979e+00 2.500003542936422907e+00 1.486142447455347293e+00 1.524039167710919296e+00 1.448444016827660663e+00 1.251150591729524919e+00
1.157920322960940940e+00 1.157920322960940940e+00 1.157920322960940940e+00 1.157920322960940940e+00 1.835670016965755602e+00 1.647066847869487276e+02 5.382407430886640753e+01 1.731428546870463547e+00 1.497509996224805073e+00 1.497509996224805073e+00 7.531087596495935621e+00 1.497509996224805073e+00 2.158414539429307499e+00 6.241024662562677960e+00 1.503450329521167195e+00 1.398405523381501370e+00 1.450772331836886586e+00 1.251150591729524919e+00
1.157920322960940940e+00 1.157920322960940940e+00 1.251150591729524919e+00 1.157920322960940940e+00 6.614019124967077801e+01 6.461669006470881982e+01 1.513175972072411613e+00 1.443570582181009643e+00 1.448444016827660663e+00 1.486142447455347293e+00 1.425959058705807969e+00 1.481186354396701432e+00 1.476934830297549350e+00 2.421111249350969530e+01 2.500003542936422907e+00 1.486142447455347293e+00 1.398405523381501370e+00 1.450772331836886586e+00
1.227532849370740919e+00 1.286531874950107790e+00 1.286531874950107790e+00 1.835670016965755602e+00 1.849011473256708449e+00 1.513175972072411613e+00 1.398405523381501370e+00 1.398405523381501370e+00 1.414238054815444512e+00 1.414238054815444512e+00 1.414238054815444512e+00 1.414238054815444512e+00 1.284905596330233157e+00 1.849011473256708449e+00 2.417002679554638434e+01 1.503450329521167195e+00 1.398405523381501370e+00 1.497509996224805073e+00
1.157920322960940940e+00 1.425959058705807969e+00 1.425959058705807969e+00 3.127638743499172236e+01 8.065317483123379816e+00 1.513175972072411613e+00 1.443570582181009643e+00 1.425959058705807969e+00 1.481186354396701432e+00 1.251150591729524919e+00 1.284905596330233157e+00 1.157920322960940940e+00 1.157920322960940940e+00 1.420668512989686771e+00 2.158414539429307499e+00 1.513175972072411613e+00 1.478342207360586524e+00 1.524039167710919296e+00
1.157920322960940940e+00 1.414238054815444512e+00 1.476934830297549350e+00 1.835670016965755602e+00 1.581094077116241170e+00 1.486142447455347293e+00 1.593154546061094079e+00 1.434833712701845787e+00 1.450772331836886586e+00 1.157920322960940940e+00 1.157920322960940940e+00 1.157920322960940940e+00 1.157920322960940940e+00 1.513175972072411613e+00 1.157920322960940940e+00 1.513175972072411613e+00 1.478342207360586524e+00 1.448444016827660663e+00
1.157920322960940940e+00 1.157920322960940940e+00 1.476934830297549350e+00 3.100031088307865001e+00 1.581094077116241170e+00 1.742629551079593719e+00 1.647599858749409618e+00 1.486142447455347293e+00 1.450772331836886586e+00 1.157920322960940940e+00 1.157920322960940940e+00 1.157920322960940940e+00 1.157920322960940940e+00 1.614566915513834466e+00 1.286531874950107790e+00 1.513175972072411613e+00 1.398405523381501370e+00 1.414238054815444512e+00
1.157920322960940940e+00 1.157920322960940940e+00 1.857497849443705107e+00 1.513175972072411613e+00 1.780339356943106521e+00 1.752527354582857910e+00 1.811030386131645242e+00 1.503450329521167195e+00 1.528311094372099888e+00 1.450772331836886586e+00 1.157920322960940940e+00 1.157920322960940940e+00 1.581094077116241170e+00 1.510622354878528917e+00 2.089891259587053796e+00 1.513175972072411613e+00 1.398405523381501370e+00 1.513175972072411613e+00
1.157920322960940940e+00 1.157920322960940940e+00 2.355721992743317728e+00 2.421111249350969530e+01 1.486142447455347293e+00 1.668871373244485534e+00 1.870310392670663235e+00 1.513175972072411613e+00 1.593154546061094079e+00 1.529959756879622823e+00 1.157920322960940940e+00 1.420668512989686771e+00 1.513175972072411613e+00 1.425959058705807969e+00 1.476934830297549350e+00 1.513175972072411613e+00 1.398405523381501370e+00 1.414238054815444512e+00
1.157920322960940940e+00 1.157920322960940940e+00 1.157920322960940940e+00 1.409789486993367973e+02 1.513175972072411613e+00 1.562328410554923552e+00 1.513175972072411613e+00 1.419228641103437605e+00 1.481186354396701432e+00 1.269880770553267979e+00 1.157920322960940940e+00 1.157920322960940940e+00 1.414238054815444512e+00 1.524039167710919296e+00 1.524039167710919296e+00 2.080814961341481695e+00 1.486142447455347293e+00 1.524039167710919296e+00
1.157920322960940940e+00 1.157920322960940940e+00 1.835670016965755602e+00 1.611630214691410572e+02 1.513175972072411613e+00 1.486142447455347293e+00 1.562960426698323246e+00 1.481186354396701432e+00 1.269880770553267979e+00 1.157920322960940940e+00 1.157920322960940940e+00 1.157920322960940940e+00 1.857497849443705107e+00 2.080814961341481695e+00 2.080814961341481695e+00 1.581094077116241170e+00 1.503450329521167195e+00 1.269880770553267979e+00
1.157920322960940940e+00 1.286531874950107790e+00 6.614019124967077801e+01 1.620574902101947146e+02 1.513175972072411613e+00 1.614566915513834466e+00 1.486142447455347293e+00 1.529959756879622823e+00 1.269880770553267979e+00 1.157920322960940940e+00 1.157920322960940940e+00 1.157920322960940940e+00 3.243521567694220842e+00 7.468053102226050122e+00 3.474889137694330277e+00 1.741132164584051623e+00 1.593154546061094079e+00 1.443570582181009643e+00
1.378317758587113362e+00 1.286531874950107790e+00 1.528311094372099888e+00 4.240641603394163894e+01 1.647066847869487276e+02 1.486142447455347293e+00 1.524039167710919296e+00 1.398405523381501370e+00 1.450772331836886586e+00 1.286531874950107790e+00 1.227532849370740919e+00 4.200989577573979972e+01 1.409789486993367973e+02 9.477837536615842851e+01 1.513175972072411613e+00 1.513175972072411613e+00 1.507898862905742154e+00 1.529959756879622823e+00
1.503450329521167195e+00 1.378317758587113362e+00 1.286531874950107790e+00 4.240641603394163894e+01 5.252188365866632580e+01 1.314877972659985232e+02 3.465032011861934791e+01 1.650326749420380379e+00 1.524039167710919296e+00 1.524039167710919296e+00 2.080814961341481695e+00 2.480025742523222476e+01 1.849011473256708449e+00 1.581094077116241170e+00 1.614566915513834466e+00 1.513175972072411613e+00 1.510622354878528917e+00 1.476934830297549350e+00
1.513175972072411613e+00 1.157920322960940940e+00 1.324014831503530942e+00 1.284905596330233157e+00 4.188628398430251565e+01 1.300092666502458201e+02 1.269943620028555387e+02 2.500003542936422907e+00 7.468053102226050122e+00 7.468053102226050122e+00 1.849011473256708449e+00 1.022967943593365447e+01 1.191598920604567091e+01 1.513175972072411613e+00 1.478342207360586524e+00 1.529959756879622823e+00 1.513175972072411613e+00 1.476934830297549350e+00
1.513175972072411613e+00 1.398405523381501370e+00 1.286531874950107790e+00 1.157920322960940940e+00 1.454448106441967203e+00 4.240641603394163894e+01 6.326862511940159095e+01 3.056192579410411625e+01 1.022967943593365447e+01 1.358142366357662389e+01 3.120472326355276493e+00 4.808568623644381645e+00 1.478342207360586524e+00 1.513175972072411613e+00 1.486142447455347293e+00 1.414238054815444512e+00 1.513175972072411613e+00 1.425959058705807969e+00
