1.529959756879622823e+00 1.529959756879622823e+00 1.497009209462971224e+00 1.261858756908649015e+00 1.513175972072411613e+00 1.627519035845844453e+00 1.497009209462971224e+00 1.836040510867331665e+00 2.012789811607463619e+00 1.769981545660051392e+00 2.012789811607463619e+00 2.903550230685989053e+00 2.894709161112685170e+00 2.500003542936422907e+00 1.513175972072411613e+00 1.504415272839502604e+00 1.408406779242882934e+00 1.436289013337177956e+00
1.529959756879622823e+00 1.529959756879622823e+00 1.529959756879622823e+00 1.497509996224805073e+00 1.513175972072411613e+00 1.504415272839502604e+00 1.436289013337177956e+00 1.497009209462971224e+00 1.497509996224805073e+00 1.609340033680484838e+00 1.836040510867331665e+00 2.074381723467111804e+00 2.158414539429307499e+00 6.146497545254629991e+00 1.513175972072411613e+00 1.504415272839502604e+00 1.581094077116241170e+00 1.513175972072411613e+00
1.529959756879622823e+00 1.529959756879622823e+00 1.529959756879622823e+00 1.436289013337177956e+00 1.513175972072411613e+00 1.436289013337177956e+00 1.436289013337177956e+00 1.261858756908649015e+00 1.261858756908649015e+00 1.513175972072411613e+00 1.497009209462971224e+00 1.793926938231923174e+00 1.998789810702525926e+00 1.191598920604567091e+01 1.860549305109003182e+00 1.581094077116241170e+00 1.572121432812598973e+00 1.529959756879622823e+00
1.529959756879622823e+00 1.529959756879622823e+00 1.529959756879622823e+00 1.436289013337177956e+00 1.513175972072411613e+00 1.324014831503530942e+00 1.497009209462971224e+00 1.261858756908649015e+00 1.261858756908649015e+00 1.261858756908649015e+00 1.478166662801478903e+00 1.746281260738523855e+00 8.829063326559772662e+00 1.581094077116241170e+00 1.581094077116241170e+00 1.513175972072411613e+00 1.497509996224805073e+00 1.550359300630970383e+00
1.529959756879622823e+00 1.529959756879622823e+00 1.529959756879622823e+00 1.436289013337177956e+00 1.261858756908649015e+00 1.324014831503530942e+00 1.436289013337177956e+00 1.529959756879622823e+00 1.408406779242882934e+00 1.664179253167217043e+00 2.153450009780714325e+00 1.769981545660051392e+00 4.523932907710069173e+00 1.581094077116241170e+00 1.513175972072411613e+00 1.550359300630970383e+00 1.550359300630970383e+00 1.436289013337177956e+00
1.529959756879622823e+00 1.529959756879622823e+00 1.529959756879622823e+00 1.529959756879622823e+00 1.261858756908649015e+00 1.324014831503530942e+00 1.664179253167217043e+00 1.529959756879622823e+00 2.732488259767780292e+01 2.500003542936422907e+00 8.356332382094715072e+00 1.572121432812598973e+00 1.497509996224805073e+00 1.513175972072411613e+00 1.497509996224805073e+00 1.504415272839502604e+00 1.436289013337177956e+00 1.436289013337177956e+00
1.529959756879622823e+00 1.529959756879622823e+00 1.529959756879622823e+00 1.529959756879622823e+00 1.261858756908649015e+00 1.261858756908649015e+00 1.529959756879622823e+00 2.609247325520172467e+01 2.500003542936422907e+00 7.850151384807363186e+00 1.513175972072411613e+00 1.504415272839502604e+00 1.436289013337177956e+00 1.550359300630970383e+00 1.550359300630970383e+00 1.504415272839502604e+00 1.436289013337177956e+00 1.436289013337177956e+00
1.513175972072411613e+00 1.529959756879622823e+00 1.529959756879622823e+00 1.261858756908649015e+00 1.261858756908649015e+00 1.529959756879622823e+00 4.188628398430251565e+01 1.586483490001812129e+02 6.552249595871548138e+01 1.056379660817929000e+01 1.513175972072411613e+00 1.504415272839502604e+00 1.513175972072411613e+00 1.529959756879622823e+00 1.436289013337177956e+00 1.324014831503530942e+00 1.436289013337177956e+00 1.324014831503530942e+00
1.529959756879622823e+00 1.550359300630970383e+00 1.529959756879622823e+00 1.261858756908649015e+00 1.324014831503530942e+00 1.769981545660051392e+00 2.894709161112685170e+00 2.367520129355968095e+01 3.787985775501190311e+00 2.803860357341520526e+01 2.005058375337253729e+00 2.204504260046627362e+00 1.550359300630970383e+00 1.664179253167217043e+00 1.513175972072411613e+00 1.504415272839502604e+00 1.261858756908649015e+00 1.261858756908649015e+00
1.261858756908649015e+00 1.261858756908649015e+00 1.261858756908649015e+00 1.513175972072411613e+00 1.436289013337177956e+00 1.497009209462971224e+00 2.300289636550270522e+00 1.572121432812598973e+00 1.609340033680484838e+00 2.012789811607463619e+00 2.594485885576404360e+00 2.158414539429307499e+00 2.500003542936422907e+00 2.065531572209099664e+00 1.513175972072411613e+00 1.504415272839502604e+00 1.261858756908649015e+00 1.261858756908649015e+00
1.261858756908649015e+00 1.261858756908649015e+00 1.261858756908649015e+00 1.261858756908649015e+00 1.261858756908649015e+00 1.600235901054212651e+00 1.513175972072411613e+00 1.497509996224805073e+00 1.497509996224805073e+00 1.497509996224805073e+00 1.609340033680484838e+00 2.012789811607463619e+00 1.703677759718232654e+00 2.500003542936422907e+00 1.513175972072411613e+00 1.504415272839502604e+00 1.408406779242882934e+00 1.261858756908649015e+00
1.261858756908649015e+00 1.261858756908649015e+00 1.261858756908649015e+00 1.261858756908649015e+00 1.261858756908649015e+00 1.513175972072411613e+00 1.504415272839502604e+00 1.324014831503530942e+00 1.513175972072411613e+00 1.513175972072411613e+00 1.497509996224805073e+00 1.497009209462971224e+00 1.529959756879622823e+00 1.398633691531556522e+01 2.005058375337253729e+00 1.513175972072411613e+00 1.504415272839502604e+00 1.261858756908649015e+00
1.261858756908649015e+00 1.261858756908649015e+00 1.261858756908649015e+00 1.261858756908649015e+00 1.436289013337177956e+00 1.513175972072411613e+00 1.504415272839502604e+00 1.261858756908649015e+00 1.261858756908649015e+00 1.513175972072411613e+00 1.513175972072411613e+00 1.529959756879622823e+00 4.188628398430251565e+01 1.125033542683215586e+02 5.921433736619790267e+01 1.513175972072411613e+00 1.504415272839502604e+00 1.436289013337177956e+00
1.261858756908649015e+00 1.261858756908649015e+00 1.261858756908649015e+00 1.261858756908649015e+00 1.261858756908649015e+00 1.261858756908649015e+00 1.261858756908649015e+00 1.261858756908649015e+00 1.261858756908649015e+00 1.261858756908649015e+00 1.408406779242882934e+00 1.529959756879622823e+00 1.033092724204796014e+02 1.245505196484362500e+02 9.932726492523426032e+01 1.581094077116241170e+00 1.504415272839502604e+00 1.528311094372099888e+00
1.261858756908649015e+00 1.261858756908649015e+00 1.261858756908649015e+00 1.324014831503530942e+00 1.261858756908649015e+00 1.261858756908649015e+00 1.261858756908649015e+00 1.261858756908649015e+00 1.261858756908649015e+00 1.408406779242882934e+00 1.727785742404430280e+00 2.305081587383583752e+01 4.515427280227818585e+01 4.566274454807376770e+01 4.566274454807376770e+01 1.581094077116241170e+00 1.600235901054212651e+00 1.600235901054212651e+00
1.261858756908649015e+00 1.261858756908649015e+00 1.504415272839502604e+00 1.408406779242882934e+00 1.261858756908649015e+00 1.408406779242882934e+00 1.664179253167217043e+00 1.408406779242882934e+00 1.664179253167217043e+00 2.070230813531534864e+01 2.305081587383583752e+01 2.000429864186777351e+01 1.259155265713658700e+01 2.803860357341520526e+01 1.513175972072411613e+00 1.609340033680484838e+00 1.581094077116241170e+00 1.581094077116241170e+00
1.261858756908649015e+00 1.261858756908649015e+00 1.261858756908649015e+00 1.896283513807097698e+00 1.853728053923545449e+00 1.769981545660051392e+00 1.727785742404430280e+00 2.305081587383583752e+01 2.305081587383583752e+01 2.609247325520172467e+01 4.566274454807376770e+01 2.803860357341520526e+01 1.572121432812598973e+00 1.497509996224805073e+00 1.513175972072411613e+00 1.436289013337177956e+00 1.497509996224805073e+00 1.497509996224805073e+00
1.261858756908649015e+00 1.261858756908649015e+00 1.513175972072411613e+00 1.769981545660051392e+00 1.529959756879622823e+00 2.783579408069607464e+00 1.769981545660051392e+00 9.085228850903257936e+00 4.859893767555949040e+01 2.803860357341520526e+01 2.803860357341520526e+01 1.581094077116241170e+00 1.513175972072411613e+00 1.504415272839502604e+00 1.436289013337177956e+00 1.436289013337177956e+00 1.497509996224805073e+00 1.550359300630970383e+00
