1.157920322960940940e+00 1.157920322960940940e+00 1.227532849370740919e+00 1.513175972072411613e+00 2.053168709653322921e+01 1.529959756879622823e+00 2.181496190149480707e+00 8.132761510119300397e+01 8.132761510119300397e+01 1.513175972072411613e+00 1.572121432812598973e+00 1.493886903115157816e+00 1.425959058705807969e+00 1.353464681780746304e+00 1.227532849370740919e+00 1.227532849370740919e+00 1.515980476697848189e+00 1.448444016827660663e+00
1.157920322960940940e+00 1.157920322960940940e+00 1.157920322960940940e+00 1.227532849370740919e+00 1.227532849370740919e+00 9.978252235244748647e+01 1.656516582551624595e+02 1.656516582551624595e+02 1.605033692143097142e+02 1.513175972072411613e+00 1.478342207360586524e+00 1.524039167710919296e+00 1.448444016827660663e+00 1.425959058705807969e+00 1.157920322960940940e+00 1.513175972072411613e+00 1.515980476697848189e+00 1.529959756879622823e+00
1.157920322960940940e+00 1.157920322960940940e+00 1.157920322960940940e+00 1.058135852479051309e+01 4.188628398430251565e+01 1.650157864708618547e+02 1.655024162135547954e+02 1.661266221429889640e+02 5.382407430886640753e+01 1.513175972072411613e+00 1.419228641103437605e+00 1.448444016827660663e+00 1.353464681780746304e+00 1.157920322960940940e+00 1.157920322960940940e+00 1.157920322960940940e+00 1.513175972072411613e+00 1.524039167710919296e+00
1.157920322960940940e+00 1.157920322960940940e+00 1.157920322960940940e+00 1.157920322960940940e+00 1.101955958601752883e+02 1.656516582551624595e+02 1.661266221429889640e+02 1.641551124002392328e+02 1.572121432812598973e+00 1.493886903115157816e+00 1.419228641103437605e+00 1.324014831503530942e+00 1.261858756908649015e+00 1.157920322960940940e+00 1.157920322960940940e+00 1.157920322960940940e+00 1.513175972072411613e+00 1.524039167710919296e+00
1.157920322960940940e+00 1.157920322960940940e+00 1.058135852479051309e+01 1.769981545660051392e+00 1.102572954508706999e+02 1.650157864708618547e+02 1.651565779067272501e+02 1.581094077116241170e+00 1.478342207360586524e+00 1.414238054815444512e+00 1.324014831503530942e+00 1.408406779242882934e+00 1.157920322960940940e+00 1.157920322960940940e+00 1.157920322960940940e+00 1.157920322960940940e+00 1.227532849370740919e+00 1.157920322960940940e+00
1.157920322960940940e+00 1.157920322960940940e+00 1.157920322960940940e+00 2.158414539429307499e+00 7.111423789765368042e+01 1.599686756010339082e+02 1.607255141502003255e+02 1.513175972072411613e+00 1.524039167710919296e+00 1.513175972072411613e+00 1.286531874950107790e+00 1.261858756908649015e+00 1.157920322960940940e+00 1.157920322960940940e+00 1.157920322960940940e+00 1.157920322960940940e+00 1.157920322960940940e+00 1.157920322960940940e+00
1.157920322960940940e+00 1.157920322960940940e+00 1.157920322960940940e+00 1.157920322960940940e+00 8.007303900457991119e+00 7.111423789765368042e+01 1.043492971021794773e+02 1.314877972659985232e+02 2.500003542936422907e+00 1.414238054815444512e+00 1.414238054815444512e+00 1.414238054815444512e+00 1.455832274339098298e+01 1.455832274339098298e+01 1.414238054815444512e+00 1.157920322960940940e+00 1.157920322960940940e+00 1.157920322960940940e+00
1.157920322960940940e+00 1.157920322960940940e+00 1.157920322960940940e+00 1.157920322960940940e+00 1.572121432812598973e+00 2.158414539429307499e+00 4.859893767555949040e+01 1.604935377167763306e+02 1.656516582551624595e+02 1.656516582551624595e+02 8.132761510119300397e+01 1.656516582551624595e+02 2.500003542936422907e+00 2.500003542936422907e+00 1.513175972072411613e+00 1.572121432812598973e+00 1.286531874950107790e+00 1.227532849370740919e+00
1.157920322960940940e+00 1.157920322960940940e+00 1.157920322960940940e+00 1.513175972072411613e+00 1.478342207360586524e+00 1.353464681780746304e+00 2.158414539429307499e+00 1.300092666502458201e+02 1.589055745153461885e+02 1.650157864708618547e+02 1.656516582551624595e+02 1.656516582551624595e+02 1.550134275618682125e+02 6.548078195977703331e+01 1.581094077116241170e+00 1.572121432812598973e+00 1.562960426698323246e+00 1.227532849370740919e+00
1.157920322960940940e+00 1.157920322960940940e+00 1.157920322960940940e+00 1.513175972072411613e+00 1.478342207360586524e+00 1.353464681780746304e+00 1.733986524414708796e+00 4.063073832625090631e+01 1.650157864708618547e+02 1.656516582551624595e+02 1.661266221429889640e+02 1.655024162135547954e+02 1.651565779067272501e+02 9.935676520859855998e+01 1.513175972072411613e+00 1.515980476697848189e+00 1.563709789672182104e+00 1.529959756879622823e+00
1.157920322960940940e+00 1.157920322960940940e+00 1.157920322960940940e+00 1.513175972072411613e+00 1.157920322960940940e+00 1.157920322960940940e+00 1.058135852479051309e+01 4.188628398430251565e+01 1.650157864708618547e+02 1.651565779067272501e+02 1.607255141502003255e+02 1.661266221429889640e+02 1.661266221429889640e+02 1.314877972659985232e+02 1.513175972072411613e+00 1.581094077116241170e+00 1.563709789672182104e+00 1.529959756879622823e+00
1.157920322960940940e+00 1.157920322960940940e+00 1.157920322960940940e+00 1.227532849370740919e+00 1.157920322960940940e+00 1.157920322960940940e+00 1.157920322960940940e+00 4.188628398430251565e+01 1.650157864708618547e+02 1.651565779067272501e+02 1.641551124002392328e+02 1.100222320974815631e+02 1.187542084449052879e+02 1.604935377167763306e+02 1.607255141502003255e+02 1.513175972072411613e+00 1.524039167710919296e+00 1.572121432812598973e+00
1.157920322960940940e+00 1.157920322960940940e+00 1.157920322960940940e+00 1.157920322960940940e+00 1.157920322960940940e+00 1.157920322960940940e+00 1.157920322960940940e+00 1.101955958601752883e+02 1.656516582551624595e+02 1.651565779067272501e+02 5.382407430886640753e+01 8.007303900457991119e+00 2.158414539429307499e+00 1.265570060989506231e+02 1.607255141502003255e+02 2.005058375337253729e+00 1.513175972072411613e+00 1.478342207360586524e+00
1.157920322960940940e+00 1.157920322960940940e+00 1.157920322960940940e+00 1.157920322960940940e+00 1.157920322960940940e+00 1.157920322960940940e+00 9.978252235244748647e+01 1.656516582551624595e+02 1.651565779067272501e+02 2.005058375337253729e+00 1.572121432812598973e+00 2.218103434831845799e+00 4.177028664903614441e+01 2.421111249350969530e+01 6.552249595871548138e+01 1.614566915513834466e+00 2.285904897157474913e+00 1.921857963664621805e+00
1.157920322960940940e+00 1.157920322960940940e+00 1.157920322960940940e+00 1.157920322960940940e+00 1.058135852479051309e+01 1.769981545660051392e+00 1.650157864708618547e+02 1.656516582551624595e+02 1.651565779067272501e+02 9.935676520859855998e+01 2.818256858508737395e+01 1.524039167710919296e+00 1.733986524414708796e+00 7.315263508145085325e+01 3.573697780842287131e+01 1.572121432812598973e+00 2.089891259587053796e+00 1.581094077116241170e+00
1.157920322960940940e+00 1.157920322960940940e+00 1.157920322960940940e+00 1.157920322960940940e+00 1.157920322960940940e+00 2.158414539429307499e+00 1.650157864708618547e+02 1.661266221429889640e+02 1.591721428435201062e+02 1.257310562152241289e+02 1.656516582551624595e+02 8.132761510119300397e+01 7.468053102226050122e+00 2.803860357341520526e+01 1.513175972072411613e+00 1.478342207360586524e+00 2.181496190149480707e+00 1.647020252058299716e+00
1.157920322960940940e+00 1.157920322960940940e+00 1.157920322960940940e+00 1.157920322960940940e+00 1.513175972072411613e+00 1.461943102376729753e+00 4.188628398430251565e+01 1.661266221429889640e+02 1.661266221429889640e+02 1.661266221429889640e+02 1.363337773944772948e+02 1.363337773944772948e+02 6.552249595871548138e+01 1.572121432812598973e+00 1.497509996224805073e+00 1.515238348668426216e+00 1.414238054815444512e+00 1.425959058705807969e+00
1.157920322960940940e+00 1.157920322960940940e+00 1.157920322960940940e+00 1.157920322960940940e+00 1.157920322960940940e+00 1.374074526253766582e+00 1.528311094372099888e+00 3.787985775501190311e+00 8.194041014498068876e+01 8.040880461390638345e+01 8.194041014498068876e+01 6.326862511940159095e+01 1.513175972072411613e+00 1.493886903115157816e+00 1.524039167710919296e+00 1.425959058705807969e+00 1.261858756908649015e+00 1.157920322960940940e+00
