1.864598102865364204e+00 1.836846264778383642e+00 1.550359300630970383e+00 1.324014831503530942e+00 1.324014831503530942e+00 1.324014831503530942e+00 1.324014831503530942e+00 1.324014831503530942e+00 1.324014831503530942e+00 1.324014831503530942e+00 1.324014831503530942e+00 1.324014831503530942e+00 1.324014831503530942e+00 1.324014831503530942e+00 1.324014831503530942e+00 1.324014831503530942e+00 1.324014831503530942e+00 1.324014831503530942e+00
1.836846264778383642e+00 1.703677759718232654e+00 1.436289013337177956e+00 1.324014831503530942e+00 1.324014831503530942e+00 1.324014831503530942e+00 1.324014831503530942e+00 1.324014831503530942e+00 1.324014831503530942e+00 1.550359300630970383e+00 1.664179253167217043e+00 1.664179253167217043e+00 1.572121432812598973e+00 1.737348508648268508e+00 1.528311094372099888e+00 1.324014831503530942e+00 1.324014831503530942e+00 1.324014831503530942e+00
1.836846264778383642e+00 1.600235901054212651e+00 1.436289013337177956e+00 1.324014831503530942e+00 1.324014831503530942e+00 1.324014831503530942e+00 1.324014831503530942e+00 1.324014831503530942e+00 9.276515408315701094e+00 5.365794534913158742e+01 2.500003542936422907e+00 2.500003542936422907e+00 1.932256193351470586e+00 2.214548054662182253e+01 1.664179253167217043e+00 1.664179253167217043e+00 1.664179253167217043e+00 1.664179253167217043e+00
1.753382387546039034e+00 1.550359300630970383e+00 1.324014831503530942e+00 1.324014831503530942e+00 1.324014831503530942e+00 1.324014831503530942e+00 1.324014831503530942e+00 1.550359300630970383e+00 5.365794534913158742e+01 1.611421052273181829e+02 1.539058274011953245e+02 1.611421052273181829e+02 8.132761510119300397e+01 8.132761510119300397e+01 2.500003542936422907e+00 1.932256193351470586e+00 1.664179253167217043e+00 9.198386235014803347e+00
1.324014831503530942e+00 1.324014831503530942e+00 1.324014831503530942e+00 1.324014831503530942e+00 1.324014831503530942e+00 1.550359300630970383e+00 1.550359300630970383e+00 5.365794534913158742e+01 1.588857476992578768e+02 1.578543506342777505e+02 1.605751267778756244e+02 1.520442858019961818e+02 1.454234843063904634e+02 1.391737549752402572e+02 1.274140034657577161e+02 3.290078543093861185e+01 1.958363994013259113e+00 2.012789811607463619e+00
1.324014831503530942e+00 1.324014831503530942e+00 1.324014831503530942e+00 1.324014831503530942e+00 1.664179253167217043e+00 4.643071815893364374e+01 5.789753069563435872e+01 1.386060281585648397e+02 1.456264966507303029e+02 1.327059059539214729e+02 7.968117150194461829e+01 7.968117150194461829e+01 8.194041014498068876e+01 7.968117150194461829e+01 7.802394396655544995e+01 2.223286473160782606e+01 1.731428546870463547e+00 1.731428546870463547e+00
1.324014831503530942e+00 1.324014831503530942e+00 1.324014831503530942e+00 9.276515408315701094e+00 5.365794534913158742e+01 1.037525426698925486e+02 1.655024162135547954e+02 1.478905674851923209e+02 1.486168191199337230e+02 1.572121432812598973e+00 1.600235901054212651e+00 1.572121432812598973e+00 2.012789811607463619e+00 2.223286473160782606e+01 1.572121432812598973e+00 1.731428546870463547e+00 1.600235901054212651e+00 1.600235901054212651e+00
1.324014831503530942e+00 1.324014831503530942e+00 1.324014831503530942e+00 4.138902428094792363e+00 1.132140720986837295e+02 1.655024162135547954e+02 1.655024162135547954e+02 1.613830742716876046e+02 2.005058375337253729e+00 2.204504260046627362e+00 2.060320396111245511e+00 1.572121432812598973e+00 1.572121432812598973e+00 1.600235901054212651e+00 1.600235901054212651e+00 1.591880600785563926e+00 1.497509996224805073e+00 1.536139334687430136e+00
1.324014831503530942e+00 1.324014831503530942e+00 1.436289013337177956e+00 4.188628398430251565e+01 1.102572954508706999e+02 1.619636183826580123e+02 1.655024162135547954e+02 1.613830742716876046e+02 1.266988965513942134e+02 2.005058375337253729e+00 1.572121432812598973e+00 1.536139334687430136e+00 1.550359300630970383e+00 1.497509996224805073e+00 1.497509996224805073e+00 1.497509996224805073e+00 1.550359300630970383e+00 1.550359300630970383e+00
1.324014831503530942e+00 1.324014831503530942e+00 1.436289013337177956e+00 4.188628398430251565e+01 1.508240062551839458e+02 1.588857476992578768e+02 1.619636183826580123e+02 1.641835510259506066e+02 1.570919724887993141e+02 2.005058375337253729e+00 1.921857963664621805e+00 1.572121432812598973e+00 1.436289013337177956e+00 1.550359300630970383e+00 1.550359300630970383e+00 1.550359300630970383e+00 1.436289013337177956e+00 1.436289013337177956e+00
1.324014831503530942e+00 1.324014831503530942e+00 1.436289013337177956e+00 2.894709161112685170e+00 3.449606106042035236e+01 1.000552946013113882e+02 1.269416792950672601e+02 1.591787370208371613e+02 1.507660132366270886e+02 6.548078195977703331e+01 2.005058375337253729e+00 1.572121432812598973e+00 1.436289013337177956e+00 1.436289013337177956e+00 1.436289013337177956e+00 1.436289013337177956e+00 1.324014831503530942e+00 1.324014831503530942e+00
1.324014831503530942e+00 1.324014831503530942e+00 1.572121432812598973e+00 1.528311094372099888e+00 1.836846264778383642e+00 2.012789811607463619e+00 3.449606106042035236e+01 1.000552946013113882e+02 1.554299254395074001e+02 1.486168191199337230e+02 2.005058375337253729e+00 1.572121432812598973e+00 1.436289013337177956e+00 1.436289013337177956e+00 1.324014831503530942e+00 1.324014831503530942e+00 1.324014831503530942e+00 1.497509996224805073e+00
1.324014831503530942e+00 1.324014831503530942e+00 1.324014831503530942e+00 1.536139334687430136e+00 1.600235901054212651e+00 2.441693509985569221e+00 1.836846264778383642e+00 1.836846264778383642e+00 1.457143138005139349e+02 1.321397757831549029e+02 2.005058375337253729e+00 1.572121432812598973e+00 1.436289013337177956e+00 1.436289013337177956e+00 1.324014831503530942e+00 1.572121432812598973e+00 1.497509996224805073e+00 1.497509996224805073e+00
1.324014831503530942e+00 1.324014831503530942e+00 1.550359300630970383e+00 1.550359300630970383e+00 2.005058375337253729e+00 2.005058375337253729e+00 2.009353014094257261e+00 1.836846264778383642e+00 4.188628398430251565e+01 1.059656116177138330e+02 2.005058375337253729e+00 1.572121432812598973e+00 1.436289013337177956e+00 1.436289013337177956e+00 1.324014831503530942e+00 1.591880600785563926e+00 1.536139334687430136e+00 1.436289013337177956e+00
1.324014831503530942e+00 1.324014831503530942e+00 1.478166662801478903e+00 1.964363376813893503e+00 1.783727012978610249e+00 1.572121432812598973e+00 1.731428546870463547e+00 1.836846264778383642e+00 4.188628398430251565e+01 1.059656116177138330e+02 2.005058375337253729e+00 1.572121432812598973e+00 1.497509996224805073e+00 1.436289013337177956e+00 1.497509996224805073e+00 1.497509996224805073e+00 1.550359300630970383e+00 1.436289013337177956e+00
1.324014831503530942e+00 1.436289013337177956e+00 1.836846264778383642e+00 2.325491013826501252e+00 1.731428546870463547e+00 1.572121432812598973e+00 1.497509996224805073e+00 1.744696322861747362e+00 2.894709161112685170e+00 2.012789811607463619e+00 2.005058375337253729e+00 1.572121432812598973e+00 1.497509996224805073e+00 1.436289013337177956e+00 1.497509996224805073e+00 1.436289013337177956e+00 1.436289013337177956e+00 1.436289013337177956e+00
1.324014831503530942e+00 1.436289013337177956e+00 1.731428546870463547e+00 1.572121432812598973e+00 1.591880600785563926e+00 1.536139334687430136e+00 1.436289013337177956e+00 1.572121432812598973e+00 1.843409741053950501e+00 2.012789811607463619e+00 1.572121432812598973e+00 1.536139334687430136e+00 1.550359300630970383e+00 1.436289013337177956e+00 1.436289013337177956e+00 1.324014831503530942e+00 1.436289013337177956e+00 1.436289013337177956e+00
1.324014831503530942e+00 1.497509996224805073e+00 1.497509996224805073e+00 1.497509996224805073e+00 1.536139334687430136e+00 1.436289013337177956e+00 1.436289013337177956e+00 1.572121432812598973e+00 1.436289013337177956e+00 1.572121432812598973e+00 1.600235901054212651e+00 1.550359300630970383e+00 1.436289013337177956e+00 1.436289013337177956e+00 1.324014831503530942e+00 1.324014831503530942e+00 1.436289013337177956e+00 1.324014831503530942e+00
