1.187836231539937870e+01 1.187836231539937870e+01 1.187836231539937870e+01 1.555290489623574679e+01 2.127884704757516587e+01 3.369114572781894879e+01 4.629710917837300599e+01 5.275617486096617625e+01 5.171484729158867566e+01 5.171484729158867566e+01 5.171484729158867566e+01 4.270464569488185447e+01 2.969383579689096209e+01 2.161788819459172828e+01 1.187836231539937870e+01 1.187836231539937870e+01 1.187836231539937870e+01 1.187836231539937870e+01
1.187836231539937870e+01 1.187836231539937870e+01 1.555290489623574679e+01 2.757195285410040597e+01 3.531376565670922929e+01 5.275617486096617625e+01 6.194251299942254718e+01 6.987620007704774139e+01 6.987620007704774139e+01 6.876446258344471119e+01 6.835279295114304432e+01 6.460490169400799232e+01 4.372310893160928202e+01 3.208473018287249801e+01 2.161788819459172828e+01 1.187836231539937870e+01 1.187836231539937870e+01 1.187836231539937870e+01
1.187836231539937870e+01 1.555290489623574679e+01 2.720500045242776466e+01 3.920909339139226546e+01 5.652850898873671071e+01 6.987620007704774139e+01 7.878129436906414185e+01 8.357386698896792154e+01 8.357386698896792154e+01 8.357386698896792154e+01 8.888244058550266402e+01 7.449488182055956997e+01 6.876446258344471119e+01 4.372310893160928202e+01 3.208473018287249801e+01 2.161788819459172828e+01 1.187836231539937870e+01 1.187836231539937870e+01
1.555290489623574679e+01 2.482360587680102526e+01 3.531376565670922929e+01 5.652850898873671071e+01 6.987620007704774139e+01 7.878129436906414185e+01 7.878129436906414185e+01 8.052620159497094221e+01 8.052620159497094221e+01 8.292622033631241152e+01 9.054849517510305645e+01 8.888244058550266402e+01 7.449488182055956997e+01 6.835279295114304432e+01 5.171484729158867566e+01 3.208473018287249801e+01 2.094274197063050735e+01 1.187836231539937870e+01
2.174448655164527011e+01 3.190250740667055851e+01 4.865656489937239826e+01 6.570896384633797993e+01 7.878129436906414185e+01 7.655250579002537847e+01 6.857404517638475738e+01 6.857404517638475738e+01 6.857404517638475738e+01 7.373540904332607226e+01 8.615704915329560265e+01 9.397977609709055002e+01 9.138908008807197803e+01 8.888244058550266402e+01 6.876446258344471119e+01 4.372310893160928202e+01 3.002678953690670838e+01 1.187836231539937870e+01
2.732568175620847839e+01 4.553792835872851441e+01 6.143084638427478694e+01 7.878129436906414185e+01 8.052620159497094221e+01 6.755317949814100587e+01 5.500079996528364035e+01 4.135159486088761582e+01 4.249321603187907925e+01 6.121963238948699626e+01 7.967964095694227922e+01 9.474037820897325446e+01 1.111402347841001443e+02 9.096231325961841208e+01 7.449488182055956997e+01 5.425057811504207450e+01 3.164781634162984858e+01 1.187836231539937870e+01
3.468390597263002206e+01 5.442244546698894681e+01 7.273614308499037406e+01 8.357386698896792154e+01 7.202091538578218888e+01 5.560756236531515384e+01 4.135159486088761582e+01 3.120522917044032951e+01 3.627871992541624024e+01 5.528760551623509656e+01 7.967964095694227922e+01 1.065510490067345728e+02 1.085530480197283651e+02 9.962250259951291298e+01 8.252048729909910207e+01 5.425057811504207450e+01 3.164781634162984858e+01 2.094274197063050735e+01
4.553792835872851441e+01 6.687209671228168872e+01 7.878129436906414185e+01 7.981075138091186716e+01 6.460490169400799232e+01 4.584315159030600739e+01 2.606825071374459313e+01 2.519489673884081782e+01 3.468390597263002206e+01 5.141952259470266995e+01 7.967964095694227922e+01 1.065510490067345728e+02 1.111402347841001443e+02 9.962250259951291298e+01 8.252048729909910207e+01 4.946237475348161183e+01 3.164781634162984858e+01 1.187836231539937870e+01
5.141952259470266995e+01 7.698484571634202211e+01 8.521030632439283181e+01 7.981075138091186716e+01 6.069794801310859356e+01 3.980296260361862437e+01 2.606825071374459313e+01 2.871389716702476846e+01 4.006540346911553030e+01 6.143084638427478694e+01 8.615704915329560265e+01 1.080397310609549635e+02 1.085530480197283651e+02 9.096231325961841208e+01 7.133002711189357115e+01 4.946237475348161183e+01 2.374732799718528042e+01 1.187836231539937870e+01
5.141952259470266995e+01 7.967964095694227922e+01 9.054849517510305645e+01 8.888244058550266402e+01 6.835279295114304432e+01 4.905735816297612928e+01 3.933002267798903517e+01 3.933002267798903517e+01 5.652850898873671071e+01 7.229822463419196765e+01 9.280794797199399682e+01 1.080397310609549635e+02 1.085530480197283651e+02 9.175956170405945045e+01 7.133002711189357115e+01 4.584315159030600739e+01 2.374732799718528042e+01 1.187836231539937870e+01
5.528760551623509656e+01 7.016583933542297302e+01 9.054849517510305645e+01 8.888244058550266402e+01 7.449488182055956997e+01 6.876446258344471119e+01 5.275617486096617625e+01 5.652850898873671071e+01 6.987620007704774139e+01 8.615704915329560265e+01 9.588369641315460967e+01 1.065510490067345728e+02 1.058690330446182628e+02 9.175956170405945045e+01 6.460490169400799232e+01 3.680314731959136054e+01 2.389238641081189485e+01 1.187836231539937870e+01
4.684394641779822166e+01 7.016583933542297302e+01 8.292622033631241152e+01 8.012577813274940297e+01 8.012577813274940297e+01 6.876446258344471119e+01 6.876446258344471119e+01 6.772761342763608639e+01 7.878129436906414185e+01 8.292622033631241152e+01 9.474037820897325446e+01 9.891448588449874535e+01 9.962250259951291298e+01 9.096231325961841208e+01 6.460490169400799232e+01 3.680314731959136054e+01 2.374732799718528042e+01 1.187836231539937870e+01
4.067132887159561250e+01 4.991888264096003525e+01 7.373540904332607226e+01 7.442139911365346450e+01 6.857404517638475738e+01 6.857404517638475738e+01 6.857404517638475738e+01 6.857404517638475738e+01 6.857404517638475738e+01 6.857404517638475738e+01 8.292622033631241152e+01 9.474037820897325446e+01 9.891448588449874535e+01 9.096231325961841208e+01 6.460490169400799232e+01 3.680314731959136054e+01 2.094274197063050735e+01 1.187836231539937870e+01
2.411821211699891876e+01 4.249321603187907925e+01 4.973155291142484913e+01 4.991888264096003525e+01 6.121963238948699626e+01 6.121963238948699626e+01 5.726246214299661119e+01 4.991888264096003525e+01 4.973155291142484913e+01 4.991888264096003525e+01 6.121963238948699626e+01 8.292622033631241152e+01 9.054849517510305645e+01 9.096231325961841208e+01 6.460490169400799232e+01 3.680314731959136054e+01 2.094274197063050735e+01 1.187836231539937870e+01
2.225808438541282541e+01 2.225808438541282541e+01 3.627871992541624024e+01 3.627871992541624024e+01 3.627871992541624024e+01 3.627871992541624024e+01 3.627871992541624024e+01 3.063146189170026901e+01 3.120522917044032951e+01 3.627871992541624024e+01 5.528760551623509656e+01 7.016583933542297302e+01 9.054849517510305645e+01 9.096231325961841208e+01 6.460490169400799232e+01 3.680314731959136054e+01 2.094274197063050735e+01 1.187836231539937870e+01
1.187836231539937870e+01 1.187836231539937870e+01 2.225808438541282541e+01 2.225808438541282541e+01 2.465084080672674460e+01 2.465084080672674460e+01 2.465084080672674460e+01 2.465084080672674460e+01 2.225808438541282541e+01 2.932277578488196212e+01 5.141952259470266995e+01 7.016583933542297302e+01 9.054849517510305645e+01 8.052620159497094221e+01 6.460490169400799232e+01 3.680314731959136054e+01 2.094274197063050735e+01 1.187836231539937870e+01
1.187836231539937870e+01 1.187836231539937870e+01 1.187836231539937870e+01 1.187836231539937870e+01 1.555290489623574679e+01 1.555290489623574679e+01 1.555290489623574679e+01 1.555290489623574679e+01 1.555290489623574679e+01 2.411821211699891876e+01 4.123552808304823003e+01 7.016583933542297302e+01 9.054849517510305645e+01 8.403992004331492183e+01 6.383038768097996041e+01 3.680314731959136054e+01 2.094274197063050735e+01 1.187836231539937870e+01
1.187836231539937870e+01 1.187836231539937870e+01 1.187836231539937870e+01 1.187836231539937870e+01 1.187836231539937870e+01 1.187836231539937870e+01 1.187836231539937870e+01 1.187836231539937870e+01 1.555290489623574679e+01 2.411821211699891876e+01 4.186670057789959287e+01 7.016583933542297302e+01 8.292622033631241152e+01 7.981075138091186716e+01 6.069794801310859356e+01 3.680314731959136054e+01 2.094274197063050735e+01 1.187836231539937870e+01
