1.324014831503530942e+00 1.324014831503530942e+00 1.324014831503530942e+00 1.324014831503530942e+00 1.550359300630970383e+00 1.853955687071545455e+00 2.398067607628898479e+00 2.609247325520172467e+01 1.611421052273181829e+02 1.611421052273181829e+02 1.605033692143097142e+02 1.641835510259506066e+02 1.641835510259506066e+02 2.500003542936422907e+00 1.821244447622128781e+00 1.634421975637585955e+00 1.634421975637585955e+00 1.436289013337177956e+00
1.324014831503530942e+00 1.324014831503530942e+00 1.324014831503530942e+00 1.550359300630970383e+00 4.643071815893364374e+01 6.588653232148207906e+01 1.343784213414794237e+02 1.619636183826580123e+02 1.641835510259506066e+02 1.611591103040820201e+02 1.578543506342777505e+02 1.566417272163955374e+02 1.578845295970334632e+02 1.550134275618682125e+02 5.234347082246975091e+00 1.821244447622128781e+00 1.634421975637585955e+00 1.436289013337177956e+00
1.324014831503530942e+00 1.324014831503530942e+00 1.702801683382881626e+00 1.798479735983086858e+00 1.192857161860097506e+02 1.566327112701866042e+02 1.626377121765389404e+02 1.618259321476147363e+02 1.618259321476147363e+02 7.968117150194461829e+01 8.194041014498068876e+01 7.968117150194461829e+01 1.300092666502458201e+02 1.616560804002399436e+02 1.550134275618682125e+02 2.500003542936422907e+00 1.634421975637585955e+00 2.609247325520172467e+01
1.324014831503530942e+00 1.324014831503530942e+00 1.798479735983086858e+00 9.905228962164915174e+01 1.609055731438105568e+02 1.550134275618682125e+02 1.338546372370304596e+02 7.963835717113735768e+01 1.731428546870463547e+00 1.600235901054212651e+00 1.600235901054212651e+00 1.870778201057371692e+00 1.870778201057371692e+00 4.859893767555949040e+01 1.578845295970334632e+02 1.550134275618682125e+02 2.500003542936422907e+00 1.821244447622128781e+00
1.324014831503530942e+00 1.798479735983086858e+00 6.211358374374409408e+01 1.083419955128255054e+02 1.553091407976573350e+02 1.566417272163955374e+02 7.968117150194461829e+01 1.731428546870463547e+00 1.536139334687430136e+00 1.600235901054212651e+00 1.497509996224805073e+00 1.497509996224805073e+00 1.528311094372099888e+00 1.946669536609177076e+00 4.859893767555949040e+01 1.578845295970334632e+02 1.550134275618682125e+02 2.005058375337253729e+00
1.436289013337177956e+00 1.798479735983086858e+00 1.192857161860097506e+02 1.578543506342777505e+02 9.477837536615842851e+01 2.761832962382633028e+01 1.600235901054212651e+00 1.536139334687430136e+00 1.550359300630970383e+00 1.536139334687430136e+00 1.550359300630970383e+00 1.550359300630970383e+00 1.702801683382881626e+00 1.528311094372099888e+00 1.870778201057371692e+00 1.300092666502458201e+02 1.386060281585648397e+02 1.550134275618682125e+02
1.436289013337177956e+00 9.085228850903257936e+00 1.609055731438105568e+02 1.572972587706443051e+02 2.005058375337253729e+00 1.634421975637585955e+00 1.536139334687430136e+00 1.550359300630970383e+00 1.550359300630970383e+00 1.550359300630970383e+00 1.436289013337177956e+00 1.324014831503530942e+00 1.436289013337177956e+00 1.436289013337177956e+00 1.703677759718232654e+00 1.274140034657577161e+02 1.300092666502458201e+02 1.589055745153461885e+02
1.798479735983086858e+00 1.083419955128255054e+02 1.478905674851923209e+02 9.477837536615842851e+01 1.908702511827288673e+00 1.634421975637585955e+00 1.536139334687430136e+00 1.536139334687430136e+00 1.436289013337177956e+00 1.436289013337177956e+00 1.324014831503530942e+00 1.324014831503530942e+00 1.324014831503530942e+00 1.324014831503530942e+00 1.436289013337177956e+00 2.903550230685989053e+00 1.300092666502458201e+02 1.619636183826580123e+02
9.085228850903257936e+00 9.905228962164915174e+01 1.553091407976573350e+02 2.005058375337253729e+00 1.908702511827288673e+00 1.634421975637585955e+00 1.600235901054212651e+00 1.600235901054212651e+00 1.436289013337177956e+00 1.436289013337177956e+00 1.324014831503530942e+00 1.324014831503530942e+00 1.324014831503530942e+00 1.324014831503530942e+00 1.436289013337177956e+00 2.903550230685989053e+00 1.274140034657577161e+02 1.619636183826580123e+02
1.212955285441391062e+01 1.192857161860097506e+02 1.553091407976573350e+02 3.333622987010499372e+01 1.731428546870463547e+00 1.536139334687430136e+00 1.536139334687430136e+00 1.497509996224805073e+00 1.497509996224805073e+00 1.497509996224805073e+00 1.324014831503530942e+00 1.436289013337177956e+00 1.324014831503530942e+00 1.324014831503530942e+00 1.436289013337177956e+00 1.798479735983086858e+00 1.274140034657577161e+02 1.619636183826580123e+02
1.798479735983086858e+00 1.609055731438105568e+02 6.548078195977703331e+01 3.333622987010499372e+01 1.600235901054212651e+00 1.550359300630970383e+00 1.536139334687430136e+00 1.497509996224805073e+00 1.497509996224805073e+00 1.497509996224805073e+00 1.436289013337177956e+00 1.436289013337177956e+00 1.436289013337177956e+00 1.436289013337177956e+00 1.798479735983086858e+00 9.905228962164915174e+01 1.609055731438105568e+02 1.624511623718565261e+02
5.789753069563435872e+01 1.609055731438105568e+02 1.611591103040820201e+02 1.634421975637585955e+00 1.634421975637585955e+00 1.550359300630970383e+00 1.436289013337177956e+00 1.436289013337177956e+00 1.436289013337177956e+00 1.436289013337177956e+00 1.436289013337177956e+00 1.436289013337177956e+00 1.436289013337177956e+00 1.550359300630970383e+00 6.211358374374409408e+01 1.083419955128255054e+02 1.386060281585648397e+02 1.338546372370304596e+02
2.177051152825811187e+01 1.516823494059645157e+02 1.611591103040820201e+02 2.005058375337253729e+00 1.634421975637585955e+00 1.436289013337177956e+00 1.436289013337177956e+00 1.324014831503530942e+00 1.436289013337177956e+00 1.497509996224805073e+00 1.436289013337177956e+00 1.436289013337177956e+00 1.550359300630970383e+00 6.211358374374409408e+01 1.192857161860097506e+02 1.386060281585648397e+02 1.553091407976573350e+02 7.963835717113735768e+01
4.859893767555949040e+01 1.516823494059645157e+02 1.346532195798673683e+02 2.005058375337253729e+00 1.634421975637585955e+00 1.870778201057371692e+00 1.528311094372099888e+00 1.324014831503530942e+00 1.550359300630970383e+00 1.634421975637585955e+00 1.634421975637585955e+00 1.550359300630970383e+00 1.798479735983086858e+00 1.561889560094216733e+02 1.570919724887993141e+02 1.578543506342777505e+02 7.963835717113735768e+01 1.731428546870463547e+00
1.703677759718232654e+00 6.649823820189882895e+01 1.619636183826580123e+02 1.386060281585648397e+02 1.932256193351470586e+00 1.853955687071545455e+00 2.609247325520172467e+01 1.853955687071545455e+00 2.398067607628898479e+00 2.500003542936422907e+00 1.932256193351470586e+00 2.398067607628898479e+00 1.578543506342777505e+02 1.503701125176052358e+02 1.566417272163955374e+02 7.674017738173490955e+01 1.731428546870463547e+00 1.497509996224805073e+00
1.703677759718232654e+00 4.859893767555949040e+01 1.274140034657577161e+02 1.386060281585648397e+02 1.486168191199337230e+02 2.500003542936422907e+00 2.500003542936422907e+00 5.867531273507557188e+01 6.588653232148207906e+01 1.086836975039012856e+02 1.605033692143097142e+02 1.578543506342777505e+02 1.059656116177138330e+02 7.968117150194461829e+01 2.803860357341520526e+01 1.731428546870463547e+00 1.536139334687430136e+00 1.550359300630970383e+00
1.703677759718232654e+00 2.894709161112685170e+00 7.457580619198854777e+01 1.130475645579635540e+02 1.059656116177138330e+02 6.925520436203861152e+01 6.925520436203861152e+01 7.052818538481675148e+01 7.052818538481675148e+01 7.457580619198854777e+01 1.566417272163955374e+02 7.963835717113735768e+01 1.731428546870463547e+00 1.600235901054212651e+00 1.497509996224805073e+00 1.536139334687430136e+00 1.550359300630970383e+00 1.436289013337177956e+00
1.497509996224805073e+00 1.528311094372099888e+00 1.870778201057371692e+00 3.201143131692806776e+01 1.893572281989448269e+00 1.870778201057371692e+00 1.731428546870463547e+00 1.731428546870463547e+00 1.731428546870463547e+00 2.158414539429307499e+00 7.968117150194461829e+01 1.731428546870463547e+00 1.536139334687430136e+00 1.536139334687430136e+00 1.550359300630970383e+00 1.436289013337177956e+00 1.436289013337177956e+00 1.324014831503530942e+00
