1.955346458133899956e+00 1.893572281989448269e+00 1.575855386986312778e+00 1.575855386986312778e+00 1.575855386986312778e+00 1.575855386986312778e+00 1.575855386986312778e+00 1.575855386986312778e+00 1.575855386986312778e+00 1.575855386986312778e+00 1.575855386986312778e+00 1.575855386986312778e+00 1.575855386986312778e+00 1.575855386986312778e+00 1.575855386986312778e+00 1.575855386986312778e+00 1.575855386986312778e+00 1.575855386986312778e+00
1.893572281989448269e+00 1.753382387546039034e+00 1.575855386986312778e+00 1.575855386986312778e+00 1.575855386986312778e+00 1.575855386986312778e+00 1.575855386986312778e+00 1.575855386986312778e+00 1.575855386986312778e+00 1.575855386986312778e+00 1.575855386986312778e+00 1.575855386986312778e+00 1.575855386986312778e+00 1.575855386986312778e+00 1.575855386986312778e+00 1.575855386986312778e+00 1.575855386986312778e+00 1.575855386986312778e+00
1.893572281989448269e+00 1.753382387546039034e+00 1.575855386986312778e+00 1.575855386986312778e+00 1.575855386986312778e+00 1.575855386986312778e+00 1.575855386986312778e+00 1.575855386986312778e+00 1.575855386986312778e+00 1.575855386986312778e+00 1.575855386986312778e+00 1.575855386986312778e+00 1.575855386986312778e+00 1.575855386986312778e+00 1.575855386986312778e+00 1.935031572155340385e+00 1.935031572155340385e+00 1.575855386986312778e+00
1.575855386986312778e+00 1.575855386986312778e+00 1.575855386986312778e+00 1.575855386986312778e+00 1.575855386986312778e+00 1.575855386986312778e+00 1.575855386986312778e+00 1.575855386986312778e+00 1.575855386986312778e+00 1.575855386986312778e+00 1.575855386986312778e+00 9.729099332695388114e+01 9.729099332695388114e+01 9.729099332695388114e+01 8.555476417307579595e+01 8.555476417307579595e+01 1.935031572155340385e+00 1.935031572155340385e+00
1.575855386986312778e+00 1.575855386986312778e+00 1.575855386986312778e+00 7.532703971415690702e+00 1.575855386986312778e+00 1.575855386986312778e+00 9.729099332695388114e+01 9.729099332695388114e+01 9.729099332695388114e+01 9.729099332695388114e+01 1.566327112701866042e+02 1.622576642690264634e+02 1.566327112701866042e+02 1.622576642690264634e+02 1.574861816977730768e+02 1.508202113142984047e+02 4.012947379021204597e+01 1.935031572155340385e+00
9.729099332695388114e+01 9.729099332695388114e+01 1.065784394232010754e+02 8.555476417307579595e+01 9.729099332695388114e+01 1.566327112701866042e+02 1.622576642690264634e+02 1.389030757519784061e+02 1.574861816977730768e+02 1.471583678594408298e+02 1.583279741550290112e+02 1.617005134155541839e+02 1.617005134155541839e+02 1.622576642690264634e+02 1.615335007707443253e+02 1.576787415829980432e+02 4.012947379021204597e+01 1.955346458133899956e+00
1.566327112701866042e+02 1.622576642690264634e+02 1.574861816977730768e+02 1.574861816977730768e+02 1.567693688193815831e+02 1.567693688193815831e+02 1.617005134155541839e+02 1.617005134155541839e+02 1.617005134155541839e+02 1.597327822803889319e+02 7.674017738173490955e+01 8.530822644892248263e+01 1.512044353157911587e+02 1.617005134155541839e+02 1.615335007707443253e+02 1.576787415829980432e+02 4.012947379021204597e+01 1.935031572155340385e+00
1.429873247362674533e+02 1.567693688193815831e+02 1.508202113142984047e+02 1.617005134155541839e+02 1.338546372370304596e+02 1.617005134155541839e+02 8.530822644892248263e+01 8.194041014498068876e+01 8.194041014498068876e+01 2.231444845964986268e+00 2.231444845964986268e+00 3.201143131692806776e+01 8.530822644892248263e+01 1.597327822803889319e+02 1.615335007707443253e+02 1.576787415829980432e+02 2.231444845964986268e+00 1.893572281989448269e+00
8.530822644892248263e+01 1.176973953228665266e+02 1.597327822803889319e+02 1.576787415829980432e+02 2.231444845964986268e+00 1.893572281989448269e+00 1.893572281989448269e+00 1.893572281989448269e+00 1.893572281989448269e+00 1.893572281989448269e+00 1.955346458133899956e+00 1.893572281989448269e+00 2.903550230685989053e+00 1.568703237115131799e+02 1.576787415829980432e+02 1.576787415829980432e+02 1.955346458133899956e+00 1.893572281989448269e+00
3.201143131692806776e+01 3.201143131692806776e+01 2.231444845964986268e+00 2.231444845964986268e+00 1.893572281989448269e+00 1.893572281989448269e+00 1.575855386986312778e+00 1.575855386986312778e+00 1.575855386986312778e+00 1.575855386986312778e+00 1.575855386986312778e+00 1.575855386986312778e+00 1.575855386986312778e+00 1.568703237115131799e+02 1.576787415829980432e+02 4.012947379021204597e+01 1.935031572155340385e+00 1.575855386986312778e+00
1.575855386986312778e+00 1.893572281989448269e+00 1.893572281989448269e+00 2.280793768875330940e+01 1.893572281989448269e+00 1.575855386986312778e+00 1.575855386986312778e+00 1.575855386986312778e+00 1.575855386986312778e+00 1.575855386986312778e+00 1.575855386986312778e+00 1.575855386986312778e+00 1.575855386986312778e+00 1.615335007707443253e+02 1.576787415829980432e+02 4.012947379021204597e+01 1.935031572155340385e+00 1.575855386986312778e+00
1.575855386986312778e+00 1.575855386986312778e+00 1.575855386986312778e+00 1.753382387546039034e+00 1.753382387546039034e+00 1.575855386986312778e+00 1.575855386986312778e+00 1.575855386986312778e+00 1.575855386986312778e+00 1.575855386986312778e+00 1.575855386986312778e+00 1.575855386986312778e+00 1.568703237115131799e+02 1.597327822803889319e+02 1.026587808526024617e+02 2.231444845964986268e+00 1.893572281989448269e+00 1.575855386986312778e+00
1.575855386986312778e+00 1.575855386986312778e+00 1.575855386986312778e+00 1.575855386986312778e+00 1.575855386986312778e+00 1.575855386986312778e+00 1.575855386986312778e+00 1.575855386986312778e+00 1.575855386986312778e+00 1.575855386986312778e+00 1.575855386986312778e+00 1.575855386986312778e+00 1.568703237115131799e+02 1.454528298984649552e+02 9.762173464825318092e+01 1.955346458133899956e+00 1.893572281989448269e+00 1.575855386986312778e+00
1.575855386986312778e+00 1.575855386986312778e+00 1.575855386986312778e+00 1.575855386986312778e+00 1.575855386986312778e+00 1.575855386986312778e+00 1.575855386986312778e+00 1.575855386986312778e+00 1.575855386986312778e+00 1.575855386986312778e+00 1.575855386986312778e+00 1.575855386986312778e+00 1.567693688193815831e+02 1.454528298984649552e+02 4.012947379021204597e+01 1.935031572155340385e+00 1.575855386986312778e+00 1.575855386986312778e+00
2.258313458680638153e+00 1.935031572155340385e+00 1.575855386986312778e+00 1.575855386986312778e+00 1.575855386986312778e+00 1.575855386986312778e+00 1.575855386986312778e+00 1.575855386986312778e+00 1.575855386986312778e+00 1.575855386986312778e+00 1.575855386986312778e+00 1.575855386986312778e+00 1.615335007707443253e+02 1.576787415829980432e+02 4.012947379021204597e+01 1.935031572155340385e+00 1.575855386986312778e+00 1.575855386986312778e+00
2.258313458680638153e+00 1.935031572155340385e+00 1.575855386986312778e+00 1.575855386986312778e+00 1.575855386986312778e+00 1.575855386986312778e+00 1.575855386986312778e+00 1.575855386986312778e+00 1.575855386986312778e+00 1.575855386986312778e+00 1.575855386986312778e+00 1.591007844557808255e+02 1.615335007707443253e+02 1.026587808526024617e+02 2.231444845964986268e+00 1.893572281989448269e+00 1.575855386986312778e+00 1.575855386986312778e+00
2.258313458680638153e+00 1.935031572155340385e+00 1.575855386986312778e+00 1.575855386986312778e+00 1.575855386986312778e+00 1.575855386986312778e+00 1.575855386986312778e+00 1.575855386986312778e+00 1.575855386986312778e+00 1.575855386986312778e+00 1.575855386986312778e+00 1.615335007707443253e+02 1.508202113142984047e+02 9.762173464825318092e+01 1.955346458133899956e+00 1.893572281989448269e+00 1.575855386986312778e+00 1.575855386986312778e+00
2.258313458680638153e+00 1.935031572155340385e+00 1.575855386986312778e+00 1.575855386986312778e+00 1.575855386986312778e+00 1.575855386986312778e+00 1.893572281989448269e+00 1.575855386986312778e+00 1.575855386986312778e+00 1.575855386986312778e+00 1.591007844557808255e+02 1.615335007707443253e+02 1.576787415829980432e+02 4.012947379021204597e+01 1.935031572155340385e+00 1.575855386986312778e+00 1.575855386986312778e+00 1.575855386986312778e+00
