1.429191776549753712e+00 1.429191776549753712e+00 1.694843766470576440e+00 1.625654779718090470e+00 1.537309919807072767e+00 1.537309919807072767e+00 1.429191776549753712e+00 1.429191776549753712e+00 1.429191776549753712e+00 1.429191776549753712e+00 1.429191776549753712e+00 1.429191776549753712e+00 1.429191776549753712e+00 1.429191776549753712e+00 1.429191776549753712e+00 1.534983266909443644e+00
1.429191776549753712e+00 1.429191776549753712e+00 1.694843766470576440e+00 1.635868158747671330e+00 1.635868158747671330e+00 1.429191776549753712e+00 1.429191776549753712e+00 1.429191776549753712e+00 1.429191776549753712e+00 1.429191776549753712e+00 1.429191776549753712e+00 1.429191776549753712e+00 1.505820282533145704e+00 1.429191776549753712e+00 1.429191776549753712e+00 1.625654779718090470e+00
1.429191776549753712e+00 1.694843766470576440e+00 1.625654779718090470e+00 1.635868158747671330e+00 1.625654779718090470e+00 1.625654779718090470e+00 1.429191776549753712e+00 1.429191776549753712e+00 1.429191776549753712e+00 1.429191776549753712e+00 1.429191776549753712e+00 1.429191776549753712e+00 1.429191776549753712e+00 1.534983266909443644e+00 1.505820282533145704e+00 1.429191776549753712e+00
1.625654779718090470e+00 1.625654779718090470e+00 1.625654779718090470e+00 1.635868158747671330e+00 1.625654779718090470e+00 1.625654779718090470e+00 1.429191776549753712e+00 1.429191776549753712e+00 1.534983266909443644e+00 1.429191776549753712e+00 1.429191776549753712e+00 1.429191776549753712e+00 1.505820282533145704e+00 1.991411340015988740e+00 1.788494826497445622e+00 1.625654779718090470e+00
1.625654779718090470e+00 1.625654779718090470e+00 1.625654779718090470e+00 1.625654779718090470e+00 1.537309919807072767e+00 1.537309919807072767e+00 1.429191776549753712e+00 1.429191776549753712e+00 1.505820282533145704e+00 1.635868158747671330e+00 1.429191776549753712e+00 1.505820282533145704e+00 4.612566517398678911e+01 8.395196297078656755e+01 1.694843766470576440e+00 1.537309919807072767e+00
1.625654779718090470e+00 1.635868158747671330e+00 1.635868158747671330e+00 1.635868158747671330e+00 1.635868158747671330e+00 1.429191776549753712e+00 1.429191776549753712e+00 1.429191776549753712e+00 1.625654779718090470e+00 1.635868158747671330e+00 1.534983266909443644e+00 2.241620438060463627e+00 1.353185277794280239e+02 6.531143708228549372e+01 1.694843766470576440e+00 1.429191776549753712e+00
1.840618840530330091e+00 1.429191776549753712e+00 1.534983266909443644e+00 1.625654779718090470e+00 1.625654779718090470e+00 1.635868158747671330e+00 1.429191776549753712e+00 1.429191776549753712e+00 1.429191776549753712e+00 1.534983266909443644e+00 1.505820282533145704e+00 3.383480613846181484e+01 1.081489139166406233e+02 1.788494826497445622e+00 1.625654779718090470e+00 1.429191776549753712e+00
2.096642234117325199e+00 2.096642234117325199e+00 1.694843766470576440e+00 1.625654779718090470e+00 1.537309919807072767e+00 1.625654779718090470e+00 1.429191776549753712e+00 1.429191776549753712e+00 1.534983266909443644e+00 1.505820282533145704e+00 2.241620438060463627e+00 2.482581166320742128e+01 1.806457169970574483e+00 1.625654779718090470e+00 1.537309919807072767e+00 1.429191776549753712e+00
2.484917540661546909e+00 2.484917540661546909e+00 1.944306667598198812e+00 1.840618840530330091e+00 1.694843766470576440e+00 1.625654779718090470e+00 1.429191776549753712e+00 1.429191776549753712e+00 1.505820282533145704e+00 1.806457169970574483e+00 4.716557080240832533e+00 1.810271914937500171e+00 1.694843766470576440e+00 1.625654779718090470e+00 1.429191776549753712e+00 1.429191776549753712e+00
2.064872251945155224e+00 9.573331852798842689e+00 1.944581208353947765e+00 1.991411340015988740e+00 1.840618840530330091e+00 1.694843766470576440e+00 1.635868158747671330e+00 1.635868158747671330e+00 1.810271914937500171e+00 1.801458073507393065e+00 1.635868158747671330e+00 2.509957748756710405e+00 1.625654779718090470e+00 1.625654779718090470e+00 1.429191776549753712e+00 1.429191776549753712e+00
1.635868158747671330e+00 1.806457169970574483e+00 1.806457169970574483e+00 1.806457169970574483e+00 1.788494826497445622e+00 1.625654779718090470e+00 1.429191776549753712e+00 1.537309919807072767e+00 1.635868158747671330e+00 1.635868158747671330e+00 1.625654779718090470e+00 1.625654779718090470e+00 1.635868158747671330e+00 1.625654779718090470e+00 1.429191776549753712e+00 1.429191776549753712e+00
1.537309919807072767e+00 1.537309919807072767e+00 1.537309919807072767e+00 1.900679987190105447e+00 1.537309919807072767e+00 1.537309919807072767e+00 1.429191776549753712e+00 1.625654779718090470e+00 1.625654779718090470e+00 1.635868158747671330e+00 1.534983266909443644e+00 1.694843766470576440e+00 1.694843766470576440e+00 1.625654779718090470e+00 1.429191776549753712e+00 1.429191776549753712e+00
1.429191776549753712e+00 1.537309919807072767e+00 1.429191776549753712e+00 1.429191776549753712e+00 1.429191776549753712e+00 1.429191776549753712e+00 1.429191776549753712e+00 1.537309919807072767e+00 1.429191776549753712e+00 1.635868158747671330e+00 1.635868158747671330e+00 1.893147798040760943e+00 1.801458073507393065e+00 1.625654779718090470e+00 1.625654779718090470e+00 1.625654779718090470e+00
1.429191776549753712e+00 1.429191776549753712e+00 1.429191776549753712e+00 1.429191776549753712e+00 1.429191776549753712e+00 1.429191776549753712e+00 1.429191776549753712e+00 1.429191776549753712e+00 1.625654779718090470e+00 1.505820282533145704e+00 1.944581208353947765e+00 1.893147798040760943e+00 1.788494826497445622e+00 1.694843766470576440e+00 1.625654779718090470e+00 1.625654779718090470e+00
1.429191776549753712e+00 1.429191776549753712e+00 1.429191776549753712e+00 1.429191776549753712e+00 1.429191776549753712e+00 1.537309919807072767e+00 1.537309919807072767e+00 1.537309919807072767e+00 1.429191776549753712e+00 1.534983266909443644e+00 1.849784157697840659e+00 1.788494826497445622e+00 1.694843766470576440e+00 1.625654779718090470e+00 1.625654779718090470e+00 1.537309919807072767e+00
1.429191776549753712e+00 1.429191776549753712e+00 1.429191776549753712e+00 1.429191776549753712e+00 1.429191776549753712e+00 1.429191776549753712e+00 1.429191776549753712e+00 1.429191776549753712e+00 1.429191776549753712e+00 1.537309919807072767e+00 1.635868158747671330e+00 1.635868158747671330e+00 1.625654779718090470e+00 1.625654779718090470e+00 1.537309919807072767e+00 1.537309919807072767e+00
