1.534394101532544852e+01 1.534394101532544852e+01 1.534394101532544852e+01 2.239753681803957264e+01 2.657615954803673830e+01 3.329460849837486336e+01 3.219114179472380499e+01 2.308720368075928775e+01 2.710213502267107799e+01 3.018190454949997559e+01 3.800972967314806539e+01 4.269344359970805414e+01 3.821803125709242011e+01 3.103033747808384746e+01 2.390089813031330834e+01 1.534394101532544852e+01
1.534394101532544852e+01 1.534394101532544852e+01 2.239753681803957264e+01 2.710213502267107799e+01 3.515976866548723478e+01 3.821803125709242011e+01 3.544784910794113841e+01 3.219114179472380499e+01 3.329460849837486336e+01 3.800972967314806539e+01 4.269344359970805414e+01 5.257787239117232758e+01 4.676348413381428060e+01 3.647508450656894041e+01 2.390089813031330834e+01 2.194093885942992372e+01
1.534394101532544852e+01 1.534394101532544852e+01 2.491567012979014351e+01 3.380166129676859299e+01 4.269344359970805414e+01 4.269344359970805414e+01 4.046222210460972946e+01 3.647508450656894041e+01 4.046222210460972946e+01 4.291902378293908527e+01 5.195647100785615180e+01 5.257787239117232758e+01 5.277684220550771954e+01 3.454190652745608503e+01 2.515195984316886779e+01 2.194093885942992372e+01
1.534394101532544852e+01 2.239753681803957264e+01 2.945395382597896727e+01 3.828332811748287412e+01 4.291902378293908527e+01 5.098968335917706440e+01 5.098968335917706440e+01 4.046222210460972946e+01 4.046222210460972946e+01 4.291902378293908527e+01 5.433982767347998788e+01 6.424481566946502653e+01 5.277684220550771954e+01 4.023120337147993553e+01 2.515195984316886779e+01 2.194093885942992372e+01
1.534394101532544852e+01 2.399895667318427783e+01 3.515976866548723478e+01 4.549234545826980991e+01 5.482411228222949973e+01 5.331234618823938121e+01 5.331234618823938121e+01 5.331234618823938121e+01 4.549234545826980991e+01 5.482411228222949973e+01 6.394386011039659934e+01 6.545514161540886278e+01 5.277684220550771954e+01 4.023120337147993553e+01 2.515195984316886779e+01 2.194093885942992372e+01
2.239753681803957264e+01 2.945395382597896727e+01 3.937623760778375015e+01 5.195647100785615180e+01 6.469882356996129147e+01 6.874582310174146471e+01 6.545514161540886278e+01 5.331234618823938121e+01 5.939386747370900110e+01 6.394386011039659934e+01 7.216860727791102192e+01 7.283381291685175540e+01 5.277684220550771954e+01 3.724338701329737233e+01 2.515195984316886779e+01 1.534394101532544852e+01
2.239753681803957264e+01 2.945395382597896727e+01 4.597507642904511016e+01 6.394386011039659934e+01 7.216860727791102192e+01 7.506030068865901228e+01 6.874582310174146471e+01 6.733814725662254830e+01 7.148803395784241843e+01 7.262126397030345970e+01 7.900067495000051565e+01 7.309273251995848852e+01 5.277684220550771954e+01 3.697857997919958706e+01 2.194093885942992372e+01 1.534394101532544852e+01
2.627479452222077327e+01 3.575189437717452279e+01 5.433982767347998788e+01 6.681938133919430811e+01 7.813701454849559980e+01 7.900067495000051565e+01 7.506030068865901228e+01 7.864076780649507725e+01 7.989021156384244193e+01 8.641917440682664164e+01 8.003803139272154965e+01 7.309273251995848852e+01 5.237028105721692839e+01 3.163659395089688786e+01 2.194093885942992372e+01 1.534394101532544852e+01
2.627479452222077327e+01 3.575189437717452279e+01 4.973838119621996867e+01 6.808669875355538181e+01 7.844902607179642473e+01 7.584120863419549607e+01 7.584120863419549607e+01 8.268946136993355367e+01 9.021067945127830967e+01 8.963559187185383337e+01 8.666786445806604888e+01 6.829311788619172319e+01 5.160806213874309378e+01 3.163659395089688786e+01 2.194093885942992372e+01 1.534394101532544852e+01
2.627479452222077327e+01 3.413152673006452176e+01 4.581086728295094446e+01 5.737432988361698705e+01 6.496152023820579302e+01 6.894574028525411791e+01 7.844902607179642473e+01 8.352089375652924730e+01 8.895554613955805223e+01 9.230057429804220703e+01 8.286669133279497146e+01 6.475371500751785447e+01 4.252659855254992749e+01 2.873356761960051031e+01 2.194093885942992372e+01 1.534394101532544852e+01
2.167154078357939184e+01 2.687398966409574541e+01 3.413152673006452176e+01 4.581086728295094446e+01 4.823411601895421086e+01 5.404652827377249480e+01 6.496152023820579302e+01 7.083210424379701919e+01 8.352089375652924730e+01 8.473573829095661836e+01 7.523799249322100025e+01 5.465769524313000716e+01 4.146048177561450387e+01 2.656931851387963306e+01 2.194093885942992372e+01 1.534394101532544852e+01
1.534394101532544852e+01 2.353461483842417579e+01 2.687398966409574541e+01 3.344678142888719208e+01 4.029237204222052071e+01 4.029237204222052071e+01 4.725540117473100565e+01 6.108215949004139134e+01 7.083210424379701919e+01 7.584120863419549607e+01 6.686262633229259222e+01 5.465769524313000716e+01 3.724338701329737233e+01 2.515195984316886779e+01 1.534394101532544852e+01 1.534394101532544852e+01
1.534394101532544852e+01 1.534394101532544852e+01 2.167154078357939184e+01 2.353461483842417579e+01 2.687398966409574541e+01 3.413152673006452176e+01 3.707402336960634415e+01 5.737432988361698705e+01 6.447475190557446467e+01 7.050107295504982119e+01 6.300927343727929042e+01 4.796950589069371063e+01 3.163659395089688786e+01 2.194093885942992372e+01 1.534394101532544852e+01 1.534394101532544852e+01
1.534394101532544852e+01 1.534394101532544852e+01 1.534394101532544852e+01 1.534394101532544852e+01 2.167154078357939184e+01 2.687398966409574541e+01 3.575189437717452279e+01 5.433982767347998788e+01 6.781858273530609438e+01 6.702284393935883600e+01 6.300927343727929042e+01 4.252659855254992749e+01 2.873356761960051031e+01 2.194093885942992372e+01 1.534394101532544852e+01 1.534394101532544852e+01
1.534394101532544852e+01 1.534394101532544852e+01 1.534394101532544852e+01 1.534394101532544852e+01 1.534394101532544852e+01 2.609233891357333945e+01 3.937623760778375015e+01 5.433982767347998788e+01 6.781858273530609438e+01 6.545514161540886278e+01 5.277684220550771954e+01 4.252659855254992749e+01 2.656931851387963306e+01 2.194093885942992372e+01 1.534394101532544852e+01 1.534394101532544852e+01
1.534394101532544852e+01 1.534394101532544852e+01 1.534394101532544852e+01 1.534394101532544852e+01 1.534394101532544852e+01 2.609233891357333945e+01 4.200239028648438477e+01 5.433982767347998788e+01 6.781858273530609438e+01 6.437250960528189125e+01 5.277684220550771954e+01 3.724338701329737233e+01 2.515195984316886779e+01 1.534394101532544852e+01 1.534394101532544852e+01 1.534394101532544852e+01
