1.505820282533145704e+00 1.505820282533145704e+00 1.505820282533145704e+00 1.505820282533145704e+00 1.622718792867448911e+00 1.185787988700877236e+02 1.587626983720850831e+02 1.600437078365762318e+02 1.604993110880760696e+02 1.427329245797081398e+02 1.427329245797081398e+02 1.530271515634845230e+02 1.522127882189333832e+02 3.862475872793899256e+00 1.788494826497445622e+00 1.625654779718090470e+00
1.505820282533145704e+00 1.505820282533145704e+00 1.505820282533145704e+00 1.505820282533145704e+00 1.123410349759825522e+01 9.504506961430963941e+01 1.293613660457703531e+02 1.293613660457703531e+02 1.293613660457703531e+02 9.468098134200126026e+01 4.914404320307537688e+01 9.172611720514622391e+01 1.572029219741336874e+02 1.547247358898350740e+02 1.788494826497445622e+00 1.625654779718090470e+00
1.505820282533145704e+00 1.505820282533145704e+00 1.534983266909443644e+00 1.622526593836228104e+00 1.622526593836228104e+00 4.914404320307537688e+01 4.914404320307537688e+01 8.204447924184201213e+01 5.049174174531185777e+00 1.625654779718090470e+00 1.622526593836228104e+00 1.927415375464719816e+01 9.655657881132776765e+01 1.522127882189333832e+02 2.180243650963714863e+00 1.831108556455189662e+00
1.505820282533145704e+00 1.505820282533145704e+00 1.505820282533145704e+00 1.622526593836228104e+00 1.622526593836228104e+00 1.622526593836228104e+00 1.862975195417457286e+01 1.625654779718090470e+00 1.625654779718090470e+00 1.625654779718090470e+00 1.622526593836228104e+00 1.824045474040495662e+00 4.082792637366374322e+01 1.572029219741336874e+02 1.552862130670208103e+02 1.840618840530330091e+00
1.505820282533145704e+00 1.505820282533145704e+00 1.534983266909443644e+00 1.534983266909443644e+00 1.534983266909443644e+00 1.505820282533145704e+00 1.622526593836228104e+00 1.622526593836228104e+00 1.625654779718090470e+00 1.622526593836228104e+00 1.534983266909443644e+00 1.622718792867448911e+00 7.657463812231662814e+01 1.587626983720850831e+02 1.600437078365762318e+02 2.746689765753501078e+01
1.505820282533145704e+00 1.505820282533145704e+00 1.505820282533145704e+00 1.534983266909443644e+00 1.534983266909443644e+00 1.534983266909443644e+00 1.534983266909443644e+00 1.534983266909443644e+00 1.534983266909443644e+00 1.534983266909443644e+00 1.534983266909443644e+00 1.505820282533145704e+00 7.657463812231662814e+01 1.587626983720850831e+02 1.589345763357827934e+02 1.944581208353947765e+00
1.505820282533145704e+00 1.505820282533145704e+00 1.505820282533145704e+00 1.505820282533145704e+00 1.505820282533145704e+00 1.534983266909443644e+00 1.534983266909443644e+00 1.534983266909443644e+00 1.505820282533145704e+00 1.788494826497445622e+00 1.505820282533145704e+00 1.505820282533145704e+00 7.657463812231662814e+01 1.587626983720850831e+02 1.600437078365762318e+02 1.944581208353947765e+00
1.505820282533145704e+00 1.505820282533145704e+00 1.505820282533145704e+00 1.534983266909443644e+00 1.505820282533145704e+00 1.505820282533145704e+00 2.040384644082730237e+00 1.505820282533145704e+00 2.464034703686591055e+00 1.505820282533145704e+00 2.040384644082730237e+00 2.040384644082730237e+00 1.185787988700877236e+02 1.587626983720850831e+02 1.589345763357827934e+02 1.944581208353947765e+00
1.534983266909443644e+00 1.505820282533145704e+00 1.505820282533145704e+00 2.040384644082730237e+00 2.040384644082730237e+00 2.464034703686591055e+00 2.464034703686591055e+00 3.898835287281037232e+00 1.944820433400991178e+01 2.464034703686591055e+00 5.865607785504452210e+01 9.967906708679021222e+01 1.604789573705347436e+02 1.600437078365762318e+02 1.589345763357827934e+02 1.944581208353947765e+00
1.505820282533145704e+00 2.040384644082730237e+00 5.865607785504452210e+01 8.395196297078656755e+01 8.395196297078656755e+01 8.395196297078656755e+01 1.604789573705347436e+02 9.967906708679021222e+01 1.604789573705347436e+02 9.967906708679021222e+01 1.604789573705347436e+02 1.604789573705347436e+02 1.604789573705347436e+02 1.604789573705347436e+02 1.337608397438542909e+02 1.944581208353947765e+00
1.604789573705347436e+02 1.604789573705347436e+02 1.604789573705347436e+02 1.604789573705347436e+02 1.604789573705347436e+02 1.604789573705347436e+02 1.600437078365762318e+02 1.604789573705347436e+02 1.600437078365762318e+02 1.604789573705347436e+02 1.600437078365762318e+02 1.431257756579995828e+02 1.293613660457703531e+02 1.596036267007189622e+02 1.589345763357827934e+02 1.944581208353947765e+00
1.596036267007189622e+02 1.604993110880760696e+02 1.604993110880760696e+02 1.604993110880760696e+02 1.604993110880760696e+02 1.604789573705347436e+02 1.604789573705347436e+02 1.604789573705347436e+02 1.604993110880760696e+02 1.427329245797081398e+02 1.293613660457703531e+02 9.468098134200126026e+01 4.914404320307537688e+01 9.468098134200126026e+01 3.944566581487539025e+00 1.944581208353947765e+00
1.544796948572431177e+02 1.596036267007189622e+02 1.604789573705347436e+02 1.604789573705347436e+02 1.604993110880760696e+02 1.432702339364218176e+02 1.392639750742147271e+02 1.392639750742147271e+02 1.293613660457703531e+02 9.468098134200126026e+01 3.515663503743185458e+01 1.625654779718090470e+00 1.810271914937500171e+00 1.892562280073323944e+00 1.788494826497445622e+00 1.625654779718090470e+00
1.112653703528079348e+02 1.293613660457703531e+02 1.293613660457703531e+02 1.293613660457703531e+02 1.293613660457703531e+02 9.468098134200126026e+01 4.914404320307537688e+01 8.204447924184201213e+01 8.204447924184201213e+01 1.625654779718090470e+00 1.625654779718090470e+00 1.625654779718090470e+00 1.625654779718090470e+00 1.622526593836228104e+00 1.625654779718090470e+00 1.625654779718090470e+00
4.914404320307537688e+01 4.914404320307537688e+01 9.281779981013501413e+01 9.281779981013501413e+01 8.204447924184201213e+01 1.625654779718090470e+00 1.625654779718090470e+00 1.625654779718090470e+00 1.625654779718090470e+00 1.625654779718090470e+00 1.625654779718090470e+00 1.622526593836228104e+00 1.622526593836228104e+00 1.622526593836228104e+00 1.622526593836228104e+00 1.622526593836228104e+00
1.862975195417457286e+01 1.892562280073323944e+00 1.862975195417457286e+01 1.625654779718090470e+00 1.625654779718090470e+00 1.625654779718090470e+00 1.625654779718090470e+00 1.625654779718090470e+00 1.625654779718090470e+00 1.625654779718090470e+00 1.625654779718090470e+00 1.534983266909443644e+00 1.534983266909443644e+00 1.505820282533145704e+00 1.505820282533145704e+00 1.505820282533145704e+00
