1.429191776549753712e+00 1.429191776549753712e+00 1.429191776549753712e+00 1.429191776549753712e+00 1.429191776549753712e+00 1.429191776549753712e+00 1.429191776549753712e+00 1.505820282533145704e+00 1.043041184287050527e+01 1.459164668727520109e+01 1.694843766470576440e+00 1.525714757970519475e+00 1.582438332434558781e+00 1.429191776549753712e+00 1.429191776549753712e+00 1.429191776549753712e+00
1.429191776549753712e+00 1.429191776549753712e+00 1.537309919807072767e+00 1.582438332434558781e+00 1.525714757970519475e+00 1.429191776549753712e+00 1.505820282533145704e+00 1.713879342711117415e+00 1.667634077064170484e+01 1.788494826497445622e+00 1.525714757970519475e+00 1.525714757970519475e+00 1.505820282533145704e+00 1.429191776549753712e+00 1.429191776549753712e+00 1.429191776549753712e+00
1.429191776549753712e+00 1.429191776549753712e+00 1.525714757970519475e+00 1.537309919807072767e+00 1.582438332434558781e+00 1.429191776549753712e+00 1.505820282533145704e+00 3.383480613846181484e+01 1.806457169970574483e+00 1.625654779718090470e+00 1.525714757970519475e+00 1.525714757970519475e+00 1.429191776549753712e+00 1.429191776549753712e+00 1.429191776549753712e+00 1.429191776549753712e+00
1.429191776549753712e+00 1.429191776549753712e+00 1.525714757970519475e+00 1.525714757970519475e+00 1.429191776549753712e+00 1.505820282533145704e+00 1.505820282533145704e+00 4.890550887818077896e+00 1.625654779718090470e+00 1.625654779718090470e+00 1.525714757970519475e+00 1.582438332434558781e+00 1.582438332434558781e+00 1.429191776549753712e+00 1.429191776549753712e+00 1.429191776549753712e+00
1.429191776549753712e+00 1.429191776549753712e+00 1.429191776549753712e+00 1.429191776549753712e+00 1.505820282533145704e+00 2.464034703686591055e+00 2.573741811552761050e+00 1.694843766470576440e+00 1.582438332434558781e+00 1.525714757970519475e+00 1.525714757970519475e+00 1.525714757970519475e+00 1.429191776549753712e+00 1.429191776549753712e+00 1.429191776549753712e+00 1.429191776549753712e+00
1.429191776549753712e+00 1.429191776549753712e+00 1.429191776549753712e+00 1.505820282533145704e+00 4.863345940520431299e+01 8.395196297078656755e+01 1.788494826497445622e+00 1.694843766470576440e+00 1.582438332434558781e+00 1.625654779718090470e+00 1.525714757970519475e+00 1.525714757970519475e+00 1.429191776549753712e+00 1.429191776549753712e+00 1.505820282533145704e+00 2.096642234117325199e+00
1.429191776549753712e+00 1.429191776549753712e+00 1.505820282533145704e+00 1.713879342711117415e+00 1.492712503892166467e+02 9.686157288367573415e+01 1.694843766470576440e+00 1.625654779718090470e+00 1.625654779718090470e+00 1.525714757970519475e+00 1.525714757970519475e+00 1.429191776549753712e+00 1.505820282533145704e+00 1.505820282533145704e+00 1.713879342711117415e+00 1.806457169970574483e+00
1.429191776549753712e+00 1.429191776549753712e+00 1.505820282533145704e+00 1.185787988700877236e+02 1.496554224606491061e+02 1.788494826497445622e+00 1.525714757970519475e+00 1.505820282533145704e+00 1.525714757970519475e+00 1.582438332434558781e+00 1.505820282533145704e+00 2.856283428241539468e+01 2.096642234117325199e+00 2.096642234117325199e+00 2.232052487391219753e+00 1.582438332434558781e+00
1.429191776549753712e+00 1.505820282533145704e+00 1.713879342711117415e+00 1.423007465436452321e+02 1.608327259364200188e+02 6.531143708228549372e+01 2.409247642574010140e+00 1.429191776549753712e+00 4.082792637366374322e+01 1.505820282533145704e+00 2.464034703686591055e+00 1.312129078440208048e+02 1.391282589207852425e+02 2.573741811552761050e+00 1.694843766470576440e+00 1.525714757970519475e+00
1.429191776549753712e+00 1.505820282533145704e+00 1.599036223656938205e+02 1.645129586750803696e+02 1.608327259364200188e+02 9.765218222770940315e+01 2.573741811552761050e+00 2.573741811552761050e+00 2.464034703686591055e+00 1.312129078440208048e+02 1.059266315577576307e+02 1.611846240115044395e+02 1.611846240115044395e+02 6.531143708228549372e+01 2.502142186753219377e+01 1.525714757970519475e+00
1.505820282533145704e+00 1.713879342711117415e+00 1.423007465436452321e+02 1.645129586750803696e+02 1.645129586750803696e+02 1.616236109432894921e+02 1.233363911565617173e+02 1.059266315577576307e+02 1.312129078440208048e+02 1.608327259364200188e+02 1.608327259364200188e+02 1.599036223656938205e+02 1.608327259364200188e+02 6.531143708228549372e+01 1.694843766470576440e+00 1.525714757970519475e+00
1.713879342711117415e+00 7.657463812231662814e+01 1.241671403719268625e+02 1.645129586750803696e+02 1.645129586750803696e+02 1.645129586750803696e+02 1.645129586750803696e+02 1.611846240115044395e+02 1.645129586750803696e+02 1.599036223656938205e+02 1.599036223656938205e+02 1.608327259364200188e+02 1.618287805753363671e+02 6.531143708228549372e+01 1.694843766470576440e+00 1.525714757970519475e+00
1.582438332434558781e+00 3.383480613846181484e+01 1.593319474061003689e+02 1.616131470769851148e+02 1.627387249665775641e+02 1.645129586750803696e+02 1.645129586750803696e+02 1.645129586750803696e+02 1.516639139797889300e+02 1.387660850434961901e+02 1.387660850434961901e+02 1.344575259938945919e+02 1.344575259938945919e+02 4.775803408135325867e+01 1.694843766470576440e+00 1.525714757970519475e+00
1.537309919807072767e+00 1.582438332434558781e+00 3.383480613846181484e+01 1.584612074971695677e+02 1.474267615517189540e+02 1.618287805753363671e+02 1.616131470769851148e+02 1.425896555810054736e+02 1.077977682476229973e+02 1.806457169970574483e+00 6.097917222582751151e+01 6.097917222582751151e+01 6.097917222582751151e+01 1.788494826497445622e+00 1.525714757970519475e+00 1.525714757970519475e+00
1.429191776549753712e+00 1.537309919807072767e+00 1.582438332434558781e+00 1.806457169970574483e+00 1.806457169970574483e+00 1.077977682476229973e+02 6.097917222582751151e+01 1.806457169970574483e+00 1.625654779718090470e+00 1.582438332434558781e+00 1.582438332434558781e+00 2.509957748756710405e+00 1.625654779718090470e+00 1.537309919807072767e+00 1.525714757970519475e+00 1.429191776549753712e+00
1.429191776549753712e+00 1.429191776549753712e+00 1.537309919807072767e+00 1.582438332434558781e+00 1.806457169970574483e+00 1.806457169970574483e+00 1.806457169970574483e+00 1.625654779718090470e+00 1.525714757970519475e+00 1.429191776549753712e+00 1.505820282533145704e+00 1.537309919807072767e+00 1.525714757970519475e+00 1.429191776549753712e+00 1.429191776549753712e+00 1.429191776549753712e+00
