1.236510273441366081e+01 1.236510273441366081e+01 1.236510273441366081e+01 1.236510273441366081e+01 1.236510273441366081e+01 1.236510273441366081e+01 1.236510273441366081e+01 1.968836680358451829e+01 2.730534121805127867e+01 4.053536170482573198e+01 5.590919450313543848e+01 6.472010033452747280e+01 5.555832395426838133e+01 4.924260902585130140e+01 3.070074757242362651e+01 2.004521223866117552e+01
1.236510273441366081e+01 1.236510273441366081e+01 1.236510273441366081e+01 1.236510273441366081e+01 1.236510273441366081e+01 1.236510273441366081e+01 1.917712768532535961e+01 2.199866234467463499e+01 3.520856440742045379e+01 4.987222864058878002e+01 6.394326933586863504e+01 6.827553369785560733e+01 5.923769788649422452e+01 4.816894275067281228e+01 3.540122234784649180e+01 2.004521223866117552e+01
1.236510273441366081e+01 1.236510273441366081e+01 1.236510273441366081e+01 1.236510273441366081e+01 1.236510273441366081e+01 1.236510273441366081e+01 1.917712768532535961e+01 2.968033997951524938e+01 4.150831897898700618e+01 6.030500322000379043e+01 6.910272458478797830e+01 7.279666477671928249e+01 5.860150517909050905e+01 4.556806600352587822e+01 2.988371855186814585e+01 1.963117394123969461e+01
1.236510273441366081e+01 1.236510273441366081e+01 1.236510273441366081e+01 1.236510273441366081e+01 1.236510273441366081e+01 1.917712768532535961e+01 2.491812982698525403e+01 3.721170532261598396e+01 5.405221124920397813e+01 6.716624438192360458e+01 7.328359780979755556e+01 6.979936096081671337e+01 5.407121869125072067e+01 4.054113073728782979e+01 2.759090823095850453e+01 1.963117394123969461e+01
1.236510273441366081e+01 1.236510273441366081e+01 1.236510273441366081e+01 1.236510273441366081e+01 1.236510273441366081e+01 2.134887852884368442e+01 3.052446605439277150e+01 4.599278891250801848e+01 6.324231754848191400e+01 7.372923030308059822e+01 7.476673183334196437e+01 6.475750524934274210e+01 5.285911979362916213e+01 3.597631929523119965e+01 2.139376138143637363e+01 1.786606450484309505e+01
1.236510273441366081e+01 1.236510273441366081e+01 1.236510273441366081e+01 1.236510273441366081e+01 1.917712768532535961e+01 2.491812982698525403e+01 3.954718576297125310e+01 5.538047192010434117e+01 6.983380277898082511e+01 7.631574892777247499e+01 7.194169416836933806e+01 5.860150517909050905e+01 4.420764442377149805e+01 2.988371855186814585e+01 2.139376138143637363e+01 1.236510273441366081e+01
1.236510273441366081e+01 1.236510273441366081e+01 1.236510273441366081e+01 1.236510273441366081e+01 1.968836680358451829e+01 3.052446605439277150e+01 4.599278891250801848e+01 6.324231754848191400e+01 7.712261886807795008e+01 7.757198387080305224e+01 6.886118292093891569e+01 5.285911979362916213e+01 3.691783643158159123e+01 2.430817978568437354e+01 1.884363090396042750e+01 1.236510273441366081e+01
1.236510273441366081e+01 1.236510273441366081e+01 1.236510273441366081e+01 1.917712768532535961e+01 2.491812982698525403e+01 3.954718576297125310e+01 5.573303487861848282e+01 6.983380277898082511e+01 7.631574892777247499e+01 7.194169416836933806e+01 6.114877550541033457e+01 4.420764442377149805e+01 2.988371855186814585e+01 2.139376138143637363e+01 1.236510273441366081e+01 1.236510273441366081e+01
1.236510273441366081e+01 1.236510273441366081e+01 1.236510273441366081e+01 1.968836680358451829e+01 3.052446605439277150e+01 4.599278891250801848e+01 6.324231754848191400e+01 7.372923030308059822e+01 7.631574892777247499e+01 6.726193653350229340e+01 5.285911979362916213e+01 3.661277859714421368e+01 2.430817978568437354e+01 1.786606450484309505e+01 1.236510273441366081e+01 1.236510273441366081e+01
1.236510273441366081e+01 1.236510273441366081e+01 1.917712768532535961e+01 2.491812982698525403e+01 3.664780443866340676e+01 5.573303487861848282e+01 6.983380277898082511e+01 7.631574892777247499e+01 7.194169416836933806e+01 6.039578871495153578e+01 4.420764442377149805e+01 2.988371855186814585e+01 1.963117394123969461e+01 1.236510273441366081e+01 1.236510273441366081e+01 1.236510273441366081e+01
1.236510273441366081e+01 1.236510273441366081e+01 2.134887852884368442e+01 3.052446605439277150e+01 4.599278891250801848e+01 6.324231754848191400e+01 7.372923030308059822e+01 7.394623335271946019e+01 6.726193653350229340e+01 4.836841159819910985e+01 3.354425809837607630e+01 2.139376138143637363e+01 1.786606450484309505e+01 1.236510273441366081e+01 1.236510273441366081e+01 1.236510273441366081e+01
1.236510273441366081e+01 1.917712768532535961e+01 2.491812982698525403e+01 3.954718576297125310e+01 5.538047192010434117e+01 7.039450110796434501e+01 7.631574892777247499e+01 7.194169416836933806e+01 5.745518654504439837e+01 4.420764442377149805e+01 2.988371855186814585e+01 1.963117394123969461e+01 1.236510273441366081e+01 1.236510273441366081e+01 1.236510273441366081e+01 1.236510273441366081e+01
1.236510273441366081e+01 2.199866234467463499e+01 3.312634467409248629e+01 4.641546407116181427e+01 6.324231754848191400e+01 7.372923030308059822e+01 7.394623335271946019e+01 6.726193653350229340e+01 5.285911979362916213e+01 3.597631929523119965e+01 2.139376138143637363e+01 1.786606450484309505e+01 1.236510273441366081e+01 1.236510273441366081e+01 1.236510273441366081e+01 1.236510273441366081e+01
1.917712768532535961e+01 2.730534121805127867e+01 3.954718576297125310e+01 5.538047192010434117e+01 7.039450110796434501e+01 7.631574892777247499e+01 6.979936096081671337e+01 5.745518654504439837e+01 4.420764442377149805e+01 2.988371855186814585e+01 1.963117394123969461e+01 1.236510273441366081e+01 1.236510273441366081e+01 1.236510273441366081e+01 1.236510273441366081e+01 1.236510273441366081e+01
2.199866234467463499e+01 3.332289499644164721e+01 4.641546407116181427e+01 6.462212766539590802e+01 7.372923030308059822e+01 7.270874284271982901e+01 6.253382769427035726e+01 4.753857874924225513e+01 3.354425809837607630e+01 2.139376138143637363e+01 1.786606450484309505e+01 1.236510273441366081e+01 1.236510273441366081e+01 1.236510273441366081e+01 1.236510273441366081e+01 1.236510273441366081e+01
2.346729735679002360e+01 3.609976110308651442e+01 5.015296445072085874e+01 6.385750209933439692e+01 6.843962750517067661e+01 6.726193653350229340e+01 5.273125496174565541e+01 3.994540470311202540e+01 2.919890739408885594e+01 1.963117394123969461e+01 1.236510273441366081e+01 1.236510273441366081e+01 1.236510273441366081e+01 1.236510273441366081e+01 1.236510273441366081e+01 1.236510273441366081e+01
