1.534983266909443644e+00 1.505820282533145704e+00 2.040384644082730237e+00 1.101250243036292318e+02 1.616176461419989323e+02 1.427329245797081398e+02 1.344575259938945919e+02 1.631864785229002450e+02 1.631864785229002450e+02 1.631864785229002450e+02 1.547247358898350740e+02 5.135074578730662864e+01 1.788494826497445622e+00 1.625654779718090470e+00 1.584816097561938086e+00 1.584816097561938086e+00
1.505820282533145704e+00 6.810207662195992384e+01 1.185787988700877236e+02 1.185787988700877236e+02 1.616131470769851148e+02 1.346170892328557613e+02 2.482581166320742128e+01 8.207693972262914883e+01 1.440609255464084697e+02 1.631864785229002450e+02 1.608327259364200188e+02 1.547247358898350740e+02 1.788494826497445622e+00 1.584816097561938086e+00 1.584816097561938086e+00 1.584816097561938086e+00
4.082792637366374322e+01 1.185787988700877236e+02 1.549844773706711578e+02 1.608327259364200188e+02 1.326910232332856765e+02 2.482581166320742128e+01 1.849784157697840659e+00 2.064872251945155224e+00 1.303682434484837529e+02 1.631864785229002450e+02 1.631864785229002450e+02 1.163211951133767741e+02 1.788494826497445622e+00 1.584816097561938086e+00 1.584816097561938086e+00 1.534983266909443644e+00
1.123410349759825522e+01 1.185787988700877236e+02 1.616176461419989323e+02 1.616131470769851148e+02 1.081489139166406233e+02 1.788494826497445622e+00 1.810271914937500171e+00 1.824045474040495662e+00 4.082792637366374322e+01 1.631864785229002450e+02 1.631864785229002450e+02 1.163211951133767741e+02 1.788494826497445622e+00 1.584816097561938086e+00 1.505820282533145704e+00 1.505820282533145704e+00
1.584816097561938086e+00 1.806457169970574483e+00 1.806457169970574483e+00 6.097917222582751151e+01 1.788494826497445622e+00 1.788494826497445622e+00 1.788494826497445622e+00 1.824045474040495662e+00 4.082792637366374322e+01 1.631864785229002450e+02 1.631864785229002450e+02 1.163211951133767741e+02 1.788494826497445622e+00 1.584816097561938086e+00 1.505820282533145704e+00 1.505820282533145704e+00
1.584816097561938086e+00 1.767682422936826425e+00 1.806457169970574483e+00 1.806457169970574483e+00 1.788494826497445622e+00 1.788494826497445622e+00 1.792038123638457492e+00 1.824045474040495662e+00 4.082792637366374322e+01 1.631864785229002450e+02 1.631864785229002450e+02 1.163211951133767741e+02 1.788494826497445622e+00 1.584816097561938086e+00 1.505820282533145704e+00 1.505820282533145704e+00
1.584816097561938086e+00 1.584816097561938086e+00 1.625654779718090470e+00 1.625654779718090470e+00 1.788494826497445622e+00 1.788494826497445622e+00 1.806457169970574483e+00 1.824045474040495662e+00 4.082792637366374322e+01 1.616704016995628876e+02 1.616176461419989323e+02 1.788494826497445622e+00 1.625654779718090470e+00 1.584816097561938086e+00 1.505820282533145704e+00 1.505820282533145704e+00
1.534983266909443644e+00 1.505820282533145704e+00 1.584816097561938086e+00 1.625654779718090470e+00 1.584816097561938086e+00 1.625654779718090470e+00 1.767682422936826425e+00 1.824045474040495662e+00 1.185787988700877236e+02 1.631864785229002450e+02 1.163211951133767741e+02 1.788494826497445622e+00 1.625654779718090470e+00 1.584816097561938086e+00 1.505820282533145704e+00 1.505820282533145704e+00
1.505820282533145704e+00 1.505820282533145704e+00 1.534983266909443644e+00 1.534983266909443644e+00 1.584816097561938086e+00 1.584816097561938086e+00 1.505820282533145704e+00 4.082792637366374322e+01 1.599036223656938205e+02 1.631864785229002450e+02 1.608327259364200188e+02 3.363867394007790068e+01 1.788494826497445622e+00 1.584816097561938086e+00 1.584816097561938086e+00 1.505820282533145704e+00
1.505820282533145704e+00 1.505820282533145704e+00 1.534983266909443644e+00 1.534983266909443644e+00 1.584816097561938086e+00 1.505820282533145704e+00 1.505820282533145704e+00 1.185787988700877236e+02 1.631864785229002450e+02 1.631864785229002450e+02 1.631864785229002450e+02 1.547247358898350740e+02 3.325871947167834719e+01 1.840618840530330091e+00 1.534983266909443644e+00 1.505820282533145704e+00
1.505820282533145704e+00 1.505820282533145704e+00 1.534983266909443644e+00 1.534983266909443644e+00 1.534983266909443644e+00 1.534983266909443644e+00 2.848476421225756283e+00 1.599036223656938205e+02 1.631864785229002450e+02 1.631864785229002450e+02 1.631864785229002450e+02 1.517902403406872338e+02 1.547247358898350740e+02 8.395196297078656755e+01 2.096642234117325199e+00 2.040384644082730237e+00
1.505820282533145704e+00 1.505820282533145704e+00 1.505820282533145704e+00 1.505820282533145704e+00 1.534983266909443644e+00 1.505820282533145704e+00 1.185787988700877236e+02 1.631864785229002450e+02 1.631864785229002450e+02 1.631864785229002450e+02 1.631864785229002450e+02 1.631864785229002450e+02 1.611846240115044395e+02 1.522127882189333832e+02 8.137250775084388010e+01 8.137250775084388010e+01
1.534983266909443644e+00 1.505820282533145704e+00 1.505820282533145704e+00 1.505820282533145704e+00 1.534983266909443644e+00 4.525367765203217374e+01 1.599036223656938205e+02 1.631864785229002450e+02 1.631864785229002450e+02 1.631864785229002450e+02 1.631864785229002450e+02 1.631864785229002450e+02 1.631864785229002450e+02 1.631864785229002450e+02 1.547247358898350740e+02 1.011344687826394591e+02
1.505820282533145704e+00 1.505820282533145704e+00 1.505820282533145704e+00 1.505820282533145704e+00 1.505820282533145704e+00 1.185787988700877236e+02 1.631864785229002450e+02 1.631864785229002450e+02 1.631864785229002450e+02 1.631864785229002450e+02 1.631864785229002450e+02 1.631864785229002450e+02 1.616176461419989323e+02 1.616131470769851148e+02 1.344575259938945919e+02 2.482581166320742128e+01
1.505820282533145704e+00 1.505820282533145704e+00 1.505820282533145704e+00 1.505820282533145704e+00 2.848476421225756283e+00 1.599036223656938205e+02 1.631864785229002450e+02 1.631864785229002450e+02 1.631864785229002450e+02 1.631864785229002450e+02 1.631864785229002450e+02 1.517447477409033638e+02 1.616131470769851148e+02 9.468098134200126026e+01 1.806457169970574483e+00 1.625654779718090470e+00
1.505820282533145704e+00 1.534983266909443644e+00 1.505820282533145704e+00 1.505820282533145704e+00 7.657463812231662814e+01 1.631864785229002450e+02 1.631864785229002450e+02 1.516960696938620288e+02 1.516639139797889300e+02 1.392639750742147271e+02 1.344575259938945919e+02 1.344575259938945919e+02 2.482581166320742128e+01 1.806457169970574483e+00 1.625654779718090470e+00 1.625654779718090470e+00
