1.429191776549753712e+00 1.429191776549753712e+00 1.440190230361461099e+00 1.440190230361461099e+00 1.429191776549753712e+00 1.440190230361461099e+00 1.440190230361461099e+00 1.440190230361461099e+00 1.440190230361461099e+00 1.415617725122456427e+00 1.429191776549753712e+00 1.429191776549753712e+00 1.415617725122456427e+00 1.429191776549753712e+00 1.429191776549753712e+00 1.429191776549753712e+00
1.582438332434558781e+00 1.429191776549753712e+00 1.625654779718090470e+00 1.582438332434558781e+00 1.415617725122456427e+00 1.415617725122456427e+00 1.415617725122456427e+00 1.429191776549753712e+00 1.525714757970519475e+00 1.440190230361461099e+00 1.415617725122456427e+00 1.429191776549753712e+00 1.415617725122456427e+00 1.415617725122456427e+00 1.415617725122456427e+00 1.415617725122456427e+00
1.582438332434558781e+00 1.636656868508016061e+00 1.625654779718090470e+00 1.565893698736717354e+00 1.582438332434558781e+00 1.582438332434558781e+00 1.429191776549753712e+00 1.834840212542224736e+00 1.440190230361461099e+00 1.429191776549753712e+00 1.440190230361461099e+00 1.429191776549753712e+00 1.429191776549753712e+00 1.429191776549753712e+00 1.565893698736717354e+00 1.582438332434558781e+00
1.582438332434558781e+00 1.713879342711117415e+00 1.525714757970519475e+00 1.582438332434558781e+00 1.834840212542224736e+00 1.792038123638457492e+00 1.792038123638457492e+00 1.792038123638457492e+00 1.687375857914326094e+00 1.687375857914326094e+00 1.687375857914326094e+00 1.525714757970519475e+00 1.525714757970519475e+00 1.525714757970519475e+00 1.565893698736717354e+00 1.582438332434558781e+00
1.565893698736717354e+00 1.565893698736717354e+00 1.694843766470576440e+00 1.834840212542224736e+00 1.792038123638457492e+00 1.724978668136875282e+00 1.625654779718090470e+00 1.625654779718090470e+00 1.625654779718090470e+00 1.625654779718090470e+00 1.565893698736717354e+00 1.525714757970519475e+00 1.429191776549753712e+00 1.525714757970519475e+00 1.525714757970519475e+00 1.525714757970519475e+00
1.525714757970519475e+00 1.565893698736717354e+00 1.565893698736717354e+00 1.565893698736717354e+00 1.788494826497445622e+00 1.694843766470576440e+00 1.625654779718090470e+00 1.625654779718090470e+00 1.625654779718090470e+00 1.625654779718090470e+00 1.565893698736717354e+00 1.525714757970519475e+00 1.429191776549753712e+00 1.429191776549753712e+00 1.440190230361461099e+00 1.429191776549753712e+00
1.525714757970519475e+00 1.525714757970519475e+00 1.565893698736717354e+00 1.565893698736717354e+00 1.582438332434558781e+00 1.765621727026155385e+00 1.746937526338106617e+00 1.634571104829562360e+00 1.565893698736717354e+00 1.525714757970519475e+00 1.525714757970519475e+00 1.525714757970519475e+00 1.429191776549753712e+00 1.440190230361461099e+00 1.440190230361461099e+00 1.525714757970519475e+00
1.525714757970519475e+00 1.525714757970519475e+00 1.525714757970519475e+00 1.582438332434558781e+00 1.713879342711117415e+00 1.944306667598198812e+00 1.746937526338106617e+00 1.746937526338106617e+00 1.663872246750510930e+00 1.525714757970519475e+00 1.525714757970519475e+00 1.429191776549753712e+00 1.415617725122456427e+00 1.415617725122456427e+00 1.525714757970519475e+00 1.525714757970519475e+00
1.582438332434558781e+00 1.525714757970519475e+00 1.525714757970519475e+00 1.440190230361461099e+00 1.440190230361461099e+00 2.232052487391219753e+00 2.153354660611092708e+00 1.746937526338106617e+00 1.765621727026155385e+00 1.525714757970519475e+00 1.429191776549753712e+00 1.429191776549753712e+00 1.636656868508016061e+00 1.582438332434558781e+00 1.582438332434558781e+00 1.429191776549753712e+00
1.525714757970519475e+00 1.525714757970519475e+00 1.429191776549753712e+00 1.582438332434558781e+00 1.582438332434558781e+00 1.926102387163636021e+00 1.926102387163636021e+00 1.788494826497445622e+00 1.788494826497445622e+00 1.858867881318531756e+00 1.728800328864978697e+00 1.634571104829562360e+00 1.625654779718090470e+00 1.525714757970519475e+00 1.429191776549753712e+00 1.415617725122456427e+00
1.525714757970519475e+00 1.525714757970519475e+00 1.429191776549753712e+00 1.582438332434558781e+00 1.625654779718090470e+00 1.625654779718090470e+00 1.625654779718090470e+00 1.625654779718090470e+00 1.582438332434558781e+00 1.834840212542224736e+00 1.858867881318531756e+00 1.663872246750510930e+00 1.663872246750510930e+00 1.525714757970519475e+00 1.429191776549753712e+00 1.415617725122456427e+00
1.525714757970519475e+00 1.525714757970519475e+00 1.525714757970519475e+00 1.582438332434558781e+00 1.694843766470576440e+00 1.713879342711117415e+00 1.565893698736717354e+00 1.565893698736717354e+00 1.582438332434558781e+00 1.836615629133679262e+00 1.792038123638457492e+00 1.788494826497445622e+00 1.663872246750510930e+00 1.636656868508016061e+00 1.429191776549753712e+00 1.582438332434558781e+00
1.525714757970519475e+00 1.525714757970519475e+00 1.525714757970519475e+00 1.440190230361461099e+00 1.663872246750510930e+00 1.636656868508016061e+00 1.713879342711117415e+00 1.440190230361461099e+00 1.944306667598198812e+00 1.713879342711117415e+00 1.788494826497445622e+00 1.788494826497445622e+00 1.663872246750510930e+00 1.636656868508016061e+00 1.525714757970519475e+00 1.565893698736717354e+00
1.525714757970519475e+00 1.525714757970519475e+00 1.429191776549753712e+00 1.440190230361461099e+00 1.765621727026155385e+00 1.746937526338106617e+00 1.440190230361461099e+00 1.440190230361461099e+00 1.836615629133679262e+00 1.788494826497445622e+00 1.792038123638457492e+00 1.728800328864978697e+00 1.636656868508016061e+00 1.625654779718090470e+00 1.565893698736717354e+00 1.565893698736717354e+00
1.429191776549753712e+00 1.429191776549753712e+00 1.565893698736717354e+00 1.440190230361461099e+00 1.687375857914326094e+00 1.683818914895259145e+00 1.687375857914326094e+00 1.582438332434558781e+00 1.565893698736717354e+00 1.582438332434558781e+00 1.694843766470576440e+00 1.625654779718090470e+00 1.565893698736717354e+00 1.525714757970519475e+00 1.525714757970519475e+00 1.525714757970519475e+00
1.440190230361461099e+00 1.429191776549753712e+00 1.415617725122456427e+00 1.415617725122456427e+00 1.693279404870398963e+00 1.415617725122456427e+00 1.429191776549753712e+00 1.440190230361461099e+00 1.440190230361461099e+00 1.440190230361461099e+00 1.663872246750510930e+00 1.525714757970519475e+00 1.525714757970519475e+00 1.525714757970519475e+00 1.525714757970519475e+00 1.525714757970519475e+00
