1.505820282533145704e+00 1.534983266909443644e+00 1.505820282533145704e+00 1.534983266909443644e+00 1.534983266909443644e+00 1.534983266909443644e+00 1.903717856779896467e+00 2.484917540661546909e+00 4.612566517398678911e+01 1.363789309231182756e+02 1.363789309231182756e+02 1.363789309231182756e+02 1.363789309231182756e+02 1.611846240115044395e+02 1.353185277794280239e+02 4.844466728422467838e+01
1.505820282533145704e+00 1.505820282533145704e+00 1.584816097561938086e+00 1.625654779718090470e+00 1.625654779718090470e+00 1.806457169970574483e+00 1.892562280073323944e+00 1.806457169970574483e+00 1.806457169970574483e+00 1.806457169970574483e+00 8.207693972262914883e+01 1.451570334658058528e+02 1.589382167989472805e+02 1.616704016995628876e+02 1.600437078365762318e+02 6.589850976193322651e+01
1.505820282533145704e+00 1.505820282533145704e+00 1.505820282533145704e+00 1.625654779718090470e+00 1.625654779718090470e+00 1.505820282533145704e+00 1.834840212542224736e+00 1.792038123638457492e+00 1.810271914937500171e+00 1.834840212542224736e+00 1.767682422936826425e+00 7.657463812231662814e+01 1.599036223656938205e+02 1.616704016995628876e+02 1.600437078365762318e+02 1.788494826497445622e+00
1.505820282533145704e+00 1.534983266909443644e+00 1.534983266909443644e+00 1.584816097561938086e+00 1.584816097561938086e+00 1.767682422936826425e+00 1.788494826497445622e+00 1.832513208183254028e+00 1.806457169970574483e+00 1.824045474040495662e+00 1.824045474040495662e+00 4.612566517398678911e+01 1.599036223656938205e+02 1.613282242658694940e+02 1.326910232332856765e+02 1.788494826497445622e+00
1.505820282533145704e+00 1.534983266909443644e+00 1.534983266909443644e+00 1.534983266909443644e+00 1.584816097561938086e+00 1.788494826497445622e+00 1.944306667598198812e+00 1.903717856779896467e+00 1.903717856779896467e+00 2.040384644082730237e+00 4.612566517398678911e+01 1.599036223656938205e+02 1.616906582282961153e+02 1.616131470769851148e+02 1.788494826497445622e+00 1.625654779718090470e+00
1.505820282533145704e+00 1.505820282533145704e+00 1.534983266909443644e+00 1.534983266909443644e+00 1.584816097561938086e+00 1.505820282533145704e+00 1.824045474040495662e+00 2.040384644082730237e+00 5.865607785504452210e+01 1.101250243036292318e+02 1.239869968532516395e+02 1.631864785229002450e+02 1.616131470769851148e+02 2.482581166320742128e+01 1.625654779718090470e+00 1.625654779718090470e+00
1.505820282533145704e+00 1.505820282533145704e+00 1.534983266909443644e+00 1.505820282533145704e+00 1.584816097561938086e+00 1.534983266909443644e+00 1.903717856779896467e+00 3.289549761745884204e+00 1.083845851331071515e+02 1.616906582282961153e+02 1.631864785229002450e+02 1.616906582282961153e+02 1.326910232332856765e+02 1.788494826497445622e+00 1.625654779718090470e+00 1.584816097561938086e+00
1.505820282533145704e+00 1.505820282533145704e+00 1.505820282533145704e+00 1.505820282533145704e+00 1.534983266909443644e+00 1.806457169970574483e+00 1.806457169970574483e+00 1.806457169970574483e+00 1.806457169970574483e+00 8.207693972262914883e+01 1.589382167989472805e+02 1.344575259938945919e+02 3.290201438943368828e+01 1.788494826497445622e+00 1.534983266909443644e+00 1.505820282533145704e+00
1.505820282533145704e+00 1.505820282533145704e+00 1.505820282533145704e+00 1.534983266909443644e+00 1.892562280073323944e+00 1.832513208183254028e+00 1.625654779718090470e+00 1.625654779718090470e+00 1.867362287773261409e+00 1.806457169970574483e+00 1.806457169970574483e+00 1.806457169970574483e+00 1.788494826497445622e+00 1.625654779718090470e+00 1.505820282533145704e+00 1.505820282533145704e+00
1.505820282533145704e+00 1.534983266909443644e+00 1.534983266909443644e+00 1.892562280073323944e+00 1.831108556455189662e+00 1.625654779718090470e+00 1.625654779718090470e+00 1.625654779718090470e+00 1.584816097561938086e+00 1.625654779718090470e+00 1.767682422936826425e+00 1.820166262498404208e+01 1.788494826497445622e+00 1.625654779718090470e+00 1.584816097561938086e+00 1.505820282533145704e+00
1.625654779718090470e+00 1.505820282533145704e+00 1.788494826497445622e+00 1.849784157697840659e+00 1.831108556455189662e+00 1.625654779718090470e+00 1.584816097561938086e+00 1.584816097561938086e+00 1.534983266909443644e+00 1.788494826497445622e+00 1.806457169970574483e+00 1.806457169970574483e+00 1.625654779718090470e+00 1.584816097561938086e+00 1.584816097561938086e+00 1.505820282533145704e+00
1.788494826497445622e+00 1.806457169970574483e+00 1.625654779718090470e+00 1.625654779718090470e+00 1.625654779718090470e+00 1.625654779718090470e+00 1.584816097561938086e+00 1.584816097561938086e+00 1.505820282533145704e+00 1.788494826497445622e+00 1.767682422936826425e+00 2.040384644082730237e+00 1.831108556455189662e+00 1.584816097561938086e+00 1.505820282533145704e+00 1.505820282533145704e+00
1.790129517807346815e+01 1.840618840530330091e+00 1.840618840530330091e+00 1.788494826497445622e+00 1.584816097561938086e+00 1.625654779718090470e+00 1.584816097561938086e+00 1.584816097561938086e+00 1.584816097561938086e+00 1.584816097561938086e+00 1.584816097561938086e+00 1.903717856779896467e+00 1.625654779718090470e+00 1.505820282533145704e+00 1.505820282533145704e+00 1.534983266909443644e+00
5.865607785504452210e+01 8.395196297078656755e+01 2.040384644082730237e+00 1.840618840530330091e+00 1.505820282533145704e+00 1.505820282533145704e+00 1.788494826497445622e+00 1.584816097561938086e+00 1.505820282533145704e+00 1.505820282533145704e+00 1.584816097561938086e+00 1.584816097561938086e+00 1.625654779718090470e+00 1.505820282533145704e+00 1.505820282533145704e+00 1.505820282533145704e+00
1.522127882189333832e+02 1.595003823469918984e+02 1.522127882189333832e+02 1.944820433400991178e+01 2.040384644082730237e+00 1.790129517807346815e+01 2.033024655429373162e+00 1.505820282533145704e+00 2.040384644082730237e+00 2.040384644082730237e+00 1.625654779718090470e+00 1.584816097561938086e+00 1.584816097561938086e+00 1.505820282533145704e+00 1.505820282533145704e+00 1.505820282533145704e+00
1.019337450995182905e+02 1.589382167989472805e+02 1.613282242658694940e+02 1.547247358898350740e+02 9.967906708679021222e+01 8.137250775084388010e+01 3.240195830251476394e+01 2.464034703686591055e+00 1.788494826497445622e+00 1.625654779718090470e+00 1.625654779718090470e+00 1.584816097561938086e+00 1.505820282533145704e+00 1.534983266909443644e+00 1.505820282533145704e+00 1.505820282533145704e+00
