1.584816097561938086e+00 1.584816097561938086e+00 1.584816097561938086e+00 1.534983266909443644e+00 1.584816097561938086e+00 1.584816097561938086e+00 1.505820282533145704e+00 1.625654779718090470e+00 1.625654779718090470e+00 1.824045474040495662e+00 1.881599380042666469e+00 2.021502363616991538e+00 1.903717856779896467e+00 1.788494826497445622e+00 1.584816097561938086e+00 1.584816097561938086e+00
1.584816097561938086e+00 1.584816097561938086e+00 1.584816097561938086e+00 1.534983266909443644e+00 1.584816097561938086e+00 1.534983266909443644e+00 1.505820282533145704e+00 1.534983266909443644e+00 1.505820282533145704e+00 1.584816097561938086e+00 1.767682422936826425e+00 2.021502363616991538e+00 1.788494826497445622e+00 1.625654779718090470e+00 1.625654779718090470e+00 1.584816097561938086e+00
1.584816097561938086e+00 1.584816097561938086e+00 1.505820282533145704e+00 1.505820282533145704e+00 1.534983266909443644e+00 1.505820282533145704e+00 1.584816097561938086e+00 1.505820282533145704e+00 1.534983266909443644e+00 1.788494826497445622e+00 1.505820282533145704e+00 1.881599380042666469e+00 1.788494826497445622e+00 1.625654779718090470e+00 1.625654779718090470e+00 1.584816097561938086e+00
1.584816097561938086e+00 1.584816097561938086e+00 1.505820282533145704e+00 1.505820282533145704e+00 1.534983266909443644e+00 1.534983266909443644e+00 1.505820282533145704e+00 1.505820282533145704e+00 2.040384644082730237e+00 2.040384644082730237e+00 2.040384644082730237e+00 1.788494826497445622e+00 1.625654779718090470e+00 1.584816097561938086e+00 1.584816097561938086e+00 1.584816097561938086e+00
1.584816097561938086e+00 1.584816097561938086e+00 1.505820282533145704e+00 1.505820282533145704e+00 1.505820282533145704e+00 1.534983266909443644e+00 1.505820282533145704e+00 1.788494826497445622e+00 2.180243650963714863e+00 1.788494826497445622e+00 1.625654779718090470e+00 1.625654779718090470e+00 1.625654779718090470e+00 1.584816097561938086e+00 1.584816097561938086e+00 1.584816097561938086e+00
1.584816097561938086e+00 1.584816097561938086e+00 1.505820282533145704e+00 1.584816097561938086e+00 1.534983266909443644e+00 4.082792637366374322e+01 3.871252899755895527e+01 9.573331852798842689e+00 3.291824421820384039e+00 1.788494826497445622e+00 1.625654779718090470e+00 1.584816097561938086e+00 1.584816097561938086e+00 1.505820282533145704e+00 1.505820282533145704e+00 1.534983266909443644e+00
1.584816097561938086e+00 1.584816097561938086e+00 1.505820282533145704e+00 1.505820282533145704e+00 1.534983266909443644e+00 2.849102869945708605e+00 1.806457169970574483e+00 2.865097987537077984e+01 3.277058384116439349e+00 1.944306667598198812e+00 1.505820282533145704e+00 1.584816097561938086e+00 1.584816097561938086e+00 1.584816097561938086e+00 1.505820282533145704e+00 1.505820282533145704e+00
1.505820282533145704e+00 1.584816097561938086e+00 1.584816097561938086e+00 1.505820282533145704e+00 1.505820282533145704e+00 2.040384644082730237e+00 1.806457169970574483e+00 1.806457169970574483e+00 1.806457169970574483e+00 2.112464406492216007e+00 2.033024655429373162e+00 1.840618840530330091e+00 1.840618840530330091e+00 1.584816097561938086e+00 1.505820282533145704e+00 1.505820282533145704e+00
1.534983266909443644e+00 1.505820282533145704e+00 1.505820282533145704e+00 1.505820282533145704e+00 1.584816097561938086e+00 1.625654779718090470e+00 1.625654779718090470e+00 1.767682422936826425e+00 1.767682422936826425e+00 2.064872251945155224e+00 1.892562280073323944e+00 2.095160260765045468e+00 1.840618840530330091e+00 1.831108556455189662e+00 1.584816097561938086e+00 1.505820282533145704e+00
1.505820282533145704e+00 1.534983266909443644e+00 1.534983266909443644e+00 1.534983266909443644e+00 1.625654779718090470e+00 1.584816097561938086e+00 1.625654779718090470e+00 1.584816097561938086e+00 1.584816097561938086e+00 1.584816097561938086e+00 1.625654779718090470e+00 1.767682422936826425e+00 1.824045474040495662e+00 1.840618840530330091e+00 1.584816097561938086e+00 1.505820282533145704e+00
1.505820282533145704e+00 1.505820282533145704e+00 1.505820282533145704e+00 1.534983266909443644e+00 1.625654779718090470e+00 1.584816097561938086e+00 1.505820282533145704e+00 1.505820282533145704e+00 1.584816097561938086e+00 1.584816097561938086e+00 1.824045474040495662e+00 1.505820282533145704e+00 2.464034703686591055e+00 2.180243650963714863e+00 1.831108556455189662e+00 1.584816097561938086e+00
1.505820282533145704e+00 1.505820282533145704e+00 1.505820282533145704e+00 1.505820282533145704e+00 1.505820282533145704e+00 1.505820282533145704e+00 1.505820282533145704e+00 1.534983266909443644e+00 1.534983266909443644e+00 1.584816097561938086e+00 1.534983266909443644e+00 1.903717856779896467e+00 2.388511851606381953e+01 9.573331852798842689e+00 1.788494826497445622e+00 1.584816097561938086e+00
1.505820282533145704e+00 1.505820282533145704e+00 1.534983266909443644e+00 1.534983266909443644e+00 1.534983266909443644e+00 1.505820282533145704e+00 1.505820282533145704e+00 1.534983266909443644e+00 1.534983266909443644e+00 1.534983266909443644e+00 1.505820282533145704e+00 4.612566517398678911e+01 5.822597708212056489e+01 5.135074578730662864e+01 1.788494826497445622e+00 1.584816097561938086e+00
1.505820282533145704e+00 1.534983266909443644e+00 1.505820282533145704e+00 1.505820282533145704e+00 1.505820282533145704e+00 1.534983266909443644e+00 1.505820282533145704e+00 1.534983266909443644e+00 1.505820282533145704e+00 2.040384644082730237e+00 7.413694088166979945e+00 1.653854621888651977e+01 1.806457169970574483e+00 1.788494826497445622e+00 1.625654779718090470e+00 1.625654779718090470e+00
1.505820282533145704e+00 1.505820282533145704e+00 1.534983266909443644e+00 1.806457169970574483e+00 1.806457169970574483e+00 1.505820282533145704e+00 1.505820282533145704e+00 2.040384644082730237e+00 9.481303763433816201e+00 1.340306812754507071e+01 5.049174174531185777e+00 5.556713732430552888e+00 1.806457169970574483e+00 1.625654779718090470e+00 1.625654779718090470e+00 1.584816097561938086e+00
1.534983266909443644e+00 1.788494826497445622e+00 1.505820282533145704e+00 1.505820282533145704e+00 1.505820282533145704e+00 1.534983266909443644e+00 1.903717856779896467e+00 1.036679717271071510e+01 1.262551383026335827e+01 1.319102556243527680e+01 1.788494826497445622e+00 1.625654779718090470e+00 1.625654779718090470e+00 1.625654779718090470e+00 1.584816097561938086e+00 1.584816097561938086e+00
