1.429191776549753712e+00 1.429191776549753712e+00 1.429191776549753712e+00 1.534983266909443644e+00 1.713879342711117415e+00 1.423007465436452321e+02 1.623853546902330436e+02 9.573331852798842689e+00 1.694843766470576440e+00 1.429191776549753712e+00 1.429191776549753712e+00 1.429191776549753712e+00 1.582438332434558781e+00 1.429191776549753712e+00 1.429191776549753712e+00 1.429191776549753712e+00
1.429191776549753712e+00 1.429191776549753712e+00 1.429191776549753712e+00 1.582438332434558781e+00 1.874627129948019189e+01 1.241671403719268625e+02 1.623853546902330436e+02 6.531143708228549372e+01 1.694843766470576440e+00 1.429191776549753712e+00 1.429191776549753712e+00 1.582438332434558781e+00 1.582438332434558781e+00 1.429191776549753712e+00 1.429191776549753712e+00 1.429191776549753712e+00
1.429191776549753712e+00 1.429191776549753712e+00 1.429191776549753712e+00 1.582438332434558781e+00 3.383480613846181484e+01 1.241671403719268625e+02 1.638048777496647688e+02 6.531143708228549372e+01 1.694843766470576440e+00 1.525714757970519475e+00 1.525714757970519475e+00 1.525714757970519475e+00 1.429191776549753712e+00 1.429191776549753712e+00 1.429191776549753712e+00 1.429191776549753712e+00
1.429191776549753712e+00 1.429191776549753712e+00 1.429191776549753712e+00 1.675818109616792118e+00 1.582438332434558781e+00 1.241671403719268625e+02 1.545421431722054137e+02 6.600749880237533773e+01 2.502142186753219377e+01 1.525714757970519475e+00 1.525714757970519475e+00 1.525714757970519475e+00 1.429191776549753712e+00 1.429191776549753712e+00 1.429191776549753712e+00 1.429191776549753712e+00
1.429191776549753712e+00 1.429191776549753712e+00 1.625654779718090470e+00 1.582438332434558781e+00 1.582438332434558781e+00 3.383480613846181484e+01 1.423007465436452321e+02 1.623853546902330436e+02 3.363867394007790068e+01 1.429191776549753712e+00 1.525714757970519475e+00 1.525714757970519475e+00 1.429191776549753712e+00 1.429191776549753712e+00 1.429191776549753712e+00 1.429191776549753712e+00
1.429191776549753712e+00 1.429191776549753712e+00 1.525714757970519475e+00 1.525714757970519475e+00 1.767682422936826425e+00 1.582438332434558781e+00 1.241671403719268625e+02 1.638048777496647688e+02 9.765218222770940315e+01 3.098118876671362543e+00 1.429191776549753712e+00 1.525714757970519475e+00 1.429191776549753712e+00 1.429191776549753712e+00 1.429191776549753712e+00 1.429191776549753712e+00
1.429191776549753712e+00 1.429191776549753712e+00 1.525714757970519475e+00 1.429191776549753712e+00 1.582438332434558781e+00 1.582438332434558781e+00 1.874627129948019189e+01 1.423007465436452321e+02 1.623853546902330436e+02 6.531143708228549372e+01 1.683818914895259145e+00 1.525714757970519475e+00 1.429191776549753712e+00 1.429191776549753712e+00 1.429191776549753712e+00 1.429191776549753712e+00
1.429191776549753712e+00 1.429191776549753712e+00 1.429191776549753712e+00 1.525714757970519475e+00 1.525714757970519475e+00 1.582438332434558781e+00 3.383480613846181484e+01 1.241671403719268625e+02 1.638048777496647688e+02 6.531143708228549372e+01 1.694843766470576440e+00 1.525714757970519475e+00 1.525714757970519475e+00 1.429191776549753712e+00 1.429191776549753712e+00 1.429191776549753712e+00
1.429191776549753712e+00 1.429191776549753712e+00 1.429191776549753712e+00 1.525714757970519475e+00 1.429191776549753712e+00 1.582438332434558781e+00 1.582438332434558781e+00 1.241671403719268625e+02 1.545421431722054137e+02 6.600749880237533773e+01 2.502142186753219377e+01 1.525714757970519475e+00 1.429191776549753712e+00 1.429191776549753712e+00 1.429191776549753712e+00 1.429191776549753712e+00
1.429191776549753712e+00 1.429191776549753712e+00 1.429191776549753712e+00 1.429191776549753712e+00 1.429191776549753712e+00 1.429191776549753712e+00 1.713879342711117415e+00 1.874627129948019189e+01 1.129367112466712797e+02 6.600749880237533773e+01 2.502142186753219377e+01 1.429191776549753712e+00 1.429191776549753712e+00 1.429191776549753712e+00 1.429191776549753712e+00 1.429191776549753712e+00
1.429191776549753712e+00 1.429191776549753712e+00 1.429191776549753712e+00 1.429191776549753712e+00 1.429191776549753712e+00 1.534983266909443644e+00 1.713879342711117415e+00 1.874627129948019189e+01 1.241671403719268625e+02 6.600749880237533773e+01 1.765621727026155385e+00 1.534983266909443644e+00 1.429191776549753712e+00 1.429191776549753712e+00 1.429191776549753712e+00 1.429191776549753712e+00
1.429191776549753712e+00 1.429191776549753712e+00 1.429191776549753712e+00 1.429191776549753712e+00 1.429191776549753712e+00 1.625654779718090470e+00 1.582438332434558781e+00 3.383480613846181484e+01 1.241671403719268625e+02 9.361578357519246651e+01 2.502142186753219377e+01 1.683818914895259145e+00 1.525714757970519475e+00 1.429191776549753712e+00 1.429191776549753712e+00 1.429191776549753712e+00
1.429191776549753712e+00 1.429191776549753712e+00 1.429191776549753712e+00 1.429191776549753712e+00 1.429191776549753712e+00 1.429191776549753712e+00 1.582438332434558781e+00 3.383480613846181484e+01 1.303682434484837529e+02 9.361578357519246651e+01 1.900679987190105447e+00 1.582438332434558781e+00 1.525714757970519475e+00 1.429191776549753712e+00 1.429191776549753712e+00 1.429191776549753712e+00
1.429191776549753712e+00 1.429191776549753712e+00 1.429191776549753712e+00 1.429191776549753712e+00 1.429191776549753712e+00 1.429191776549753712e+00 1.534983266909443644e+00 1.713879342711117415e+00 4.082792637366374322e+01 9.361578357519246651e+01 1.694843766470576440e+00 1.525714757970519475e+00 1.429191776549753712e+00 1.429191776549753712e+00 1.429191776549753712e+00 1.429191776549753712e+00
1.429191776549753712e+00 1.429191776549753712e+00 1.429191776549753712e+00 1.429191776549753712e+00 1.429191776549753712e+00 1.429191776549753712e+00 1.582438332434558781e+00 1.582438332434558781e+00 3.383480613846181484e+01 7.328344286068233515e+00 1.694843766470576440e+00 1.525714757970519475e+00 1.429191776549753712e+00 1.429191776549753712e+00 1.429191776549753712e+00 1.429191776549753712e+00
1.429191776549753712e+00 1.429191776549753712e+00 1.429191776549753712e+00 1.429191776549753712e+00 1.429191776549753712e+00 1.429191776549753712e+00 1.429191776549753712e+00 1.625654779718090470e+00 3.121320103130228318e+01 2.482581166320742128e+01 1.525714757970519475e+00 1.525714757970519475e+00 1.429191776549753712e+00 1.429191776549753712e+00 1.429191776549753712e+00 1.429191776549753712e+00
