1.415980399943000378e+01 1.415980399943000378e+01 1.415980399943000378e+01 1.415980399943000378e+01 1.415980399943000378e+01 1.415980399943000378e+01 1.415980399943000378e+01 1.415980399943000378e+01 1.415980399943000378e+01 2.285300915992778670e+01 3.027193505059834422e+01 4.310742964037326885e+01 5.568556881635904432e+01 5.568556881635904432e+01 6.315074771957556976e+01 5.283573117746720982e+01
1.415980399943000378e+01 1.415980399943000378e+01 1.415980399943000378e+01 1.415980399943000378e+01 1.415980399943000378e+01 1.415980399943000378e+01 1.415980399943000378e+01 1.415980399943000378e+01 1.415980399943000378e+01 2.574041251590023549e+01 3.710043423469605273e+01 5.568556881635904432e+01 7.151394643788914607e+01 8.332980712956182856e+01 7.909077639556333850e+01 7.365126620865029849e+01
1.415980399943000378e+01 1.415980399943000378e+01 1.415980399943000378e+01 1.415980399943000378e+01 1.415980399943000378e+01 1.415980399943000378e+01 1.415980399943000378e+01 1.415980399943000378e+01 2.574041251590023549e+01 3.392274122586365337e+01 5.568556881635904432e+01 6.644965864997990934e+01 8.332980712956182856e+01 9.005377764926105044e+01 9.155012029129406415e+01 7.365126620865029849e+01
1.415980399943000378e+01 1.415980399943000378e+01 1.415980399943000378e+01 1.415980399943000378e+01 1.415980399943000378e+01 1.415980399943000378e+01 1.415980399943000378e+01 2.574041251590023549e+01 3.027193505059834422e+01 4.925052631411242032e+01 5.925908852065112598e+01 8.332980712956182856e+01 9.005377764926105044e+01 9.353098304793456919e+01 8.778196673079278867e+01 7.365126620865029849e+01
1.415980399943000378e+01 1.415980399943000378e+01 1.415980399943000378e+01 1.415980399943000378e+01 1.415980399943000378e+01 1.415980399943000378e+01 2.351774481652417137e+01 3.027193505059834422e+01 4.925052631411242032e+01 5.925908852065112598e+01 7.474330437175761688e+01 9.005377764926105044e+01 9.353098304793456919e+01 8.778196673079278867e+01 7.909077639556333850e+01 6.479239026983539418e+01
1.415980399943000378e+01 1.415980399943000378e+01 1.415980399943000378e+01 1.415980399943000378e+01 1.415980399943000378e+01 2.351774481652417137e+01 3.027193505059834422e+01 4.310742964037326885e+01 5.925908852065112598e+01 7.474330437175761688e+01 8.332980712956182856e+01 9.353098304793456919e+01 8.778196673079278867e+01 8.167495940133601096e+01 6.479239026983539418e+01 5.036146062938192358e+01
1.415980399943000378e+01 1.415980399943000378e+01 1.415980399943000378e+01 1.415980399943000378e+01 2.285300915992778670e+01 2.574041251590023549e+01 4.310742964037326885e+01 5.925908852065112598e+01 7.474330437175761688e+01 8.332980712956182856e+01 9.353098304793456919e+01 8.778196673079278867e+01 8.167495940133601096e+01 6.479239026983539418e+01 5.036146062938192358e+01 4.058830566288535380e+01
1.415980399943000378e+01 1.415980399943000378e+01 1.415980399943000378e+01 1.415980399943000378e+01 2.574041251590023549e+01 4.310742964037326885e+01 5.925908852065112598e+01 7.474330437175761688e+01 8.332980712956182856e+01 9.353098304793456919e+01 8.778196673079278867e+01 7.909077639556333850e+01 6.479239026983539418e+01 5.036146062938192358e+01 4.058830566288535380e+01 2.771270267558771394e+01
1.415980399943000378e+01 1.415980399943000378e+01 1.415980399943000378e+01 2.574041251590023549e+01 4.310742964037326885e+01 5.568556881635904432e+01 7.474330437175761688e+01 8.332980712956182856e+01 9.155012029129406415e+01 8.778196673079278867e+01 7.735595478164582062e+01 6.479239026983539418e+01 5.036146062938192358e+01 4.058830566288535380e+01 2.771270267558771394e+01 2.174507337411661467e+01
1.415980399943000378e+01 1.415980399943000378e+01 2.574041251590023549e+01 3.392274122586365337e+01 5.568556881635904432e+01 7.151394643788914607e+01 8.332980712956182856e+01 9.353098304793456919e+01 8.778196673079278867e+01 7.735595478164582062e+01 6.479239026983539418e+01 5.283573117746720982e+01 4.058830566288535380e+01 2.771270267558771394e+01 2.174507337411661467e+01 1.415980399943000378e+01
1.415980399943000378e+01 2.351774481652417137e+01 3.392274122586365337e+01 5.568556881635904432e+01 6.644965864997990934e+01 8.332980712956182856e+01 9.353098304793456919e+01 8.778196673079278867e+01 8.167495940133601096e+01 6.479239026983539418e+01 5.283573117746720982e+01 2.771270267558771394e+01 2.771270267558771394e+01 2.174507337411661467e+01 1.415980399943000378e+01 1.415980399943000378e+01
1.415980399943000378e+01 2.574041251590023549e+01 4.310742964037326885e+01 5.925908852065112598e+01 8.071314314044744265e+01 9.005377764926105044e+01 9.353098304793456919e+01 8.167495940133601096e+01 6.479239026983539418e+01 5.283573117746720982e+01 3.489974904520716592e+01 2.771270267558771394e+01 2.174507337411661467e+01 1.415980399943000378e+01 1.415980399943000378e+01 1.415980399943000378e+01
2.574041251590023549e+01 3.392274122586365337e+01 5.568556881635904432e+01 7.474330437175761688e+01 8.332980712956182856e+01 9.353098304793456919e+01 8.778196673079278867e+01 7.365126620865029849e+01 5.844368108113071258e+01 4.058830566288535380e+01 2.771270267558771394e+01 2.174507337411661467e+01 1.415980399943000378e+01 1.415980399943000378e+01 1.415980399943000378e+01 1.415980399943000378e+01
3.188942057772773353e+01 4.925052631411242032e+01 6.644965864997990934e+01 8.071314314044744265e+01 9.353098304793456919e+01 8.778196673079278867e+01 7.909077639556333850e+01 6.479239026983539418e+01 4.260693829546428191e+01 2.771270267558771394e+01 2.174507337411661467e+01 1.415980399943000378e+01 1.415980399943000378e+01 1.415980399943000378e+01 1.415980399943000378e+01 1.415980399943000378e+01
3.392274122586365337e+01 5.568556881635904432e+01 7.474330437175761688e+01 8.332980712956182856e+01 9.353098304793456919e+01 8.167495940133601096e+01 6.479239026983539418e+01 5.283573117746720982e+01 2.771270267558771394e+01 2.174507337411661467e+01 1.415980399943000378e+01 1.415980399943000378e+01 1.415980399943000378e+01 1.415980399943000378e+01 1.415980399943000378e+01 1.415980399943000378e+01
4.310742964037326885e+01 5.925908852065112598e+01 8.071314314044744265e+01 9.353098304793456919e+01 8.778196673079278867e+01 7.365126620865029849e+01 5.844368108113071258e+01 4.058830566288535380e+01 2.771270267558771394e+01 1.415980399943000378e+01 1.415980399943000378e+01 1.415980399943000378e+01 1.415980399943000378e+01 1.415980399943000378e+01 1.415980399943000378e+01 1.415980399943000378e+01
