4.925495132243587371e+00 9.986864160234080856e+00 7.838580027400744221e+00 4.925495132243587371e+00 7.085351583716549051e+00 9.986864160234080856e+00 2.769082790308059572e+01 7.085351583716549051e+00 7.085351583716549051e+00 4.938478209794100238e+00 2.231444845964986268e+00 2.231444845964986268e+00 2.231444845964986268e+00 2.231444845964986268e+00 2.231444845964986268e+00 2.231444845964986268e+00
8.999660540849161450e+00 7.143991042016769377e+00 8.999660540849161450e+00 2.947745886407810190e+01 1.228156511597331217e+02 1.504856927712379502e+02 1.504856927712379502e+02 8.139542193877115039e+01 9.986864160234080856e+00 2.769082790308059572e+01 7.085351583716549051e+00 4.938478209794100238e+00 2.231444845964986268e+00 2.231444845964986268e+00 2.231444845964986268e+00 2.231444845964986268e+00
2.815630162110827950e+00 7.143991042016769377e+00 2.856072365452024187e+01 4.857487070262304307e+00 1.419565486759209421e+02 1.419565486759209421e+02 1.310108536798014427e+02 1.145094652854639889e+02 1.504856927712379502e+02 9.426871069054719499e+01 8.139542193877115039e+01 3.240195830251476394e+01 7.085351583716549051e+00 4.938478209794100238e+00 2.231444845964986268e+00 2.231444845964986268e+00
2.231444845964986268e+00 2.815630162110827950e+00 2.815630162110827950e+00 2.815630162110827950e+00 2.815630162110827950e+00 2.815630162110827950e+00 8.241473279507891903e+01 8.241473279507891903e+01 1.310108536798014427e+02 1.419565486759209421e+02 1.505674892502410103e+02 1.317948972417154607e+02 1.943114675707372996e+01 9.986864160234080856e+00 4.938478209794100238e+00 2.231444845964986268e+00
2.231444845964986268e+00 2.231444845964986268e+00 2.231444845964986268e+00 2.231444845964986268e+00 2.815630162110827950e+00 2.815630162110827950e+00 2.815630162110827950e+00 2.815630162110827950e+00 3.183751887661437152e+01 8.142671147728228220e+01 1.419565486759209421e+02 1.505674892502410103e+02 1.105840471378449905e+02 9.986864160234080856e+00 1.190663428899650356e+01 2.231444845964986268e+00
2.231444845964986268e+00 2.231444845964986268e+00 2.231444845964986268e+00 2.231444845964986268e+00 2.231444845964986268e+00 2.231444845964986268e+00 2.231444845964986268e+00 2.231444845964986268e+00 2.815630162110827950e+00 4.857487070262304307e+00 8.142671147728228220e+01 1.505674892502410103e+02 1.418041422854191467e+02 9.986864160234080856e+00 1.190663428899650356e+01 2.231444845964986268e+00
2.231444845964986268e+00 2.231444845964986268e+00 2.231444845964986268e+00 2.231444845964986268e+00 2.231444845964986268e+00 2.231444845964986268e+00 2.231444845964986268e+00 2.231444845964986268e+00 2.231444845964986268e+00 1.246735838095702320e+01 2.231809105458060927e+01 1.408280384179781208e+02 1.169032757461350940e+02 1.105840471378449905e+02 7.838580027400744221e+00 2.231444845964986268e+00
2.231444845964986268e+00 2.231444845964986268e+00 2.231444845964986268e+00 2.231444845964986268e+00 2.231444845964986268e+00 2.231444845964986268e+00 2.231444845964986268e+00 2.231444845964986268e+00 2.231444845964986268e+00 4.925495132243587371e+00 4.925495132243587371e+00 1.505674892502410103e+02 1.169032757461350940e+02 2.708794530363829978e+01 7.838580027400744221e+00 2.231444845964986268e+00
2.231444845964986268e+00 2.231444845964986268e+00 2.231444845964986268e+00 2.231444845964986268e+00 2.231444845964986268e+00 2.231444845964986268e+00 2.231444845964986268e+00 2.231444845964986268e+00 2.231444845964986268e+00 4.925495132243587371e+00 2.947745886407810190e+01 1.408280384179781208e+02 1.399935726719569971e+02 2.708794530363829978e+01 2.231444845964986268e+00 2.231444845964986268e+00
2.231444845964986268e+00 2.231444845964986268e+00 2.231444845964986268e+00 2.231444845964986268e+00 2.231444845964986268e+00 2.231444845964986268e+00 2.231444845964986268e+00 2.231444845964986268e+00 2.231444845964986268e+00 4.925495132243587371e+00 2.947745886407810190e+01 1.169032757461350940e+02 9.762581214217028958e+01 7.838580027400744221e+00 2.231444845964986268e+00 2.231444845964986268e+00
2.231444845964986268e+00 2.231444845964986268e+00 2.231444845964986268e+00 2.231444845964986268e+00 2.231444845964986268e+00 2.231444845964986268e+00 2.231444845964986268e+00 2.231444845964986268e+00 2.231444845964986268e+00 4.925495132243587371e+00 7.585082433310854810e+01 1.169032757461350940e+02 3.979832766813098033e+01 7.838580027400744221e+00 2.231444845964986268e+00 2.231444845964986268e+00
2.231444845964986268e+00 2.231444845964986268e+00 2.231444845964986268e+00 2.231444845964986268e+00 2.231444845964986268e+00 2.231444845964986268e+00 2.231444845964986268e+00 2.231444845964986268e+00 4.925495132243587371e+00 4.925495132243587371e+00 1.505674892502410103e+02 1.410716213187355095e+02 3.979832766813098033e+01 2.231444845964986268e+00 2.231444845964986268e+00 2.231444845964986268e+00
2.231444845964986268e+00 2.231444845964986268e+00 2.231444845964986268e+00 2.231444845964986268e+00 2.231444845964986268e+00 2.231444845964986268e+00 2.231444845964986268e+00 4.925495132243587371e+00 4.925495132243587371e+00 2.947745886407810190e+01 1.408280384179781208e+02 3.004434502362731507e+01 7.838580027400744221e+00 2.231444845964986268e+00 2.231444845964986268e+00 2.231444845964986268e+00
2.231444845964986268e+00 2.231444845964986268e+00 2.231444845964986268e+00 2.231444845964986268e+00 2.231444845964986268e+00 2.231444845964986268e+00 2.231444845964986268e+00 7.143991042016769377e+00 2.947745886407810190e+01 1.402504644300809957e+02 1.169032757461350940e+02 2.708794530363829978e+01 7.838580027400744221e+00 2.231444845964986268e+00 2.231444845964986268e+00 2.231444845964986268e+00
2.231444845964986268e+00 2.231444845964986268e+00 2.231444845964986268e+00 2.231444845964986268e+00 2.231444845964986268e+00 2.231444845964986268e+00 2.231444845964986268e+00 4.925495132243587371e+00 7.585082433310854810e+01 1.419565486759209421e+02 1.145094652854639889e+02 3.979832766813098033e+01 2.231444845964986268e+00 2.231444845964986268e+00 2.231444845964986268e+00 2.231444845964986268e+00
2.231444845964986268e+00 2.231444845964986268e+00 2.231444845964986268e+00 2.231444845964986268e+00 2.231444845964986268e+00 2.231444845964986268e+00 2.231444845964986268e+00 4.925495132243587371e+00 2.947745886407810190e+01 1.419565486759209421e+02 8.204544746826034896e+01 3.979832766813098033e+01 2.231444845964986268e+00 2.231444845964986268e+00 2.231444845964986268e+00 2.231444845964986268e+00
