3.531159578384639453e+00 3.531159578384639453e+00 7.884280754098957011e+00 1.574222556925880667e+01 2.262499397793781597e+01 3.122619218716330991e+01 3.955804392878566489e+01 5.307523861520136421e+01 5.939386747370900110e+01 6.470208862706994069e+01 6.125688544344362896e+01 6.125688544344362896e+01 6.125688544344362896e+01 5.327831207015039183e+01 4.885637447078713080e+01 3.821803125709242011e+01
3.531159578384639453e+00 3.531159578384639453e+00 7.884280754098957011e+00 1.574222556925880667e+01 2.505011617452640849e+01 3.427501631191879028e+01 4.291902378293908527e+01 5.496445167320184311e+01 6.635555723671319583e+01 6.544758129311962591e+01 6.544758129311962591e+01 7.051432390594818855e+01 6.546787105486515657e+01 6.304553087112847720e+01 5.327831207015039183e+01 4.326972478412151446e+01
3.531159578384639453e+00 7.884280754098957011e+00 1.574222556925880667e+01 2.110701906001396821e+01 2.505011617452640849e+01 3.427501631191879028e+01 4.575444910362499229e+01 5.737432988361698705e+01 6.186574935747200499e+01 6.353809678256661186e+01 6.353809678256661186e+01 6.353809678256661186e+01 6.353809678256661186e+01 6.512279006736382314e+01 5.522794666889759441e+01 4.326972478412151446e+01
7.884280754098957011e+00 1.574222556925880667e+01 1.574222556925880667e+01 2.262499397793781597e+01 2.706943121676304287e+01 3.040635781814200556e+01 3.707402336960634415e+01 4.575444910362499229e+01 5.038739745655150415e+01 5.038739745655150415e+01 5.061833555785363359e+01 5.061833555785363359e+01 5.061833555785363359e+01 5.179057638402360197e+01 4.966627972138266500e+01 3.837316252972681241e+01
1.574222556925880667e+01 1.574222556925880667e+01 2.399895667318427783e+01 2.310482435955172775e+01 2.552687671592985907e+01 2.706943121676304287e+01 3.040635781814200556e+01 3.294752189236299955e+01 3.294752189236299955e+01 3.294752189236299955e+01 3.294752189236299955e+01 3.294752189236299955e+01 3.294752189236299955e+01 3.294752189236299955e+01 3.597684941991794716e+01 3.057072500360293787e+01
1.574222556925880667e+01 2.491567012979014351e+01 2.911992560325064261e+01 3.298977829555805386e+01 3.821803125709242011e+01 3.103033747808384746e+01 2.455108561666610001e+01 2.362486956817586403e+01 2.362486956817586403e+01 2.362486956817586403e+01 2.362486956817586403e+01 2.362486956817586403e+01 2.362486956817586403e+01 2.362486956817586403e+01 2.362486956817586403e+01 2.413007323935489268e+01
2.262499397793781597e+01 3.122619218716330991e+01 3.905846865983611593e+01 4.662058525424495059e+01 4.445072016433496742e+01 3.643734573363914819e+01 2.615584270645266329e+01 2.187256806546151466e+01 2.063918627377399417e+01 1.574222556925880667e+01 1.574222556925880667e+01 1.574222556925880667e+01 1.574222556925880667e+01 1.574222556925880667e+01 2.063918627377399417e+01 1.574222556925880667e+01
2.505011617452640849e+01 3.828332811748287412e+01 4.841942721306894981e+01 5.587351878637964120e+01 6.125688544344362896e+01 4.676348413381428060e+01 3.643734573363914819e+01 2.386538491569505283e+01 1.574222556925880667e+01 1.574222556925880667e+01 7.884280754098957011e+00 7.884280754098957011e+00 7.884280754098957011e+00 7.884280754098957011e+00 7.884280754098957011e+00 7.884280754098957011e+00
2.505011617452640849e+01 4.199018292870795221e+01 5.433982767347998788e+01 6.635555723671319583e+01 6.874076974659632810e+01 5.327831207015039183e+01 4.676348413381428060e+01 3.103033747808384746e+01 2.386538491569505283e+01 1.574222556925880667e+01 7.884280754098957011e+00 7.884280754098957011e+00 7.884280754098957011e+00 7.884280754098957011e+00 7.884280754098957011e+00 7.884280754098957011e+00
2.609233891357333945e+01 3.707402336960634415e+01 5.433982767347998788e+01 7.001659012017736927e+01 7.474742786765719416e+01 7.355468143760201372e+01 5.327831207015039183e+01 4.676348413381428060e+01 3.103033747808384746e+01 2.386538491569505283e+01 7.884280754098957011e+00 7.884280754098957011e+00 7.884280754098957011e+00 3.531159578384639453e+00 3.531159578384639453e+00 3.531159578384639453e+00
2.344548282983926413e+01 3.240604429976831113e+01 4.695316325342213304e+01 6.808669875355538181e+01 7.844902607179642473e+01 7.616718957826923031e+01 6.874076974659632810e+01 5.327831207015039183e+01 4.445072016433496742e+01 3.103033747808384746e+01 2.386538491569505283e+01 7.884280754098957011e+00 7.884280754098957011e+00 7.884280754098957011e+00 7.884280754098957011e+00 3.531159578384639453e+00
1.574222556925880667e+01 2.609233891357333945e+01 4.170066305612757418e+01 5.737432988361698705e+01 6.447475190557446467e+01 7.844902607179642473e+01 7.051432390594818855e+01 6.125688544344362896e+01 5.327831207015039183e+01 4.676348413381428060e+01 3.103033747808384746e+01 2.386538491569505283e+01 7.884280754098957011e+00 7.884280754098957011e+00 7.884280754098957011e+00 3.531159578384639453e+00
7.884280754098957011e+00 2.063918627377399417e+01 3.240604429976831113e+01 4.170066305612757418e+01 5.737432988361698705e+01 6.447475190557446467e+01 6.702493327611213658e+01 7.051432390594818855e+01 6.125688544344362896e+01 5.327831207015039183e+01 4.676348413381428060e+01 3.103033747808384746e+01 2.386538491569505283e+01 7.884280754098957011e+00 7.884280754098957011e+00 7.884280754098957011e+00
7.884280754098957011e+00 7.884280754098957011e+00 2.063918627377399417e+01 3.240604429976831113e+01 4.170066305612757418e+01 5.038739745655150415e+01 6.496152023820579302e+01 6.702493327611213658e+01 7.051432390594818855e+01 6.125688544344362896e+01 5.327831207015039183e+01 4.110452070860131357e+01 2.615584270645266329e+01 2.310482435955172775e+01 7.884280754098957011e+00 7.884280754098957011e+00
7.884280754098957011e+00 7.884280754098957011e+00 7.884280754098957011e+00 2.063918627377399417e+01 3.240604429976831113e+01 4.170066305612757418e+01 4.725540117473100565e+01 6.186574935747200499e+01 6.635555723671319583e+01 7.051432390594818855e+01 6.125688544344362896e+01 5.015254844989028271e+01 3.643734573363914819e+01 2.386538491569505283e+01 7.884280754098957011e+00 7.884280754098957011e+00
3.531159578384639453e+00 7.884280754098957011e+00 7.884280754098957011e+00 7.884280754098957011e+00 2.063918627377399417e+01 3.040635781814200556e+01 3.438483897545043533e+01 4.725540117473100565e+01 6.186574935747200499e+01 6.702493327611213658e+01 6.769919071392465071e+01 5.160806213874309378e+01 3.454190652745608503e+01 2.615584270645266329e+01 1.574222556925880667e+01 7.884280754098957011e+00
