1.429191776549753712e+00 1.429191776549753712e+00 1.505820282533145704e+00 3.451251264350893688e+00 4.863345940520431299e+01 1.312129078440208048e+02 1.425896555810054736e+02 6.600749880237533773e+01 1.694843766470576440e+00 1.525714757970519475e+00 1.429191776549753712e+00 1.429191776549753712e+00 1.505820282533145704e+00 1.429191776549753712e+00 1.429191776549753712e+00 1.567403421855742884e+00
1.429191776549753712e+00 1.505820282533145704e+00 1.713879342711117415e+00 1.713879342711117415e+00 1.423007465436452321e+02 1.645129586750803696e+02 1.077977682476229973e+02 1.788494826497445622e+00 1.525714757970519475e+00 1.429191776549753712e+00 1.429191776549753712e+00 1.429191776549753712e+00 1.429191776549753712e+00 1.429191776549753712e+00 1.525714757970519475e+00 1.525714757970519475e+00
1.429191776549753712e+00 1.505820282533145704e+00 1.582438332434558781e+00 4.082792637366374322e+01 1.381982474350001269e+02 1.620465130611106872e+02 1.163211951133767741e+02 1.625654779718090470e+00 1.525714757970519475e+00 1.429191776549753712e+00 1.429191776549753712e+00 1.505820282533145704e+00 1.429191776549753712e+00 1.429191776549753712e+00 1.429191776549753712e+00 1.429191776549753712e+00
1.505820282533145704e+00 1.788494826497445622e+00 1.842403187626216576e+00 4.082792637366374322e+01 1.599036223656938205e+02 1.163211951133767741e+02 1.694843766470576440e+00 1.525714757970519475e+00 1.429191776549753712e+00 1.429191776549753712e+00 1.429191776549753712e+00 1.429191776549753712e+00 1.429191776549753712e+00 1.429191776549753712e+00 1.429191776549753712e+00 1.429191776549753712e+00
1.505820282533145704e+00 1.767682422936826425e+00 1.582438332434558781e+00 3.383480613846181484e+01 1.451570334658058528e+02 1.282936754432998612e+02 4.480931149724488449e+01 1.840618840530330091e+00 1.429191776549753712e+00 1.429191776549753712e+00 1.429191776549753712e+00 1.505820282533145704e+00 2.096642234117325199e+00 1.429191776549753712e+00 1.429191776549753712e+00 1.429191776549753712e+00
1.429191776549753712e+00 1.429191776549753712e+00 1.582438332434558781e+00 1.806457169970574483e+00 6.097917222582751151e+01 1.303682434484837529e+02 1.233363911565617173e+02 1.059266315577576307e+02 2.096642234117325199e+00 1.790129517807346815e+01 2.464034703686591055e+00 2.464034703686591055e+00 1.788494826497445622e+00 1.625654779718090470e+00 1.582438332434558781e+00 1.429191776549753712e+00
1.429191776549753712e+00 1.429191776549753712e+00 1.625654779718090470e+00 1.582438332434558781e+00 1.582438332434558781e+00 1.582438332434558781e+00 1.538505530933670968e+02 1.628355277782951305e+02 1.312129078440208048e+02 8.137250775084388010e+01 1.312129078440208048e+02 3.900282400429640717e+01 3.098118876671362543e+00 1.694843766470576440e+00 1.582438332434558781e+00 1.582438332434558781e+00
1.429191776549753712e+00 1.429191776549753712e+00 1.525714757970519475e+00 1.567403421855742884e+00 1.582438332434558781e+00 1.582438332434558781e+00 9.655657881132776765e+01 1.599036223656938205e+02 1.645129586750803696e+02 1.628355277782951305e+02 1.645129586750803696e+02 9.765218222770940315e+01 6.531143708228549372e+01 1.694843766470576440e+00 1.567403421855742884e+00 1.582438332434558781e+00
1.429191776549753712e+00 1.429191776549753712e+00 1.525714757970519475e+00 1.429191776549753712e+00 1.505820282533145704e+00 1.505820282533145704e+00 1.874627129948019189e+01 1.423007465436452321e+02 1.645129586750803696e+02 1.638048777496647688e+02 1.645129586750803696e+02 1.517902403406872338e+02 6.531143708228549372e+01 1.694843766470576440e+00 1.567403421855742884e+00 1.567403421855742884e+00
1.429191776549753712e+00 1.429191776549753712e+00 1.429191776549753712e+00 1.429191776549753712e+00 1.505820282533145704e+00 1.713879342711117415e+00 1.874627129948019189e+01 1.241671403719268625e+02 1.645129586750803696e+02 1.608327259364200188e+02 1.616131470769851148e+02 1.638048777496647688e+02 1.547247358898350740e+02 3.325871947167834719e+01 1.567403421855742884e+00 1.525714757970519475e+00
1.429191776549753712e+00 1.429191776549753712e+00 1.429191776549753712e+00 1.429191776549753712e+00 1.505820282533145704e+00 1.582438332434558781e+00 7.657463812231662814e+01 1.241671403719268625e+02 1.425896555810054736e+02 1.616131470769851148e+02 2.482581166320742128e+01 8.142671147728228220e+01 1.538505530933670968e+02 6.531143708228549372e+01 1.694843766470576440e+00 1.567403421855742884e+00
1.429191776549753712e+00 1.429191776549753712e+00 1.429191776549753712e+00 1.429191776549753712e+00 1.429191776549753712e+00 1.505820282533145704e+00 1.185787988700877236e+02 1.314023362213549717e+02 1.077977682476229973e+02 1.806457169970574483e+00 2.300022832961495567e+01 1.582438332434558781e+00 1.451570334658058528e+02 5.135074578730662864e+01 1.944306667598198812e+00 1.840618840530330091e+00
1.429191776549753712e+00 1.429191776549753712e+00 1.429191776549753712e+00 1.505820282533145704e+00 3.451251264350893688e+00 1.713879342711117415e+00 1.599036223656938205e+02 1.608327259364200188e+02 3.363867394007790068e+01 3.363867394007790068e+01 5.788950088982395492e+00 1.713879342711117415e+00 1.874627129948019189e+01 4.689952441181834963e+00 1.981269105773677097e+00 1.713879342711117415e+00
1.429191776549753712e+00 1.429191776549753712e+00 1.505820282533145704e+00 1.788494826497445622e+00 1.842403187626216576e+00 4.082792637366374322e+01 1.645129586750803696e+02 1.517902403406872338e+02 9.765218222770940315e+01 2.388511851606381953e+01 5.388844078821361627e+00 5.823228653738263816e+00 2.482581166320742128e+01 1.788494826497445622e+00 1.675818109616792118e+00 1.824045474040495662e+00
1.429191776549753712e+00 1.429191776549753712e+00 1.505820282533145704e+00 1.788494826497445622e+00 1.582438332434558781e+00 4.082792637366374322e+01 1.638048777496647688e+02 1.638048777496647688e+02 1.547247358898350740e+02 1.353185277794280239e+02 2.388511851606381953e+01 5.064599531903341223e+00 6.821992578359468595e+00 1.625654779718090470e+00 1.582438332434558781e+00 1.696021543440042079e+00
1.429191776549753712e+00 1.429191776549753712e+00 1.429191776549753712e+00 1.525714757970519475e+00 1.582438332434558781e+00 3.383480613846181484e+01 1.451570334658058528e+02 1.425896555810054736e+02 1.387660850434961901e+02 1.282936754432998612e+02 6.589850976193322651e+01 2.482581166320742128e+01 1.625654779718090470e+00 1.525714757970519475e+00 1.567403421855742884e+00 1.429191776549753712e+00
