1.505820282533145704e+00 1.505820282533145704e+00 1.505820282533145704e+00 1.534983266909443644e+00 1.534983266909443644e+00 1.505820282533145704e+00 1.505820282533145704e+00 1.505820282533145704e+00 3.813694197530632657e+00 1.788494826497445622e+00 1.584816097561938086e+00 1.505820282533145704e+00 1.505820282533145704e+00 1.505820282533145704e+00 1.505820282533145704e+00 1.505820282533145704e+00
1.505820282533145704e+00 1.505820282533145704e+00 1.534983266909443644e+00 1.505820282533145704e+00 1.505820282533145704e+00 1.505820282533145704e+00 1.534983266909443644e+00 1.505820282533145704e+00 3.813694197530632657e+00 1.788494826497445622e+00 1.584816097561938086e+00 1.505820282533145704e+00 1.505820282533145704e+00 1.505820282533145704e+00 1.505820282533145704e+00 1.505820282533145704e+00
1.505820282533145704e+00 1.505820282533145704e+00 1.505820282533145704e+00 1.505820282533145704e+00 1.505820282533145704e+00 1.505820282533145704e+00 1.505820282533145704e+00 1.505820282533145704e+00 3.813694197530632657e+00 1.788494826497445622e+00 1.584816097561938086e+00 1.505820282533145704e+00 1.505820282533145704e+00 1.505820282533145704e+00 1.505820282533145704e+00 1.505820282533145704e+00
1.505820282533145704e+00 1.534983266909443644e+00 1.505820282533145704e+00 1.505820282533145704e+00 1.505820282533145704e+00 1.505820282533145704e+00 1.505820282533145704e+00 1.505820282533145704e+00 1.881599380042666469e+00 1.788494826497445622e+00 1.625654779718090470e+00 1.505820282533145704e+00 1.505820282533145704e+00 1.505820282533145704e+00 1.505820282533145704e+00 1.505820282533145704e+00
1.505820282533145704e+00 1.505820282533145704e+00 1.505820282533145704e+00 1.505820282533145704e+00 1.505820282533145704e+00 1.505820282533145704e+00 1.534983266909443644e+00 1.505820282533145704e+00 1.788494826497445622e+00 1.625654779718090470e+00 1.625654779718090470e+00 1.505820282533145704e+00 1.505820282533145704e+00 1.505820282533145704e+00 1.505820282533145704e+00 1.505820282533145704e+00
1.505820282533145704e+00 1.505820282533145704e+00 1.505820282533145704e+00 1.505820282533145704e+00 1.505820282533145704e+00 1.625654779718090470e+00 1.505820282533145704e+00 1.584816097561938086e+00 1.625654779718090470e+00 1.625654779718090470e+00 1.625654779718090470e+00 1.584816097561938086e+00 1.584816097561938086e+00 1.505820282533145704e+00 1.505820282533145704e+00 1.505820282533145704e+00
1.505820282533145704e+00 1.505820282533145704e+00 1.505820282533145704e+00 1.534983266909443644e+00 1.534983266909443644e+00 1.505820282533145704e+00 1.505820282533145704e+00 1.788494826497445622e+00 1.584816097561938086e+00 1.625654779718090470e+00 1.584816097561938086e+00 1.584816097561938086e+00 1.505820282533145704e+00 1.505820282533145704e+00 1.505820282533145704e+00 1.505820282533145704e+00
1.505820282533145704e+00 1.505820282533145704e+00 1.534983266909443644e+00 1.505820282533145704e+00 2.040384644082730237e+00 2.040384644082730237e+00 2.388511851606381953e+01 3.277058384116439349e+00 1.840618840530330091e+00 1.534983266909443644e+00 1.505820282533145704e+00 1.788494826497445622e+00 1.505820282533145704e+00 1.505820282533145704e+00 1.505820282533145704e+00 1.505820282533145704e+00
1.505820282533145704e+00 1.505820282533145704e+00 2.040384644082730237e+00 2.464034703686591055e+00 2.464034703686591055e+00 2.464034703686591055e+00 8.137250775084388010e+01 8.137250775084388010e+01 3.325871947167834719e+01 2.040384644082730237e+00 1.788494826497445622e+00 1.625654779718090470e+00 1.584816097561938086e+00 1.505820282533145704e+00 1.505820282533145704e+00 1.505820282533145704e+00
1.505820282533145704e+00 1.903717856779896467e+00 3.871252899755895527e+01 1.101250243036292318e+02 1.604789573705347436e+02 1.611846240115044395e+02 1.363789309231182756e+02 1.328196966405324417e+02 9.573331852798842689e+00 2.780835487855454957e+01 1.832513208183254028e+00 1.788494826497445622e+00 1.534983266909443644e+00 1.584816097561938086e+00 1.505820282533145704e+00 1.806457169970574483e+00
1.505820282533145704e+00 4.612566517398678911e+01 1.604789573705347436e+02 1.616309778549745033e+02 1.631864785229002450e+02 1.506706308704270612e+02 1.516639139797889300e+02 1.344575259938945919e+02 1.081489139166406233e+02 2.736864033481669978e+01 1.788494826497445622e+00 1.806457169970574483e+00 1.505820282533145704e+00 1.505820282533145704e+00 2.040384644082730237e+00 2.040384644082730237e+00
4.082792637366374322e+01 1.599036223656938205e+02 1.631864785229002450e+02 1.506706308704270612e+02 1.516126820851067691e+02 1.344575259938945919e+02 1.015026148573381022e+02 1.806457169970574483e+00 1.806457169970574483e+00 3.291824421820384039e+00 1.788494826497445622e+00 1.767682422936826425e+00 1.824045474040495662e+00 1.903717856779896467e+00 1.036679717271071510e+01 4.424437968816197220e+00
7.657463812231662814e+01 1.631864785229002450e+02 1.616309778549745033e+02 1.326910232332856765e+02 9.468098134200126026e+01 1.806457169970574483e+00 1.625654779718090470e+00 1.625654779718090470e+00 1.806457169970574483e+00 1.788494826497445622e+00 1.625654779718090470e+00 1.584816097561938086e+00 1.824045474040495662e+00 2.040384644082730237e+00 1.262551383026335827e+01 1.903717856779896467e+00
1.123410349759825522e+01 9.172611720514622391e+01 1.344575259938945919e+02 2.067762597403254432e+01 1.625654779718090470e+00 1.625654779718090470e+00 1.625654779718090470e+00 1.534983266909443644e+00 1.505820282533145704e+00 1.584816097561938086e+00 1.625654779718090470e+00 1.584816097561938086e+00 1.625654779718090470e+00 1.806457169970574483e+00 1.806457169970574483e+00 1.806457169970574483e+00
1.584816097561938086e+00 1.806457169970574483e+00 1.806457169970574483e+00 1.625654779718090470e+00 1.625654779718090470e+00 1.534983266909443644e+00 1.505820282533145704e+00 1.505820282533145704e+00 1.534983266909443644e+00 1.534983266909443644e+00 1.584816097561938086e+00 1.584816097561938086e+00 1.584816097561938086e+00 1.625654779718090470e+00 1.584816097561938086e+00 1.625654779718090470e+00
1.505820282533145704e+00 1.584816097561938086e+00 1.625654779718090470e+00 1.625654779718090470e+00 1.534983266909443644e+00 1.505820282533145704e+00 1.505820282533145704e+00 1.505820282533145704e+00 1.534983266909443644e+00 1.534983266909443644e+00 1.534983266909443644e+00 1.534983266909443644e+00 1.505820282533145704e+00 1.534983266909443644e+00 1.534983266909443644e+00 1.534983266909443644e+00
