1.429729060979490995e+01 2.260654786537268635e+01 2.968033997951524938e+01 4.082156741458099702e+01 5.392097120802671384e+01 6.230044950506459855e+01 7.178577556305214102e+01 7.853061109554005270e+01 7.705050026561129073e+01 7.234457042065032795e+01 6.650481653805863402e+01 5.534419184056410757e+01 4.111076695981293483e+01 3.224572975192074864e+01 2.021685531392824231e+01 1.138057982310261274e+01
1.917712768532535961e+01 2.968033997951524938e+01 4.082156741458099702e+01 5.684769937770074932e+01 7.178577556305214102e+01 8.313851766217679540e+01 9.032536298793772289e+01 9.941624240972042514e+01 9.941624240972042514e+01 9.782500201837616771e+01 8.502415651630691684e+01 7.355468143760201372e+01 5.907455998781303208e+01 4.019659863314314663e+01 2.634356179176718271e+01 2.000886009235952301e+01
2.968033997951524938e+01 4.151062756821365696e+01 5.714030041221831624e+01 7.653935266765748224e+01 9.032536298793772289e+01 9.941624240972042514e+01 1.049223946000001888e+02 1.088012637803931852e+02 1.088012637803931852e+02 1.088012637803931852e+02 9.864190247190578020e+01 8.537028255888111516e+01 6.481409894843383768e+01 4.356657898909884352e+01 2.740253949565562053e+01 2.021685531392824231e+01
3.606403915391376813e+01 5.405221124920397813e+01 7.738191510480299939e+01 9.212339860916077328e+01 9.941624240972042514e+01 1.051461585444770321e+02 1.073459074714740069e+02 1.155901980857755262e+02 1.155901980857755262e+02 1.155901980857755262e+02 1.079431496540102984e+02 9.782500201837616771e+01 7.050298085409099258e+01 4.924260902585130140e+01 2.867692655914961719e+01 1.963117394123969461e+01
4.194902768889316036e+01 6.704773219265824480e+01 8.512718846493777392e+01 1.014568849722958106e+02 1.088012637803931852e+02 1.099273092673364687e+02 1.123541055555102872e+02 1.155901980857755262e+02 1.155901980857755262e+02 1.155901980857755262e+02 1.123541055555102872e+02 9.495757802192204622e+01 7.691298104223922394e+01 4.977154682970942190e+01 2.867692655914961719e+01 1.963117394123969461e+01
4.655571855809812831e+01 6.704773219265824480e+01 9.212339860916077328e+01 1.073459074714740069e+02 1.099273092673364687e+02 1.123541055555102872e+02 1.123541055555102872e+02 1.155901980857755262e+02 1.155901980857755262e+02 1.155901980857755262e+02 1.123541055555102872e+02 9.495757802192204622e+01 7.022732310605005068e+01 4.753981373053441217e+01 2.867692655914961719e+01 2.000886009235952301e+01
4.244304352106584588e+01 6.960897703308057771e+01 9.020453476959772843e+01 1.073459074714740069e+02 1.155901980857755262e+02 1.155901980857755262e+02 1.155901980857755262e+02 1.155901980857755262e+02 0.000000000000000000e+00 1.155901980857755262e+02 1.123541055555102872e+02 8.819283086611318367e+01 7.022732310605005068e+01 4.504612485267759325e+01 2.759581524476710968e+01 2.000886009235952301e+01
3.884011613256937068e+01 5.740904425483253704e+01 8.119183708594222537e+01 9.987159153155968738e+01 1.107445663633710780e+02 1.107445663633710780e+02 1.155901980857755262e+02 1.155901980857755262e+02 0.000000000000000000e+00 1.155901980857755262e+02 1.076174138063917098e+02 8.903829681715609468e+01 6.002018413299403221e+01 4.075269328023337323e+01 2.448596261809960595e+01 1.785893642844382967e+01
3.352216715850762796e+01 4.991833210241719598e+01 7.025175830159983548e+01 8.633746521462508383e+01 9.581085468682337591e+01 1.041545122985979361e+02 1.107445663633710780e+02 1.155901980857755262e+02 0.000000000000000000e+00 1.155901980857755262e+02 1.037596037268596945e+02 8.903829681715609468e+01 6.002018413299403221e+01 4.075269328023337323e+01 2.239089908312269017e+01 1.138057982310261274e+01
2.508220652197011091e+01 3.884011613256937068e+01 5.740904425483253704e+01 6.372627608658368814e+01 7.745865016879275800e+01 8.633746521462508383e+01 9.581085468682337591e+01 1.041545122985979361e+02 1.107445663633710780e+02 1.123541055555102872e+02 1.037596037268596945e+02 8.537028255888111516e+01 6.002018413299403221e+01 3.702539048413556344e+01 2.239089908312269017e+01 1.138057982310261274e+01
1.900467287786091575e+01 2.508220652197011091e+01 3.441335573231974365e+01 4.118125071076553922e+01 5.622097624617246225e+01 6.447475190557446467e+01 7.745865016879275800e+01 9.541126538815095159e+01 1.041545122985979361e+02 1.107445663633710780e+02 1.037596037268596945e+02 8.537028255888111516e+01 6.002018413299403221e+01 3.702539048413556344e+01 2.239089908312269017e+01 1.138057982310261274e+01
1.138057982310261274e+01 1.900467287786091575e+01 2.184652866484952938e+01 2.910610103347176647e+01 3.441335573231974365e+01 4.863171841436514597e+01 5.740904425483253704e+01 7.745865016879275800e+01 9.541126538815095159e+01 1.073459074714740069e+02 1.037596037268596945e+02 8.655346914613808451e+01 6.002018413299403221e+01 3.718277572296367595e+01 2.239089908312269017e+01 1.138057982310261274e+01
3.985974534288546867e+00 1.138057982310261274e+01 1.138057982310261274e+01 2.103733316394941610e+01 2.620407669775597981e+01 3.383159300134894210e+01 4.991833210241719598e+01 6.808669875355538181e+01 8.251739837533192201e+01 9.987159153155968738e+01 1.002204825941503685e+02 8.655346914613808451e+01 6.002018413299403221e+01 3.718277572296367595e+01 2.239089908312269017e+01 1.138057982310261274e+01
3.985974534288546867e+00 3.985974534288546867e+00 6.702669786240643468e+00 1.138057982310261274e+01 1.900467287786091575e+01 2.405016311689978181e+01 3.710558741233958813e+01 5.531892856036142803e+01 8.060964079641587432e+01 9.987159153155968738e+01 1.002204825941503685e+02 8.655346914613808451e+01 6.002018413299403221e+01 3.718277572296367595e+01 2.239089908312269017e+01 1.138057982310261274e+01
3.985974534288546867e+00 3.985974534288546867e+00 3.985974534288546867e+00 1.138057982310261274e+01 1.138057982310261274e+01 1.968836680358451829e+01 3.166425679544171956e+01 5.531892856036142803e+01 7.687652808644639890e+01 9.541126538815095159e+01 1.005453202021727748e+02 8.655346914613808451e+01 6.481409894843383768e+01 4.254782343825163338e+01 2.740253949565562053e+01 1.138057982310261274e+01
3.985974534288546867e+00 3.985974534288546867e+00 3.985974534288546867e+00 3.985974534288546867e+00 1.138057982310261274e+01 1.968836680358451829e+01 3.170692334560349579e+01 5.288784974934593208e+01 6.960897703308057771e+01 9.020453476959772843e+01 9.455567368906409342e+01 8.627569339862763798e+01 6.297132821708313344e+01 4.356657898909884352e+01 2.867692655914961719e+01 2.000886009235952301e+01
