2.095160260765045468e+00 2.095160260765045468e+00 2.044984827171790975e+00 2.044984827171790975e+00 2.044984827171790975e+00 2.044984827171790975e+00 2.044984827171790975e+00 2.044984827171790975e+00 2.044984827171790975e+00 2.044984827171790975e+00 2.044984827171790975e+00 2.044984827171790975e+00 2.112464406492216007e+00 2.112464406492216007e+00 2.112464406492216007e+00 2.112464406492216007e+00
2.095160260765045468e+00 2.095160260765045468e+00 2.044984827171790975e+00 2.044984827171790975e+00 2.044984827171790975e+00 2.044984827171790975e+00 2.044984827171790975e+00 2.044984827171790975e+00 2.044984827171790975e+00 2.044984827171790975e+00 2.044984827171790975e+00 2.044984827171790975e+00 2.112464406492216007e+00 2.575323300512533553e+00 2.044984827171790975e+00 2.044984827171790975e+00
2.095160260765045468e+00 2.044984827171790975e+00 2.044984827171790975e+00 2.044984827171790975e+00 2.044984827171790975e+00 2.044984827171790975e+00 2.112464406492216007e+00 2.112464406492216007e+00 2.112464406492216007e+00 2.112464406492216007e+00 2.112464406492216007e+00 2.112464406492216007e+00 2.575323300512533553e+00 2.112464406492216007e+00 2.231444845964986268e+00 2.044984827171790975e+00
2.044984827171790975e+00 2.044984827171790975e+00 2.044984827171790975e+00 2.044984827171790975e+00 2.044984827171790975e+00 2.044984827171790975e+00 2.044984827171790975e+00 2.112464406492216007e+00 2.095160260765045468e+00 2.112464406492216007e+00 2.044984827171790975e+00 2.112464406492216007e+00 2.575323300512533553e+00 4.077940322224359981e+00 2.044984827171790975e+00 2.044984827171790975e+00
2.044984827171790975e+00 2.044984827171790975e+00 2.044984827171790975e+00 2.044984827171790975e+00 2.112464406492216007e+00 2.044984827171790975e+00 2.044984827171790975e+00 2.095160260765045468e+00 2.044984827171790975e+00 2.044984827171790975e+00 2.044984827171790975e+00 2.044984827171790975e+00 4.077940322224359981e+00 7.143991042016769377e+00 7.017566150972567307e+00 2.112464406492216007e+00
2.044984827171790975e+00 2.044984827171790975e+00 2.044984827171790975e+00 2.044984827171790975e+00 2.112464406492216007e+00 2.044984827171790975e+00 2.044984827171790975e+00 2.044984827171790975e+00 2.044984827171790975e+00 2.044984827171790975e+00 2.044984827171790975e+00 2.575323300512533553e+00 7.169694180876165390e+00 6.380364991992422574e+00 2.112464406492216007e+00 2.095160260765045468e+00
2.044984827171790975e+00 2.044984827171790975e+00 2.044984827171790975e+00 2.044984827171790975e+00 2.044984827171790975e+00 2.044984827171790975e+00 2.044984827171790975e+00 2.044984827171790975e+00 2.044984827171790975e+00 2.044984827171790975e+00 2.575323300512533553e+00 4.077940322224359981e+00 6.237866589616215762e+00 2.044984827171790975e+00 2.095160260765045468e+00 2.095160260765045468e+00
2.044984827171790975e+00 2.044984827171790975e+00 2.044984827171790975e+00 2.044984827171790975e+00 2.095160260765045468e+00 2.044984827171790975e+00 2.044984827171790975e+00 2.044984827171790975e+00 2.044984827171790975e+00 2.575323300512533553e+00 7.169694180876165390e+00 7.169694180876165390e+00 9.573331852798842689e+00 2.044984827171790975e+00 2.095160260765045468e+00 2.095160260765045468e+00
2.044984827171790975e+00 2.044984827171790975e+00 2.044984827171790975e+00 2.044984827171790975e+00 2.044984827171790975e+00 2.044984827171790975e+00 2.044984827171790975e+00 2.044984827171790975e+00 2.575323300512533553e+00 2.112464406492216007e+00 7.143991042016769377e+00 2.231444845964986268e+00 2.112464406492216007e+00 2.095160260765045468e+00 2.095160260765045468e+00 2.044984827171790975e+00
2.044984827171790975e+00 2.044984827171790975e+00 2.044984827171790975e+00 2.575323300512533553e+00 2.044984827171790975e+00 2.044984827171790975e+00 2.575323300512533553e+00 2.575323300512533553e+00 6.237866589616215762e+00 4.077940322224359981e+00 6.237866589616215762e+00 2.044984827171790975e+00 2.044984827171790975e+00 2.095160260765045468e+00 2.095160260765045468e+00 2.044984827171790975e+00
2.044984827171790975e+00 2.044984827171790975e+00 2.575323300512533553e+00 7.169694180876165390e+00 2.180243650963714863e+00 2.128001385167327619e+00 2.575323300512533553e+00 2.575323300512533553e+00 6.014589280327417242e+00 8.733877067007474793e+00 2.231444845964986268e+00 2.231444845964986268e+00 2.044984827171790975e+00 2.095160260765045468e+00 2.044984827171790975e+00 2.044984827171790975e+00
2.044984827171790975e+00 2.044984827171790975e+00 4.077940322224359981e+00 2.947745886407810190e+01 6.095955002713804305e+00 2.180243650963714863e+00 3.127548587546162828e+00 2.112464406492216007e+00 2.231444845964986268e+00 2.112464406492216007e+00 2.095160260765045468e+00 2.095160260765045468e+00 2.044984827171790975e+00 2.095160260765045468e+00 2.044984827171790975e+00 2.044984827171790975e+00
2.044984827171790975e+00 2.044984827171790975e+00 2.112464406492216007e+00 7.143991042016769377e+00 8.732660667619686734e+00 2.128001385167327619e+00 2.112464406492216007e+00 2.095160260765045468e+00 2.112464406492216007e+00 2.044984827171790975e+00 2.180243650963714863e+00 2.044984827171790975e+00 2.095160260765045468e+00 2.044984827171790975e+00 2.044984827171790975e+00 2.044984827171790975e+00
2.044984827171790975e+00 2.044984827171790975e+00 2.112464406492216007e+00 2.112464406492216007e+00 7.143991042016769377e+00 2.112464406492216007e+00 2.095160260765045468e+00 2.044984827171790975e+00 2.044984827171790975e+00 2.044984827171790975e+00 2.044984827171790975e+00 2.044984827171790975e+00 2.044984827171790975e+00 2.044984827171790975e+00 2.044984827171790975e+00 2.044984827171790975e+00
2.044984827171790975e+00 2.044984827171790975e+00 2.044984827171790975e+00 2.095160260765045468e+00 2.044984827171790975e+00 2.044984827171790975e+00 2.044984827171790975e+00 2.044984827171790975e+00 2.044984827171790975e+00 2.044984827171790975e+00 2.044984827171790975e+00 2.044984827171790975e+00 2.044984827171790975e+00 2.044984827171790975e+00 2.044984827171790975e+00 2.044984827171790975e+00
2.044984827171790975e+00 2.044984827171790975e+00 2.044984827171790975e+00 2.044984827171790975e+00 2.044984827171790975e+00 2.044984827171790975e+00 2.044984827171790975e+00 2.044984827171790975e+00 2.044984827171790975e+00 2.044984827171790975e+00 2.044984827171790975e+00 2.044984827171790975e+00 2.044984827171790975e+00 2.044984827171790975e+00 2.044984827171790975e+00 2.044984827171790975e+00
