1.429191776549753712e+00 1.429191776549753712e+00 1.429191776549753712e+00 1.525714757970519475e+00 1.525714757970519475e+00 1.440190230361461099e+00 1.525714757970519475e+00 1.565893698736717354e+00 1.429191776549753712e+00 1.429191776549753712e+00 1.429191776549753712e+00 1.415617725122456427e+00 1.415617725122456427e+00 1.525714757970519475e+00 1.525714757970519475e+00 1.525714757970519475e+00
1.440190230361461099e+00 1.415617725122456427e+00 1.415617725122456427e+00 1.525714757970519475e+00 1.429191776549753712e+00 1.525714757970519475e+00 1.525714757970519475e+00 1.525714757970519475e+00 1.429191776549753712e+00 1.429191776549753712e+00 1.429191776549753712e+00 1.582438332434558781e+00 1.440190230361461099e+00 1.525714757970519475e+00 1.525714757970519475e+00 1.525714757970519475e+00
1.415617725122456427e+00 1.429191776549753712e+00 1.525714757970519475e+00 1.565893698736717354e+00 1.429191776549753712e+00 1.440190230361461099e+00 1.636656868508016061e+00 1.567403421855742884e+00 1.429191776549753712e+00 1.429191776549753712e+00 1.429191776549753712e+00 1.534983266909443644e+00 1.634571104829562360e+00 1.525714757970519475e+00 1.525714757970519475e+00 1.429191776549753712e+00
1.415617725122456427e+00 1.429191776549753712e+00 1.440190230361461099e+00 1.415617725122456427e+00 1.440190230361461099e+00 1.440190230361461099e+00 1.842403187626216576e+00 1.840618840530330091e+00 1.429191776549753712e+00 1.429191776549753712e+00 1.440190230361461099e+00 1.440190230361461099e+00 1.663872246750510930e+00 1.525714757970519475e+00 1.429191776549753712e+00 1.415617725122456427e+00
1.415617725122456427e+00 1.429191776549753712e+00 1.429191776549753712e+00 1.429191776549753712e+00 1.440190230361461099e+00 1.582438332434558781e+00 1.713879342711117415e+00 2.096642234117325199e+00 1.440190230361461099e+00 1.440190230361461099e+00 1.440190230361461099e+00 1.788494826497445622e+00 1.525714757970519475e+00 1.429191776549753712e+00 1.415617725122456427e+00 1.415617725122456427e+00
1.429191776549753712e+00 1.440190230361461099e+00 1.440190230361461099e+00 1.440190230361461099e+00 1.440190230361461099e+00 1.565893698736717354e+00 1.713879342711117415e+00 2.484917540661546909e+00 1.440190230361461099e+00 2.573741811552761050e+00 2.573741811552761050e+00 3.098118876671362543e+00 1.567403421855742884e+00 1.415617725122456427e+00 1.429191776549753712e+00 1.415617725122456427e+00
1.415617725122456427e+00 1.415617725122456427e+00 1.415617725122456427e+00 1.415617725122456427e+00 1.440190230361461099e+00 1.567403421855742884e+00 1.582438332434558781e+00 2.849102869945708605e+00 4.612566517398678911e+01 6.461610734430276892e+00 5.561210087860692042e+00 1.788494826497445622e+00 1.525714757970519475e+00 1.429191776549753712e+00 1.429191776549753712e+00 1.440190230361461099e+00
1.429191776549753712e+00 1.415617725122456427e+00 1.415617725122456427e+00 1.415617725122456427e+00 1.415617725122456427e+00 1.440190230361461099e+00 1.567403421855742884e+00 1.582438332434558781e+00 6.815263559844423469e+01 1.346757041048340042e+01 4.480970131806707890e+00 1.582438332434558781e+00 1.567403421855742884e+00 1.429191776549753712e+00 1.415617725122456427e+00 1.415617725122456427e+00
1.429191776549753712e+00 1.429191776549753712e+00 1.415617725122456427e+00 1.415617725122456427e+00 1.582438332434558781e+00 1.415617725122456427e+00 1.415617725122456427e+00 1.582438332434558781e+00 2.074416174556797277e+00 1.788494826497445622e+00 1.525714757970519475e+00 1.415617725122456427e+00 1.415617725122456427e+00 1.415617725122456427e+00 1.415617725122456427e+00 1.415617725122456427e+00
1.440190230361461099e+00 1.415617725122456427e+00 1.625654779718090470e+00 1.625654779718090470e+00 1.565893698736717354e+00 1.565893698736717354e+00 1.582438332434558781e+00 1.713879342711117415e+00 1.728800328864978697e+00 5.276273234468090045e+00 1.565893698736717354e+00 1.415617725122456427e+00 1.415617725122456427e+00 1.415617725122456427e+00 1.415617725122456427e+00 1.415617725122456427e+00
1.415617725122456427e+00 1.565893698736717354e+00 1.625654779718090470e+00 1.525714757970519475e+00 1.567403421855742884e+00 1.582438332434558781e+00 1.582438332434558781e+00 1.788494826497445622e+00 1.663872246750510930e+00 1.525714757970519475e+00 1.565893698736717354e+00 1.582438332434558781e+00 1.415617725122456427e+00 1.415617725122456427e+00 1.415617725122456427e+00 1.415617725122456427e+00
1.429191776549753712e+00 1.429191776549753712e+00 1.567403421855742884e+00 1.525714757970519475e+00 1.525714757970519475e+00 1.567403421855742884e+00 1.713879342711117415e+00 1.694843766470576440e+00 1.625654779718090470e+00 1.525714757970519475e+00 1.525714757970519475e+00 1.415617725122456427e+00 1.415617725122456427e+00 1.415617725122456427e+00 1.415617725122456427e+00 1.415617725122456427e+00
1.440190230361461099e+00 1.525714757970519475e+00 1.567403421855742884e+00 1.525714757970519475e+00 1.525714757970519475e+00 1.565893698736717354e+00 1.713879342711117415e+00 1.636656868508016061e+00 1.567403421855742884e+00 1.525714757970519475e+00 1.429191776549753712e+00 1.415617725122456427e+00 1.415617725122456427e+00 1.415617725122456427e+00 1.440190230361461099e+00 1.415617725122456427e+00
1.440190230361461099e+00 1.525714757970519475e+00 1.567403421855742884e+00 1.567403421855742884e+00 1.525714757970519475e+00 1.567403421855742884e+00 1.565893698736717354e+00 1.582438332434558781e+00 1.525714757970519475e+00 1.429191776549753712e+00 1.429191776549753712e+00 1.429191776549753712e+00 1.440190230361461099e+00 1.440190230361461099e+00 1.415617725122456427e+00 1.415617725122456427e+00
1.429191776549753712e+00 1.440190230361461099e+00 1.663872246750510930e+00 1.636656868508016061e+00 1.567403421855742884e+00 1.525714757970519475e+00 1.567403421855742884e+00 1.565893698736717354e+00 1.525714757970519475e+00 1.525714757970519475e+00 1.429191776549753712e+00 1.429191776549753712e+00 1.440190230361461099e+00 1.415617725122456427e+00 1.415617725122456427e+00 1.525714757970519475e+00
1.429191776549753712e+00 1.694843766470576440e+00 1.582438332434558781e+00 1.834840212542224736e+00 1.663872246750510930e+00 1.663872246750510930e+00 1.567403421855742884e+00 1.525714757970519475e+00 1.525714757970519475e+00 1.567403421855742884e+00 1.429191776549753712e+00 1.429191776549753712e+00 1.429191776549753712e+00 1.429191776549753712e+00 1.525714757970519475e+00 1.565893698736717354e+00
