1.429191776549753712e+00 1.429191776549753712e+00 1.429191776549753712e+00 1.429191776549753712e+00 1.429191776549753712e+00 1.429191776549753712e+00 1.429191776549753712e+00 1.505820282533145704e+00 2.040384644082730237e+00 2.464034703686591055e+00 1.944820433400991178e+01 2.040384644082730237e+00 1.788494826497445622e+00 1.429191776549753712e+00 1.429191776549753712e+00 1.429191776549753712e+00
1.429191776549753712e+00 1.429191776549753712e+00 1.429191776549753712e+00 1.429191776549753712e+00 1.429191776549753712e+00 1.534983266909443644e+00 1.505820282533145704e+00 1.903717856779896467e+00 6.992944833038984953e+00 2.484917540661546909e+00 9.967906708679021222e+01 8.137250775084388010e+01 1.788494826497445622e+00 1.584816097561938086e+00 1.429191776549753712e+00 1.429191776549753712e+00
1.429191776549753712e+00 1.429191776549753712e+00 1.429191776549753712e+00 1.429191776549753712e+00 1.584816097561938086e+00 1.625654779718090470e+00 1.584816097561938086e+00 1.806457169970574483e+00 3.383480613846181484e+01 4.082792637366374322e+01 1.601362314248480629e+02 5.135074578730662864e+01 1.788494826497445622e+00 1.584816097561938086e+00 1.584816097561938086e+00 1.429191776549753712e+00
1.429191776549753712e+00 1.429191776549753712e+00 1.429191776549753712e+00 1.923756277040884921e+00 1.429191776549753712e+00 1.625654779718090470e+00 1.625654779718090470e+00 1.584816097561938086e+00 3.258599244616053880e+00 4.082792637366374322e+01 1.622312113057330123e+02 9.361578357519246651e+01 1.788494826497445622e+00 1.584816097561938086e+00 1.584816097561938086e+00 1.429191776549753712e+00
1.429191776549753712e+00 1.534983266909443644e+00 1.505820282533145704e+00 1.788494826497445622e+00 1.625654779718090470e+00 1.584816097561938086e+00 1.429191776549753712e+00 1.505820282533145704e+00 1.505820282533145704e+00 4.082792637366374322e+01 1.304586129022991088e+02 9.361578357519246651e+01 3.427730242558727980e+01 1.584816097561938086e+00 1.584816097561938086e+00 1.429191776549753712e+00
1.505820282533145704e+00 2.040384644082730237e+00 2.464034703686591055e+00 1.625654779718090470e+00 1.625654779718090470e+00 1.505820282533145704e+00 1.429191776549753712e+00 1.429191776549753712e+00 1.505820282533145704e+00 7.657463812231662814e+01 1.309503442972563505e+02 9.361578357519246651e+01 1.788494826497445622e+00 1.429191776549753712e+00 1.429191776549753712e+00 1.429191776549753712e+00
1.903717856779896467e+00 4.710271422972330413e+01 1.944820433400991178e+01 2.409247642574010140e+00 1.840618840530330091e+00 1.429191776549753712e+00 1.505820282533145704e+00 1.505820282533145704e+00 2.241620438060463627e+00 1.185787988700877236e+02 1.314023362213549717e+02 1.163211951133767741e+02 1.788494826497445622e+00 1.429191776549753712e+00 1.429191776549753712e+00 1.429191776549753712e+00
4.082792637366374322e+01 1.381982474350001269e+02 1.618870924348766493e+02 1.059266315577576307e+02 8.395196297078656755e+01 2.096642234117325199e+00 2.040384644082730237e+00 2.040384644082730237e+00 3.289549761745884204e+00 1.185787988700877236e+02 1.496554224606491061e+02 1.788494826497445622e+00 1.625654779718090470e+00 1.429191776549753712e+00 1.429191776549753712e+00 1.429191776549753712e+00
3.383480613846181484e+01 1.622312113057330123e+02 1.618287805753363671e+02 1.547247358898350740e+02 9.765218222770940315e+01 3.291824421820384039e+00 2.484917540661546909e+00 1.806457169970574483e+00 2.040384644082730237e+00 3.383480613846181484e+01 1.667634077064170484e+01 1.788494826497445622e+00 1.625654779718090470e+00 1.429191776549753712e+00 1.429191776549753712e+00 1.429191776549753712e+00
1.584816097561938086e+00 8.142671147728228220e+01 1.440609255464084697e+02 1.350062794086668418e+02 2.482581166320742128e+01 1.806457169970574483e+00 1.625654779718090470e+00 1.625654779718090470e+00 1.824045474040495662e+00 3.383480613846181484e+01 1.788494826497445622e+00 1.625654779718090470e+00 1.429191776549753712e+00 1.429191776549753712e+00 1.429191776549753712e+00 1.429191776549753712e+00
1.584816097561938086e+00 1.584816097561938086e+00 1.806457169970574483e+00 1.806457169970574483e+00 1.625654779718090470e+00 1.625654779718090470e+00 1.625654779718090470e+00 1.584816097561938086e+00 1.505820282533145704e+00 2.695169293160172064e+00 1.788494826497445622e+00 1.625654779718090470e+00 1.505820282533145704e+00 1.429191776549753712e+00 1.429191776549753712e+00 1.429191776549753712e+00
1.429191776549753712e+00 1.584816097561938086e+00 1.584816097561938086e+00 1.625654779718090470e+00 1.625654779718090470e+00 1.584816097561938086e+00 1.584816097561938086e+00 1.584816097561938086e+00 1.505820282533145704e+00 9.573331852798842689e+00 1.788494826497445622e+00 1.429191776549753712e+00 1.429191776549753712e+00 1.505820282533145704e+00 1.429191776549753712e+00 1.429191776549753712e+00
1.429191776549753712e+00 1.429191776549753712e+00 1.429191776549753712e+00 1.429191776549753712e+00 1.429191776549753712e+00 1.429191776549753712e+00 1.429191776549753712e+00 1.429191776549753712e+00 1.505820282533145704e+00 9.573331852798842689e+00 1.788494826497445622e+00 1.429191776549753712e+00 1.505820282533145704e+00 1.429191776549753712e+00 1.429191776549753712e+00 1.429191776549753712e+00
1.429191776549753712e+00 1.429191776549753712e+00 1.429191776549753712e+00 1.429191776549753712e+00 1.429191776549753712e+00 1.429191776549753712e+00 1.429191776549753712e+00 1.534983266909443644e+00 4.082792637366374322e+01 1.863209393401951530e+01 1.788494826497445622e+00 1.584816097561938086e+00 1.429191776549753712e+00 1.429191776549753712e+00 1.429191776549753712e+00 1.429191776549753712e+00
1.429191776549753712e+00 1.429191776549753712e+00 1.429191776549753712e+00 1.429191776549753712e+00 1.429191776549753712e+00 1.429191776549753712e+00 1.429191776549753712e+00 1.505820282533145704e+00 3.383480613846181484e+01 6.097917222582751151e+01 2.835516248074518941e+01 1.584816097561938086e+00 1.429191776549753712e+00 1.429191776549753712e+00 1.429191776549753712e+00 1.429191776549753712e+00
1.429191776549753712e+00 1.429191776549753712e+00 1.429191776549753712e+00 1.429191776549753712e+00 1.429191776549753712e+00 1.429191776549753712e+00 1.429191776549753712e+00 1.625654779718090470e+00 3.383480613846181484e+01 1.319102556243527680e+01 1.788494826497445622e+00 1.584816097561938086e+00 1.429191776549753712e+00 1.429191776549753712e+00 1.429191776549753712e+00 1.429191776549753712e+00
