1.505820282533145704e+00 1.505820282533145704e+00 1.505820282533145704e+00 1.505820282533145704e+00 1.534983266909443644e+00 1.534983266909443644e+00 1.534983266909443644e+00 1.534983266909443644e+00 1.584816097561938086e+00 1.534983266909443644e+00 1.584816097561938086e+00 1.584816097561938086e+00 1.584816097561938086e+00 1.584816097561938086e+00 1.505820282533145704e+00 1.625654779718090470e+00
1.505820282533145704e+00 1.505820282533145704e+00 1.505820282533145704e+00 1.505820282533145704e+00 1.505820282533145704e+00 1.534983266909443644e+00 1.534983266909443644e+00 1.584816097561938086e+00 1.625654779718090470e+00 1.584816097561938086e+00 1.584816097561938086e+00 1.584816097561938086e+00 1.584816097561938086e+00 1.584816097561938086e+00 1.584816097561938086e+00 1.584816097561938086e+00
1.505820282533145704e+00 1.505820282533145704e+00 1.505820282533145704e+00 1.505820282533145704e+00 1.505820282533145704e+00 1.534983266909443644e+00 1.505820282533145704e+00 1.788494826497445622e+00 1.584816097561938086e+00 1.584816097561938086e+00 1.584816097561938086e+00 1.584816097561938086e+00 1.584816097561938086e+00 1.584816097561938086e+00 1.584816097561938086e+00 1.584816097561938086e+00
1.505820282533145704e+00 1.505820282533145704e+00 1.505820282533145704e+00 1.505820282533145704e+00 1.584816097561938086e+00 1.806457169970574483e+00 1.534983266909443644e+00 2.096642234117325199e+00 2.096642234117325199e+00 2.040384644082730237e+00 1.505820282533145704e+00 1.788494826497445622e+00 1.584816097561938086e+00 1.584816097561938086e+00 1.584816097561938086e+00 1.584816097561938086e+00
1.505820282533145704e+00 1.505820282533145704e+00 1.505820282533145704e+00 1.625654779718090470e+00 1.625654779718090470e+00 1.505820282533145704e+00 2.040384644082730237e+00 1.903717856779896467e+00 1.790129517807346815e+01 1.840618840530330091e+00 1.903717856779896467e+00 1.840618840530330091e+00 1.831108556455189662e+00 1.584816097561938086e+00 1.584816097561938086e+00 1.584816097561938086e+00
1.505820282533145704e+00 1.505820282533145704e+00 1.625654779718090470e+00 1.625654779718090470e+00 1.625654779718090470e+00 1.767682422936826425e+00 2.040384644082730237e+00 6.810207662195992384e+01 8.137250775084388010e+01 2.180243650963714863e+00 2.040384644082730237e+00 1.788494826497445622e+00 1.625654779718090470e+00 1.584816097561938086e+00 1.584816097561938086e+00 1.534983266909443644e+00
1.505820282533145704e+00 1.505820282533145704e+00 1.625654779718090470e+00 1.625654779718090470e+00 1.584816097561938086e+00 1.505820282533145704e+00 2.241620438060463627e+00 9.033524076329302943e+01 1.398409892113394619e+02 9.573331852798842689e+00 3.116330426473489457e+00 1.625654779718090470e+00 1.625654779718090470e+00 1.584816097561938086e+00 1.505820282533145704e+00 1.505820282533145704e+00
1.505820282533145704e+00 1.505820282533145704e+00 1.625654779718090470e+00 1.534983266909443644e+00 1.584816097561938086e+00 1.505820282533145704e+00 4.082792637366374322e+01 1.423007465436452321e+02 1.607946269238549064e+02 1.788494826497445622e+00 1.625654779718090470e+00 1.625654779718090470e+00 1.584816097561938086e+00 1.584816097561938086e+00 1.584816097561938086e+00 1.505820282533145704e+00
1.505820282533145704e+00 1.505820282533145704e+00 1.625654779718090470e+00 1.534983266909443644e+00 1.505820282533145704e+00 1.505820282533145704e+00 1.185787988700877236e+02 1.572029219741336874e+02 1.346170892328557613e+02 1.788494826497445622e+00 1.625654779718090470e+00 1.534983266909443644e+00 1.505820282533145704e+00 1.505820282533145704e+00 1.505820282533145704e+00 1.505820282533145704e+00
1.505820282533145704e+00 1.505820282533145704e+00 1.534983266909443644e+00 1.505820282533145704e+00 1.505820282533145704e+00 2.241620438060463627e+00 1.185787988700877236e+02 1.571298510469828784e+02 1.326910232332856765e+02 1.836615629133679262e+00 1.788494826497445622e+00 1.534983266909443644e+00 1.505820282533145704e+00 1.534983266909443644e+00 1.534983266909443644e+00 1.505820282533145704e+00
1.505820282533145704e+00 1.505820282533145704e+00 1.534983266909443644e+00 1.505820282533145704e+00 1.505820282533145704e+00 4.612566517398678911e+01 1.185787988700877236e+02 1.522127882189333832e+02 1.547247358898350740e+02 1.944581208353947765e+00 1.788494826497445622e+00 1.584816097561938086e+00 1.505820282533145704e+00 1.505820282533145704e+00 1.505820282533145704e+00 1.505820282533145704e+00
1.505820282533145704e+00 1.505820282533145704e+00 1.505820282533145704e+00 1.505820282533145704e+00 2.241620438060463627e+00 5.592623694326074713e+01 1.492712503892166467e+02 1.451570334658058528e+02 1.788494826497445622e+00 1.792038123638457492e+00 1.832513208183254028e+00 1.584816097561938086e+00 1.505820282533145704e+00 1.505820282533145704e+00 1.505820282533145704e+00 1.505820282533145704e+00
1.505820282533145704e+00 1.505820282533145704e+00 1.505820282533145704e+00 1.505820282533145704e+00 2.040384644082730237e+00 1.123410349759825522e+01 9.655657881132776765e+01 1.440609255464084697e+02 2.060314738732574202e+00 1.832513208183254028e+00 1.625654779718090470e+00 1.505820282533145704e+00 1.505820282533145704e+00 1.505820282533145704e+00 1.505820282533145704e+00 1.505820282533145704e+00
1.505820282533145704e+00 1.505820282533145704e+00 1.505820282533145704e+00 1.505820282533145704e+00 2.040384644082730237e+00 1.123410349759825522e+01 5.822597708212056489e+01 5.135074578730662864e+01 1.944581208353947765e+00 1.625654779718090470e+00 1.534983266909443644e+00 1.505820282533145704e+00 1.505820282533145704e+00 1.505820282533145704e+00 1.505820282533145704e+00 1.505820282533145704e+00
1.505820282533145704e+00 1.505820282533145704e+00 1.505820282533145704e+00 2.241620438060463627e+00 9.481303763433816201e+00 2.040384644082730237e+00 2.609307414072044295e+01 1.788494826497445622e+00 2.180243650963714863e+00 1.831108556455189662e+00 1.505820282533145704e+00 1.505820282533145704e+00 1.505820282533145704e+00 1.505820282533145704e+00 1.505820282533145704e+00 1.505820282533145704e+00
1.505820282533145704e+00 1.534983266909443644e+00 1.505820282533145704e+00 2.849102869945708605e+00 2.176097497771245770e+01 2.609307414072044295e+01 3.652966514449746427e+01 1.788494826497445622e+00 1.788494826497445622e+00 1.625654779718090470e+00 1.505820282533145704e+00 1.505820282533145704e+00 1.505820282533145704e+00 1.505820282533145704e+00 1.505820282533145704e+00 1.505820282533145704e+00
