1.127384439676000838e+01 1.430196475153752544e+01 2.260654786537268635e+01 2.754355161970140387e+01 3.911260559289048189e+01 4.685409477342067674e+01 6.104654904158404349e+01 6.835118243689883855e+01 6.904102862368722526e+01 7.588246275408030783e+01 8.058135902217482283e+01 8.415337455715672377e+01 7.957155696870839279e+01 7.355468143760201372e+01 5.918648535261171162e+01 4.019659863314314663e+01
1.127384439676000838e+01 1.888528001760663955e+01 2.663995030969338274e+01 3.393780230930418895e+01 4.536796952694106722e+01 6.104654904158404349e+01 6.827553369785560733e+01 6.839354945423924903e+01 6.913236351321876327e+01 7.043924290055264237e+01 7.421703243256391147e+01 8.058135902217482283e+01 8.058135902217482283e+01 7.730272294514719533e+01 5.918648535261171162e+01 4.356657898909884352e+01
1.430196475153752544e+01 2.331527759367284247e+01 3.209658572703418855e+01 4.426202141506720977e+01 5.590919450313543848e+01 6.779130232097466546e+01 6.979308651412381437e+01 6.094613195651283633e+01 6.039402289695163262e+01 5.654354298264153300e+01 6.447475190557446467e+01 7.399313849897458795e+01 8.193324306583735961e+01 7.758381343425510579e+01 6.297132821708313344e+01 4.802721591534514545e+01
1.430196475153752544e+01 2.325010376104999921e+01 3.664780443866340676e+01 5.013975682355902563e+01 6.394326933586863504e+01 6.631551320311019992e+01 6.094613195651283633e+01 5.253099878029688341e+01 4.513149670478216535e+01 4.533918746312711789e+01 4.991833210241719598e+01 6.478662602378409474e+01 7.642155653171559493e+01 7.394623335271946019e+01 6.503165035118293247e+01 4.802721591534514545e+01
1.430196475153752544e+01 2.347216435505650978e+01 3.618343288655065493e+01 4.834758090295452604e+01 6.107819839995008238e+01 6.039402289695163262e+01 5.253099878029688341e+01 4.490889113614305472e+01 3.597684941991794716e+01 3.706081793706149341e+01 4.834758090295452604e+01 6.184776728313178751e+01 7.133599255980630005e+01 7.394623335271946019e+01 6.475750524934274210e+01 4.802721591534514545e+01
1.430196475153752544e+01 2.347216435505650978e+01 3.433464207455092065e+01 4.380175121614657741e+01 4.976290032319037238e+01 4.513149670478216535e+01 3.921325040625543323e+01 3.508887196895419436e+01 2.772349434808528912e+01 3.433464207455092065e+01 4.654931458143857270e+01 5.817892563047020360e+01 7.133599255980630005e+01 7.394623335271946019e+01 6.297132821708313344e+01 4.289655679996925386e+01
1.127384439676000838e+01 2.076255098101626118e+01 2.965069685419140555e+01 3.383159300134894210e+01 3.706081793706149341e+01 3.453234219641169034e+01 3.093263323291904499e+01 2.772349434808528912e+01 2.721338125049783230e+01 3.520856440742045379e+01 5.013975682355902563e+01 6.454429302121562273e+01 7.506617646251649489e+01 7.194169416836933806e+01 5.745518654504439837e+01 4.054113073728782979e+01
1.127384439676000838e+01 1.864624566105863224e+01 2.076255098101626118e+01 2.502720515771889964e+01 2.641399450550094485e+01 2.772349434808528912e+01 2.436765058268559514e+01 2.911788083380110947e+01 3.298977829555805386e+01 4.536796952694106722e+01 6.030500322000379043e+01 6.982869233336282377e+01 7.474742786765719416e+01 6.713714367757182799e+01 5.285911979362916213e+01 3.697250606461294353e+01
1.127384439676000838e+01 1.430196475153752544e+01 1.933585811040862623e+01 2.536602741904162883e+01 2.651513625981647948e+01 2.911788083380110947e+01 3.312646840600440612e+01 3.976425248995636963e+01 4.536796952694106722e+01 5.714030041221831624e+01 7.262321705740640709e+01 7.926723869735178596e+01 7.730272294514719533e+01 6.475750524934274210e+01 4.753981373053441217e+01 3.222901662281765311e+01
1.430196475153752544e+01 1.888528001760663955e+01 2.260654786537268635e+01 2.911788083380110947e+01 3.499031030344925597e+01 4.213684429824560596e+01 4.685409477342067674e+01 5.676022213370916347e+01 6.230044950506459855e+01 7.511835618067642883e+01 8.500805693559770759e+01 8.331944065126251076e+01 7.740981002389828802e+01 5.860150517909050905e+01 4.289655679996925386e+01 2.995560045713644470e+01
2.260654786537268635e+01 2.663995030969338274e+01 3.298977829555805386e+01 4.213684429824560596e+01 4.685409477342067674e+01 5.868517734314299616e+01 6.366719979563193732e+01 7.615707679569673871e+01 8.722426330995939736e+01 9.221188102941945886e+01 9.233474198829561885e+01 8.813607467999993617e+01 7.557860543072955295e+01 5.526528261217743676e+01 3.697250606461294353e+01 2.448596261809960595e+01
2.491812982698525403e+01 3.393780230930418895e+01 4.536796952694106722e+01 5.605964008757155170e+01 6.366719979563193732e+01 7.262321705740640709e+01 8.543365150913236050e+01 9.308179618166997216e+01 9.600720101271976148e+01 9.600720101271976148e+01 9.412746113515976276e+01 8.306203373824854452e+01 6.419553049065471839e+01 4.836841159819910985e+01 3.354425809837607630e+01 2.239089908312269017e+01
3.209658572703418855e+01 4.599278891250801848e+01 5.893778966583355583e+01 7.262321705740640709e+01 7.865139039143181776e+01 8.857727422905314540e+01 9.319454258454847206e+01 1.009628531723735136e+02 1.021902029676223407e+02 1.004824119485124072e+02 8.903829681715609468e+01 7.612597584009664331e+01 5.526528261217743676e+01 3.948470801576380751e+01 2.786140282926447753e+01 2.096723139631566823e+01
3.664780443866340676e+01 5.352778481809706079e+01 7.241650120872350271e+01 8.070919396789952316e+01 8.749902820080302490e+01 9.319454258454847206e+01 9.640777259400759647e+01 1.016407106911936467e+02 1.004824119485124072e+02 9.046465395952149890e+01 7.612597584009664331e+01 6.419553049065471839e+01 4.504612485267759325e+01 2.919871648397590391e+01 2.229636990246906691e+01 1.127384439676000838e+01
3.682463887729717555e+01 5.531892856036142803e+01 7.687652808644639890e+01 9.019668766191165332e+01 9.361346141862310333e+01 9.361346141862310333e+01 9.737453789051542685e+01 9.765194496936005919e+01 9.046465395952149890e+01 7.612597584009664331e+01 6.419553049065471839e+01 4.836841159819910985e+01 3.354425809837607630e+01 2.229636990246906691e+01 2.096723139631566823e+01 1.127384439676000838e+01
3.711038315858495906e+01 5.531892856036142803e+01 7.083210424379701919e+01 8.354818944602928354e+01 8.939972615873192296e+01 9.440255257063205363e+01 9.225002602728844181e+01 8.690515977369480538e+01 7.859600914349499590e+01 6.686415018735819160e+01 4.910701475352371403e+01 3.697250606461294353e+01 2.786140282926447753e+01 2.096723139631566823e+01 1.127384439676000838e+01 1.127384439676000838e+01
