2.040384644082730237e+00 2.040384644082730237e+00 2.040384644082730237e+00 2.040384644082730237e+00 2.040384644082730237e+00 2.040384644082730237e+00 2.040384644082730237e+00 1.944306667598198812e+00 1.938490054871187196e+00 1.938490054871187196e+00 1.505820282533145704e+00 1.622718792867448911e+00 1.944306667598198812e+00 1.903717856779896467e+00 1.903717856779896467e+00 1.903717856779896467e+00
5.460974594156489559e+01 5.460974594156489559e+01 2.388511851606381953e+01 2.388511851606381953e+01 2.388511851606381953e+01 5.460974594156489559e+01 9.967906708679021222e+01 3.385400730454779961e+01 2.040384644082730237e+00 1.944306667598198812e+00 1.938490054871187196e+00 1.944306667598198812e+00 1.622718792867448911e+00 1.903717856779896467e+00 1.903717856779896467e+00 1.903717856779896467e+00
3.652966514449746427e+01 8.142671147728228220e+01 1.112653703528079348e+02 1.451570334658058528e+02 1.451570334658058528e+02 1.314023362213549717e+02 4.117077582234703925e+01 1.384307597575165971e+02 1.522127882189333832e+02 2.180243650963714863e+00 1.944306667598198812e+00 1.938490054871187196e+00 1.938490054871187196e+00 1.903717856779896467e+00 1.903717856779896467e+00 1.625654779718090470e+00
1.622526593836228104e+00 2.064872251945155224e+00 4.767094984344116426e+01 4.767094984344116426e+01 4.767094984344116426e+01 4.914404320307537688e+01 4.914404320307537688e+01 4.914404320307537688e+01 1.451570334658058528e+02 1.522127882189333832e+02 3.385400730454779961e+01 2.180243650963714863e+00 1.944306667598198812e+00 1.938490054871187196e+00 1.903717856779896467e+00 1.625654779718090470e+00
1.622526593836228104e+00 1.625654779718090470e+00 1.622526593836228104e+00 1.622526593836228104e+00 1.625654779718090470e+00 1.625654779718090470e+00 1.622526593836228104e+00 1.285740905212638907e+01 2.068562414864952181e+00 9.655657881132776765e+01 1.522127882189333832e+02 3.862475872793899256e+00 1.944306667598198812e+00 2.068562414864952181e+00 1.625654779718090470e+00 1.625654779718090470e+00
1.505820282533145704e+00 1.505820282533145704e+00 1.622526593836228104e+00 1.622526593836228104e+00 1.625654779718090470e+00 1.625654779718090470e+00 1.625654779718090470e+00 1.625654779718090470e+00 1.824045474040495662e+00 2.040384644082730237e+00 1.544521408388865780e+02 1.522127882189333832e+02 2.180243650963714863e+00 1.944306667598198812e+00 2.068562414864952181e+00 1.625654779718090470e+00
1.505820282533145704e+00 1.505820282533145704e+00 1.505820282533145704e+00 1.622526593836228104e+00 1.625654779718090470e+00 1.625654779718090470e+00 1.625654779718090470e+00 1.625654779718090470e+00 1.622526593836228104e+00 1.123410349759825522e+01 1.185787988700877236e+02 1.572029219741336874e+02 3.641678589480030581e+01 1.944306667598198812e+00 1.944306667598198812e+00 1.625654779718090470e+00
1.505820282533145704e+00 1.505820282533145704e+00 1.505820282533145704e+00 1.625654779718090470e+00 1.625654779718090470e+00 1.625654779718090470e+00 1.625654779718090470e+00 1.622526593836228104e+00 1.622526593836228104e+00 2.040384644082730237e+00 7.867596974935251808e+01 1.587626983720850831e+02 1.337608397438542909e+02 4.495231429100442710e+00 1.903717856779896467e+00 1.944306667598198812e+00
1.505820282533145704e+00 1.505820282533145704e+00 1.505820282533145704e+00 1.505820282533145704e+00 1.622526593836228104e+00 1.625654779718090470e+00 1.622526593836228104e+00 1.625654779718090470e+00 1.622526593836228104e+00 1.505820282533145704e+00 4.082792637366374322e+01 1.587626983720850831e+02 1.600437078365762318e+02 3.130173001653901999e+00 1.903717856779896467e+00 1.944306667598198812e+00
1.505820282533145704e+00 1.505820282533145704e+00 1.505820282533145704e+00 1.505820282533145704e+00 1.505820282533145704e+00 1.505820282533145704e+00 1.622526593836228104e+00 1.505820282533145704e+00 1.622718792867448911e+00 1.505820282533145704e+00 4.082792637366374322e+01 1.587626983720850831e+02 9.197411906729011832e+01 2.965556698723436746e+00 1.938490054871187196e+00 1.625654779718090470e+00
1.505820282533145704e+00 1.505820282533145704e+00 1.505820282533145704e+00 1.505820282533145704e+00 1.505820282533145704e+00 1.505820282533145704e+00 1.505820282533145704e+00 1.505820282533145704e+00 1.505820282533145704e+00 1.622718792867448911e+00 4.082792637366374322e+01 1.587626983720850831e+02 1.600437078365762318e+02 2.965556698723436746e+00 1.625654779718090470e+00 1.622526593836228104e+00
1.505820282533145704e+00 1.505820282533145704e+00 1.505820282533145704e+00 1.505820282533145704e+00 1.505820282533145704e+00 1.505820282533145704e+00 1.505820282533145704e+00 1.505820282533145704e+00 1.505820282533145704e+00 1.505820282533145704e+00 1.185787988700877236e+02 1.204099693521177272e+02 2.216275070757786292e+00 2.180243650963714863e+00 1.944306667598198812e+00 1.622526593836228104e+00
1.625654779718090470e+00 1.505820282533145704e+00 1.505820282533145704e+00 1.505820282533145704e+00 1.505820282533145704e+00 1.505820282533145704e+00 1.505820282533145704e+00 1.505820282533145704e+00 1.505820282533145704e+00 1.622718792867448911e+00 1.185787988700877236e+02 9.035538331919397592e+01 7.394820417686842973e+01 2.216275070757786292e+00 1.625654779718090470e+00 1.622526593836228104e+00
1.625654779718090470e+00 1.505820282533145704e+00 1.505820282533145704e+00 1.505820282533145704e+00 1.505820282533145704e+00 1.505820282533145704e+00 1.505820282533145704e+00 1.505820282533145704e+00 1.505820282533145704e+00 2.040384644082730237e+00 1.246218616395497349e+02 1.600437078365762318e+02 3.290201438943368828e+01 1.625654779718090470e+00 1.625654779718090470e+00 1.625654779718090470e+00
1.625654779718090470e+00 1.505820282533145704e+00 1.505820282533145704e+00 1.505820282533145704e+00 1.505820282533145704e+00 1.505820282533145704e+00 1.505820282533145704e+00 1.505820282533145704e+00 1.505820282533145704e+00 1.622718792867448911e+00 1.158425747604265439e+02 8.825144293470671641e+01 1.944306667598198812e+00 2.068562414864952181e+00 1.625654779718090470e+00 1.625654779718090470e+00
1.625654779718090470e+00 1.505820282533145704e+00 1.505820282533145704e+00 1.505820282533145704e+00 1.505820282533145704e+00 1.505820282533145704e+00 1.505820282533145704e+00 1.505820282533145704e+00 1.622718792867448911e+00 1.185787988700877236e+02 1.600437078365762318e+02 3.641678589480030581e+01 1.944306667598198812e+00 1.625654779718090470e+00 1.625654779718090470e+00 1.625654779718090470e+00
