1.429191776549753712e+00 1.440190230361461099e+00 1.525714757970519475e+00 1.525714757970519475e+00 1.525714757970519475e+00 1.565893698736717354e+00 1.565893698736717354e+00 2.301734647031669301e+00 3.383480613846181484e+01 1.588081739199221261e+02 1.374889939364742588e+02 6.600749880237533773e+01 1.663872246750510930e+00 1.565893698736717354e+00 1.582438332434558781e+00 1.429191776549753712e+00
1.429191776549753712e+00 1.440190230361461099e+00 1.440190230361461099e+00 1.429191776549753712e+00 1.429191776549753712e+00 1.713879342711117415e+00 1.582438332434558781e+00 1.565893698736717354e+00 1.582438332434558781e+00 1.582438332434558781e+00 1.308594355325207914e+02 5.135074578730662864e+01 2.502142186753219377e+01 1.525714757970519475e+00 1.525714757970519475e+00 1.429191776549753712e+00
1.429191776549753712e+00 1.440190230361461099e+00 1.242590635698189727e+00 1.429191776549753712e+00 1.429191776549753712e+00 1.440190230361461099e+00 1.242590635698189727e+00 1.242590635698189727e+00 1.582438332434558781e+00 4.082792637366374322e+01 1.492712503892166467e+02 6.600749880237533773e+01 1.663872246750510930e+00 1.525714757970519475e+00 1.429191776549753712e+00 1.429191776549753712e+00
1.429191776549753712e+00 1.429191776549753712e+00 1.242590635698189727e+00 1.242590635698189727e+00 1.429191776549753712e+00 1.242590635698189727e+00 1.242590635698189727e+00 1.242590635698189727e+00 1.242590635698189727e+00 1.713879342711117415e+00 3.287196666879865603e+01 1.788494826497445622e+00 1.663872246750510930e+00 1.429191776549753712e+00 1.429191776549753712e+00 1.242590635698189727e+00
1.429191776549753712e+00 1.429191776549753712e+00 1.440190230361461099e+00 1.242590635698189727e+00 1.242590635698189727e+00 1.242590635698189727e+00 1.242590635698189727e+00 1.242590635698189727e+00 1.824045474040495662e+00 5.968787548095771278e+00 2.067762597403254432e+01 1.788494826497445622e+00 1.525714757970519475e+00 1.429191776549753712e+00 1.242590635698189727e+00 1.242590635698189727e+00
1.429191776549753712e+00 1.429191776549753712e+00 1.242590635698189727e+00 1.242590635698189727e+00 1.242590635698189727e+00 1.242590635698189727e+00 1.242590635698189727e+00 1.242590635698189727e+00 1.440190230361461099e+00 5.049174174531185777e+00 1.625654779718090470e+00 1.565893698736717354e+00 1.525714757970519475e+00 1.429191776549753712e+00 1.242590635698189727e+00 1.242590635698189727e+00
1.429191776549753712e+00 1.429191776549753712e+00 1.565893698736717354e+00 1.565893698736717354e+00 1.242590635698189727e+00 1.242590635698189727e+00 1.242590635698189727e+00 1.713879342711117415e+00 5.049174174531185777e+00 1.694843766470576440e+00 1.525714757970519475e+00 1.429191776549753712e+00 1.440190230361461099e+00 1.429191776549753712e+00 1.242590635698189727e+00 1.242590635698189727e+00
1.429191776549753712e+00 1.429191776549753712e+00 1.429191776549753712e+00 1.429191776549753712e+00 1.429191776549753712e+00 1.242590635698189727e+00 1.713879342711117415e+00 1.667634077064170484e+01 1.788494826497445622e+00 1.525714757970519475e+00 1.429191776549753712e+00 1.429191776549753712e+00 1.440190230361461099e+00 1.242590635698189727e+00 1.242590635698189727e+00 1.242590635698189727e+00
1.429191776549753712e+00 1.429191776549753712e+00 1.429191776549753712e+00 1.429191776549753712e+00 1.429191776549753712e+00 1.713879342711117415e+00 1.709559436752194728e+01 5.049174174531185777e+00 1.625654779718090470e+00 1.525714757970519475e+00 1.429191776549753712e+00 1.429191776549753712e+00 1.242590635698189727e+00 1.242590635698189727e+00 1.242590635698189727e+00 1.242590635698189727e+00
1.429191776549753712e+00 1.429191776549753712e+00 1.429191776549753712e+00 1.440190230361461099e+00 1.440190230361461099e+00 4.910198404393022464e+00 5.049174174531185777e+00 1.625654779718090470e+00 1.525714757970519475e+00 1.429191776549753712e+00 1.429191776549753712e+00 1.440190230361461099e+00 1.242590635698189727e+00 1.242590635698189727e+00 1.565893698736717354e+00 1.242590635698189727e+00
1.429191776549753712e+00 1.440190230361461099e+00 1.440190230361461099e+00 1.440190230361461099e+00 5.840775352991551728e+01 5.049174174531185777e+00 1.694843766470576440e+00 1.525714757970519475e+00 1.525714757970519475e+00 1.429191776549753712e+00 1.429191776549753712e+00 1.242590635698189727e+00 1.242590635698189727e+00 1.565893698736717354e+00 1.565893698736717354e+00 1.565893698736717354e+00
1.440190230361461099e+00 1.526703847757610433e+01 1.713879342711117415e+00 7.226354060532669621e+01 8.395196297078656755e+01 1.788494826497445622e+00 1.636656868508016061e+00 1.525714757970519475e+00 1.525714757970519475e+00 1.429191776549753712e+00 1.429191776549753712e+00 1.525714757970519475e+00 1.525714757970519475e+00 1.429191776549753712e+00 1.429191776549753712e+00 1.429191776549753712e+00
1.242590635698189727e+00 1.242590635698189727e+00 5.840775352991551728e+01 1.239869968532516395e+02 6.600749880237533773e+01 1.893147798040760943e+00 1.663872246750510930e+00 1.525714757970519475e+00 1.525714757970519475e+00 1.429191776549753712e+00 1.429191776549753712e+00 1.429191776549753712e+00 1.525714757970519475e+00 1.429191776549753712e+00 1.525714757970519475e+00 1.525714757970519475e+00
1.242590635698189727e+00 4.082792637366374322e+01 1.185787988700877236e+02 1.645129586750803696e+02 1.354753598823798768e+02 9.765218222770940315e+01 1.440190230361461099e+00 1.765621727026155385e+00 1.440190230361461099e+00 1.440190230361461099e+00 1.440190230361461099e+00 1.440190230361461099e+00 1.440190230361461099e+00 1.440190230361461099e+00 1.525714757970519475e+00 1.525714757970519475e+00
1.565893698736717354e+00 1.123410349759825522e+01 1.241671403719268625e+02 1.588081739199221261e+02 1.583861898396348238e+02 9.765218222770940315e+01 6.992944833038984953e+00 2.484917540661546909e+00 1.440190230361461099e+00 1.440190230361461099e+00 6.992944833038984953e+00 2.180243650963714863e+00 1.788494826497445622e+00 1.525714757970519475e+00 1.525714757970519475e+00 1.525714757970519475e+00
1.565893698736717354e+00 1.565893698736717354e+00 6.470781699129723563e+01 8.602858057769543620e+01 6.097917222582751151e+01 5.049174174531185777e+00 8.818660308798849101e+00 5.509273497357060734e+00 6.992944833038984953e+00 2.482581166320742128e+01 2.482581166320742128e+01 1.926102387163636021e+00 1.625654779718090470e+00 1.525714757970519475e+00 1.525714757970519475e+00 1.429191776549753712e+00
