1.243505690964327215e+01 1.900668367688357918e+01 2.457359322706658133e+01 3.753790559770623503e+01 5.040186192969609635e+01 6.478662602378409474e+01 7.641820177652680002e+01 8.056828711594575054e+01 8.939972615873192296e+01 9.012372296282347861e+01 8.912236735181113545e+01 8.366402711506367496e+01 7.434941251837648224e+01 5.282000234207117018e+01 3.646045112751802719e+01 2.389157250066626048e+01
1.243505690964327215e+01 1.900668367688357918e+01 2.371810545156736438e+01 3.250579769094187554e+01 4.588722052928786610e+01 5.740990691559071735e+01 6.280915408616499462e+01 7.421703243256391147e+01 7.913362488228739267e+01 8.354818944602928354e+01 8.966213612753337259e+01 8.912236735181113545e+01 7.519345992778227128e+01 5.918648535261171162e+01 3.916322974870831786e+01 2.634356179176718271e+01
1.243505690964327215e+01 1.243505690964327215e+01 2.119365806658569440e+01 2.965069685419140555e+01 3.884011613256937068e+01 4.588722052928786610e+01 5.303105443996843604e+01 5.991854386219682027e+01 7.106010887982344570e+01 8.119183708594222537e+01 8.966213612753337259e+01 8.912236735181113545e+01 8.626060364901186972e+01 6.481409894843383768e+01 4.254782343825163338e+01 2.591901077213395865e+01
1.243505690964327215e+01 1.243505690964327215e+01 1.968836680358451829e+01 2.661778553061399322e+01 3.573146020458014505e+01 4.280777986023577597e+01 4.877308204151040627e+01 5.763936063132481991e+01 6.705619142694257562e+01 8.177120254772806618e+01 9.328804939242805006e+01 9.860845638623294462e+01 8.655346914613808451e+01 6.662341256261321121e+01 4.924260902585130140e+01 2.740253949565562053e+01
1.243505690964327215e+01 1.714216565094186961e+01 2.173066032421975535e+01 2.997398400502937221e+01 3.939467515906384421e+01 4.842146045077520711e+01 5.859482467533674566e+01 6.366719979563193732e+01 8.037623974439146934e+01 9.212150894400832613e+01 1.035266411904224668e+02 1.062021972436182153e+02 9.495727361826226343e+01 7.050298085409099258e+01 4.924260902585130140e+01 3.212622717703479935e+01
1.243505690964327215e+01 1.916448842617289472e+01 2.889169490301609855e+01 4.082156741458099702e+01 5.392097120802671384e+01 6.366719979563193732e+01 7.154725022331210482e+01 8.373406549870855997e+01 9.212150894400832613e+01 1.070783051268820856e+02 1.070783051268820856e+02 1.079431496540102984e+02 9.664186396440561566e+01 7.519345992778227128e+01 5.282000234207117018e+01 3.309050852807052934e+01
1.916448842617289472e+01 2.493229178586734562e+01 3.792990949327494121e+01 5.405221124920397813e+01 6.919829857328710432e+01 8.373406549870855997e+01 9.212150894400832613e+01 9.941624240972042514e+01 1.014637772321498090e+02 1.070783051268820856e+02 1.168057917190592434e+02 1.125055781930575591e+02 1.037596037268596945e+02 8.537028255888111516e+01 6.002018413299403221e+01 3.646045112751802719e+01
1.916448842617289472e+01 2.871795017778933712e+01 4.551275656485937304e+01 6.462212766539590802e+01 8.177120254772806618e+01 9.476506945661630255e+01 9.796634100724074301e+01 1.020778428755261587e+02 1.017825886340392714e+02 1.077314105725667446e+02 1.106886946436859631e+02 1.106886946436859631e+02 1.037596037268596945e+02 8.488377035891853950e+01 6.002018413299403221e+01 3.718277572296367595e+01
2.195085534222693724e+01 3.166425679544171956e+01 4.466712373701466987e+01 6.593594242301763586e+01 8.274738080798513806e+01 9.394703615723965129e+01 9.667379091929234392e+01 9.667379091929234392e+01 9.667379091929234392e+01 9.587184420260606998e+01 1.034571894084981096e+02 1.034571894084981096e+02 1.002358890996448650e+02 8.488377035891853950e+01 6.002018413299403221e+01 4.254782343825163338e+01
2.119365806658569440e+01 3.166425679544171956e+01 4.380175121614657741e+01 5.955528455812201116e+01 6.447475190557446467e+01 7.592135890553777244e+01 7.592135890553777244e+01 7.592135890553777244e+01 7.421703243256391147e+01 7.913362488228739267e+01 9.200696767979155766e+01 9.675595847756349599e+01 9.521424498218604526e+01 8.145460459025537148e+01 6.547456950981322166e+01 4.254782343825163338e+01
1.900668367688357918e+01 2.508220652197011091e+01 3.618977403132529247e+01 4.708361988857208758e+01 5.404652827377249480e+01 5.404652827377249480e+01 5.404652827377249480e+01 5.404652827377249480e+01 5.991854386219682027e+01 7.106010887982344570e+01 8.254495621590957910e+01 9.328804939242805006e+01 8.944482631416400409e+01 7.817456954459217400e+01 5.951702873142091477e+01 4.074727929851119512e+01
1.714216565094186961e+01 2.371810545156736438e+01 2.672214760614331652e+01 3.323259105298573246e+01 3.588172860139938791e+01 4.028259510991884440e+01 4.368701651937075781e+01 4.368701651937075781e+01 5.496445167320184311e+01 6.938161512798727415e+01 8.177120254772806618e+01 9.138731818140205121e+01 8.817115283851822483e+01 7.501897414331990888e+01 5.471529007881014905e+01 3.691455453386996055e+01
2.173066032421975535e+01 2.443957171532216321e+01 2.752743042447060873e+01 3.217752863609104708e+01 3.649480101229155338e+01 3.649480101229155338e+01 4.201082488406358806e+01 5.232191484515422530e+01 6.324231754848191400e+01 7.653935266765748224e+01 8.831580515319136282e+01 8.824256480686460691e+01 8.322788573833950920e+01 6.686599515606567934e+01 4.836841159819910985e+01 2.987604540115767549e+01
3.123769438168342560e+01 3.595688949551343683e+01 4.103970213425959912e+01 4.103970213425959912e+01 4.228086115193340788e+01 4.518167504831141912e+01 5.392097120802671384e+01 6.366719979563193732e+01 7.653935266765748224e+01 8.498283273832437601e+01 8.824256480686460691e+01 8.521230763551490384e+01 7.200673491194348230e+01 5.510648067287431218e+01 3.994540470311202540e+01 2.447974877772926661e+01
4.415823960775193768e+01 5.258565587448005374e+01 5.868517734314299616e+01 5.868517734314299616e+01 6.366719979563193732e+01 6.366719979563193732e+01 7.154725022331210482e+01 7.711139234144913246e+01 8.498283273832437601e+01 8.824256480686460691e+01 8.306203373824854452e+01 7.427002764121536416e+01 6.039578871495153578e+01 4.504612485267759325e+01 3.055658173898176955e+01 2.139376138143637363e+01
5.581242362987919137e+01 6.536186272144144027e+01 7.233924513597054329e+01 7.392315983043552308e+01 7.392315983043552308e+01 7.862276335333655197e+01 8.498283273832437601e+01 8.808344528847366917e+01 8.926575079481165176e+01 8.322788573833950920e+01 7.427002764121536416e+01 6.059758589797439043e+01 4.801807566283860496e+01 3.508303465417256461e+01 2.430773476525579468e+01 1.884363090396042750e+01
