1.505820282533145704e+00 1.505820282533145704e+00 1.505820282533145704e+00 1.505820282533145704e+00 1.505820282533145704e+00 1.534983266909443644e+00 1.505820282533145704e+00 1.505820282533145704e+00 1.505820282533145704e+00 1.505820282533145704e+00 1.534983266909443644e+00 1.505820282533145704e+00 1.840618840530330091e+00 1.788494826497445622e+00 2.033024655429373162e+00 1.505820282533145704e+00
1.505820282533145704e+00 1.505820282533145704e+00 1.505820282533145704e+00 1.505820282533145704e+00 1.534983266909443644e+00 1.505820282533145704e+00 1.505820282533145704e+00 1.505820282533145704e+00 1.505820282533145704e+00 1.622718792867448911e+00 2.040384644082730237e+00 2.040384644082730237e+00 2.040384644082730237e+00 1.903717856779896467e+00 2.040384644082730237e+00 2.040384644082730237e+00
1.505820282533145704e+00 1.534983266909443644e+00 1.505820282533145704e+00 1.534983266909443644e+00 1.505820282533145704e+00 1.840618840530330091e+00 1.944306667598198812e+00 1.987650529379084485e+00 1.505820282533145704e+00 1.903717856779896467e+00 2.388511851606381953e+01 3.862475872793899256e+00 2.180243650963714863e+00 1.788494826497445622e+00 1.625654779718090470e+00 1.625654779718090470e+00
1.625654779718090470e+00 1.505820282533145704e+00 1.622526593836228104e+00 1.505820282533145704e+00 1.622718792867448911e+00 1.944581208353947765e+00 1.944581208353947765e+00 2.021502363616991538e+00 2.021502363616991538e+00 1.622718792867448911e+00 1.205961587243965738e+01 9.573331852798842689e+00 1.788494826497445622e+00 1.625654779718090470e+00 1.625654779718090470e+00 1.505820282533145704e+00
1.505820282533145704e+00 1.625654779718090470e+00 1.505820282533145704e+00 1.622526593836228104e+00 1.881599380042666469e+00 1.944306667598198812e+00 2.112464406492216007e+00 1.903717856779896467e+00 2.112464406492216007e+00 1.123410349759825522e+01 7.659108825123905007e+00 2.216275070757786292e+00 1.788494826497445622e+00 1.625654779718090470e+00 1.505820282533145704e+00 1.505820282533145704e+00
1.534983266909443644e+00 1.534983266909443644e+00 1.625654779718090470e+00 1.622718792867448911e+00 1.622526593836228104e+00 1.622526593836228104e+00 2.021502363616991538e+00 2.060314738732574202e+00 2.095160260765045468e+00 2.040384644082730237e+00 2.064872251945155224e+00 1.788494826497445622e+00 1.625654779718090470e+00 1.625654779718090470e+00 1.505820282533145704e+00 1.505820282533145704e+00
1.534983266909443644e+00 1.534983266909443644e+00 1.534983266909443644e+00 1.505820282533145704e+00 1.505820282533145704e+00 1.622718792867448911e+00 1.622526593836228104e+00 1.881599380042666469e+00 1.892562280073323944e+00 1.892562280073323944e+00 1.881599380042666469e+00 1.625654779718090470e+00 1.625654779718090470e+00 1.625654779718090470e+00 1.505820282533145704e+00 1.505820282533145704e+00
1.505820282533145704e+00 1.534983266909443644e+00 1.534983266909443644e+00 1.534983266909443644e+00 1.534983266909443644e+00 1.505820282533145704e+00 1.622718792867448911e+00 1.767682422936826425e+00 2.180243650963714863e+00 2.040384644082730237e+00 1.832513208183254028e+00 1.625654779718090470e+00 1.625654779718090470e+00 1.534983266909443644e+00 1.505820282533145704e+00 1.505820282533145704e+00
1.505820282533145704e+00 1.505820282533145704e+00 1.505820282533145704e+00 1.505820282533145704e+00 1.505820282533145704e+00 1.534983266909443644e+00 1.505820282533145704e+00 2.040384644082730237e+00 2.216275070757786292e+00 2.180243650963714863e+00 1.840618840530330091e+00 1.625654779718090470e+00 1.505820282533145704e+00 1.505820282533145704e+00 1.505820282533145704e+00 1.505820282533145704e+00
1.505820282533145704e+00 1.505820282533145704e+00 1.505820282533145704e+00 1.505820282533145704e+00 1.505820282533145704e+00 1.534983266909443644e+00 1.622718792867448911e+00 4.926979232595646074e+00 7.012640307876763401e+00 2.180243650963714863e+00 1.944581208353947765e+00 1.625654779718090470e+00 1.505820282533145704e+00 1.505820282533145704e+00 1.534983266909443644e+00 1.534983266909443644e+00
1.505820282533145704e+00 1.505820282533145704e+00 1.505820282533145704e+00 1.505820282533145704e+00 1.534983266909443644e+00 1.505820282533145704e+00 4.082792637366374322e+01 3.862475872793899256e+00 1.944581208353947765e+00 1.788494826497445622e+00 1.810271914937500171e+00 1.625654779718090470e+00 1.505820282533145704e+00 1.505820282533145704e+00 1.505820282533145704e+00 1.505820282533145704e+00
1.505820282533145704e+00 1.505820282533145704e+00 1.534983266909443644e+00 1.505820282533145704e+00 1.534983266909443644e+00 1.622718792867448911e+00 5.592623694326074713e+01 2.216275070757786292e+00 5.556713732430552888e+00 1.810271914937500171e+00 1.788494826497445622e+00 1.810271914937500171e+00 1.625654779718090470e+00 1.625654779718090470e+00 1.625654779718090470e+00 1.505820282533145704e+00
1.505820282533145704e+00 1.505820282533145704e+00 1.505820282533145704e+00 1.534983266909443644e+00 1.505820282533145704e+00 1.622718792867448911e+00 5.049174174531185777e+00 1.788494826497445622e+00 1.810271914937500171e+00 1.625654779718090470e+00 1.625654779718090470e+00 1.625654779718090470e+00 1.625654779718090470e+00 1.625654779718090470e+00 1.625654779718090470e+00 1.622526593836228104e+00
1.505820282533145704e+00 1.534983266909443644e+00 1.505820282533145704e+00 1.534983266909443644e+00 1.505820282533145704e+00 1.123410349759825522e+01 5.049174174531185777e+00 1.625654779718090470e+00 1.622526593836228104e+00 1.625654779718090470e+00 1.625654779718090470e+00 1.625654779718090470e+00 1.625654779718090470e+00 1.625654779718090470e+00 1.625654779718090470e+00 1.622526593836228104e+00
1.505820282533145704e+00 1.505820282533145704e+00 1.505820282533145704e+00 1.534983266909443644e+00 1.622718792867448911e+00 1.881599380042666469e+00 1.625654779718090470e+00 1.625654779718090470e+00 1.622526593836228104e+00 1.622526593836228104e+00 1.625654779718090470e+00 1.625654779718090470e+00 1.625654779718090470e+00 1.625654779718090470e+00 1.625654779718090470e+00 1.505820282533145704e+00
1.505820282533145704e+00 1.505820282533145704e+00 1.505820282533145704e+00 1.534983266909443644e+00 1.622718792867448911e+00 1.625654779718090470e+00 1.625654779718090470e+00 1.622526593836228104e+00 1.622526593836228104e+00 1.622718792867448911e+00 1.622526593836228104e+00 1.622526593836228104e+00 1.534983266909443644e+00 1.505820282533145704e+00 1.534983266909443644e+00 1.505820282533145704e+00
