1.625654779718090470e+00 1.625654779718090470e+00 1.505820282533145704e+00 1.505820282533145704e+00 1.505820282533145704e+00 1.505820282533145704e+00 1.622526593836228104e+00 1.810271914937500171e+00 1.892562280073323944e+00 1.892562280073323944e+00 1.505820282533145704e+00 1.505820282533145704e+00 1.840618840530330091e+00 1.840618840530330091e+00 1.505820282533145704e+00 1.505820282533145704e+00
1.622526593836228104e+00 1.622526593836228104e+00 1.505820282533145704e+00 1.625654779718090470e+00 1.505820282533145704e+00 1.625654779718090470e+00 1.625654779718090470e+00 1.622526593836228104e+00 1.788494826497445622e+00 1.810271914937500171e+00 1.505820282533145704e+00 1.622718792867448911e+00 3.291824421820384039e+00 1.840618840530330091e+00 1.625654779718090470e+00 1.505820282533145704e+00
1.505820282533145704e+00 1.505820282533145704e+00 1.622526593836228104e+00 1.788494826497445622e+00 1.622718792867448911e+00 1.625654779718090470e+00 1.625654779718090470e+00 1.625654779718090470e+00 1.622526593836228104e+00 1.622526593836228104e+00 1.622526593836228104e+00 1.903717856779896467e+00 2.216275070757786292e+00 1.944306667598198812e+00 1.840618840530330091e+00 1.625654779718090470e+00
1.505820282533145704e+00 1.625654779718090470e+00 1.622526593836228104e+00 1.622526593836228104e+00 1.625654779718090470e+00 1.625654779718090470e+00 1.625654779718090470e+00 1.625654779718090470e+00 1.622718792867448911e+00 1.622526593836228104e+00 1.767682422936826425e+00 2.040384644082730237e+00 3.277058384116439349e+00 1.944581208353947765e+00 2.068562414864952181e+00 1.625654779718090470e+00
1.505820282533145704e+00 1.505820282533145704e+00 1.788494826497445622e+00 1.622718792867448911e+00 1.625654779718090470e+00 1.625654779718090470e+00 1.625654779718090470e+00 1.505820282533145704e+00 1.505820282533145704e+00 1.625654779718090470e+00 1.622718792867448911e+00 1.622718792867448911e+00 3.291824421820384039e+00 1.944581208353947765e+00 1.788494826497445622e+00 1.625654779718090470e+00
1.505820282533145704e+00 1.505820282533145704e+00 1.625654779718090470e+00 1.625654779718090470e+00 1.625654779718090470e+00 1.625654779718090470e+00 1.622526593836228104e+00 1.622526593836228104e+00 1.505820282533145704e+00 1.505820282533145704e+00 1.505820282533145704e+00 2.849102869945708605e+00 1.084782875572525462e+01 1.788494826497445622e+00 1.625654779718090470e+00 1.625654779718090470e+00
1.505820282533145704e+00 1.505820282533145704e+00 1.622718792867448911e+00 1.625654779718090470e+00 1.625654779718090470e+00 1.625654779718090470e+00 1.625654779718090470e+00 1.622526593836228104e+00 1.505820282533145704e+00 1.505820282533145704e+00 1.505820282533145704e+00 2.040384644082730237e+00 1.788494826497445622e+00 1.625654779718090470e+00 1.625654779718090470e+00 1.622526593836228104e+00
1.505820282533145704e+00 1.505820282533145704e+00 1.505820282533145704e+00 1.505820282533145704e+00 1.625654779718090470e+00 1.625654779718090470e+00 1.625654779718090470e+00 1.625654779718090470e+00 1.622526593836228104e+00 1.505820282533145704e+00 1.622718792867448911e+00 3.116330426473489457e+00 1.625654779718090470e+00 1.625654779718090470e+00 1.622526593836228104e+00 1.622526593836228104e+00
1.505820282533145704e+00 1.505820282533145704e+00 1.505820282533145704e+00 1.505820282533145704e+00 1.625654779718090470e+00 1.625654779718090470e+00 1.625654779718090470e+00 1.625654779718090470e+00 1.505820282533145704e+00 1.505820282533145704e+00 3.479283029946313999e+00 1.788494826497445622e+00 1.625654779718090470e+00 1.625654779718090470e+00 1.625654779718090470e+00 1.622526593836228104e+00
1.505820282533145704e+00 1.505820282533145704e+00 1.505820282533145704e+00 1.505820282533145704e+00 1.505820282533145704e+00 1.505820282533145704e+00 1.625654779718090470e+00 1.505820282533145704e+00 1.505820282533145704e+00 2.040384644082730237e+00 1.788494826497445622e+00 1.625654779718090470e+00 1.625654779718090470e+00 1.625654779718090470e+00 1.625654779718090470e+00 1.625654779718090470e+00
1.505820282533145704e+00 1.505820282533145704e+00 1.505820282533145704e+00 1.505820282533145704e+00 1.505820282533145704e+00 1.625654779718090470e+00 1.505820282533145704e+00 1.505820282533145704e+00 1.622718792867448911e+00 3.116330426473489457e+00 1.625654779718090470e+00 1.625654779718090470e+00 1.622526593836228104e+00 1.625654779718090470e+00 1.505820282533145704e+00 1.625654779718090470e+00
1.505820282533145704e+00 1.505820282533145704e+00 1.505820282533145704e+00 1.505820282533145704e+00 1.505820282533145704e+00 1.505820282533145704e+00 1.622718792867448911e+00 2.040384644082730237e+00 2.040384644082730237e+00 1.788494826497445622e+00 1.625654779718090470e+00 1.622526593836228104e+00 1.505820282533145704e+00 1.505820282533145704e+00 1.505820282533145704e+00 1.505820282533145704e+00
1.505820282533145704e+00 1.505820282533145704e+00 1.505820282533145704e+00 1.505820282533145704e+00 1.505820282533145704e+00 1.622718792867448911e+00 1.903717856779896467e+00 6.308847409656444860e+00 1.788494826497445622e+00 1.625654779718090470e+00 1.622526593836228104e+00 1.505820282533145704e+00 1.505820282533145704e+00 1.505820282533145704e+00 1.505820282533145704e+00 1.505820282533145704e+00
1.505820282533145704e+00 1.505820282533145704e+00 1.505820282533145704e+00 1.505820282533145704e+00 1.505820282533145704e+00 2.040384644082730237e+00 6.308847409656444860e+00 1.788494826497445622e+00 1.625654779718090470e+00 1.622526593836228104e+00 1.505820282533145704e+00 1.505820282533145704e+00 1.505820282533145704e+00 1.505820282533145704e+00 1.505820282533145704e+00 1.505820282533145704e+00
1.505820282533145704e+00 1.505820282533145704e+00 1.505820282533145704e+00 1.505820282533145704e+00 1.553946486564567486e+01 6.308847409656444860e+00 5.671426971613698242e+00 1.625654779718090470e+00 1.622526593836228104e+00 1.505820282533145704e+00 1.505820282533145704e+00 1.505820282533145704e+00 1.505820282533145704e+00 1.505820282533145704e+00 1.505820282533145704e+00 1.505820282533145704e+00
1.505820282533145704e+00 1.505820282533145704e+00 1.505820282533145704e+00 1.622718792867448911e+00 1.352029838807353990e+01 9.991250512825683217e+00 1.625654779718090470e+00 1.622526593836228104e+00 1.625654779718090470e+00 1.505820282533145704e+00 1.505820282533145704e+00 1.505820282533145704e+00 1.505820282533145704e+00 1.505820282533145704e+00 1.505820282533145704e+00 1.505820282533145704e+00
