1.490764621835024073e+01 2.262499397793781597e+01 3.128394201055609258e+01 4.081956841828245075e+01 4.983822368743089015e+01 6.074621983801635849e+01 6.844044968464113765e+01 7.878893620836069545e+01 8.722589585550102242e+01 8.722589585550102242e+01 8.722589585550102242e+01 8.722589585550102242e+01 8.020773573716195415e+01 8.020773573716195415e+01 6.167008920251516457e+01 5.015254844989028271e+01
2.262499397793781597e+01 3.128394201055609258e+01 4.081956841828245075e+01 5.405221124920397813e+01 6.844044968464113765e+01 7.878893620836069545e+01 8.504037850105105178e+01 9.021067945127830967e+01 9.956435446780089649e+01 1.059304198937127808e+02 1.022075677177853663e+02 1.031577979059279215e+02 9.074934614591967375e+01 8.811181130813470475e+01 8.085219837404822840e+01 6.880336590531923946e+01
3.128394201055609258e+01 4.270384788187706704e+01 5.307523861520136421e+01 6.844044968464113765e+01 7.715322644552414033e+01 8.895554613955805223e+01 9.225463827187763854e+01 9.225463827187763854e+01 9.225463827187763854e+01 9.760867444806230253e+01 9.760867444806230253e+01 9.760867444806230253e+01 9.225463827187763854e+01 8.930018972944259303e+01 8.285347511992638658e+01 7.760122794132865920e+01
4.081956841828245075e+01 5.713906026125180659e+01 6.844044968464113765e+01 7.506030068865901228e+01 7.927324203359182775e+01 7.996361312056907877e+01 7.996361312056907877e+01 7.743578373271708415e+01 7.743578373271708415e+01 7.743578373271708415e+01 7.743578373271708415e+01 7.743578373271708415e+01 7.743578373271708415e+01 7.743578373271708415e+01 7.844902607179642473e+01 7.927324203359182775e+01
5.713906026125180659e+01 6.954864618789136443e+01 8.226593914949606301e+01 7.760122794132865920e+01 7.271899683027569949e+01 6.686262633229259222e+01 6.509889864879620802e+01 5.303279176541767015e+01 5.242217026451471895e+01 5.179057638402360197e+01 5.179057638402360197e+01 5.179057638402360197e+01 5.401750476463909223e+01 6.496152023820579302e+01 7.083210424379701919e+01 7.844902607179642473e+01
6.954864618789136443e+01 8.504037850105105178e+01 8.963559187185383337e+01 7.996361312056907877e+01 6.686262633229259222e+01 5.125585970523434298e+01 4.911590708988956067e+01 3.921325040625543323e+01 3.785244638487399271e+01 3.294752189236299955e+01 3.294752189236299955e+01 3.294752189236299955e+01 3.893760198929871308e+01 4.938647566927682675e+01 5.742312915911143989e+01 7.364535731293224785e+01
7.715322644552414033e+01 8.839722188850328166e+01 8.373455527695631417e+01 6.924617169516641013e+01 5.522794666889759441e+01 3.740913035595779945e+01 3.356718643000610314e+01 2.413007323935489268e+01 2.413007323935489268e+01 2.099452645827386021e+01 2.099452645827386021e+01 2.364834749642011857e+01 2.805690722171622653e+01 4.207938333527285124e+01 5.496445167320184311e+01 6.495180958240619873e+01
8.226593914949606301e+01 8.473573829095661836e+01 7.290832164801706483e+01 5.522794666889759441e+01 4.146048177561450387e+01 2.981840445127907913e+01 2.413007323935489268e+01 2.099452645827386021e+01 1.490764621835024073e+01 1.490764621835024073e+01 1.490764621835024073e+01 2.043043872802901362e+01 2.946283699161703495e+01 4.291902378293908527e+01 5.823552419137749325e+01 6.984338266879555590e+01
7.927324203359182775e+01 7.996361312056907877e+01 6.255633134320679289e+01 4.836841159819910985e+01 2.981840445127907913e+01 2.413007323935489268e+01 1.490764621835024073e+01 6.688785287436603610e+00 3.912226921252709211e+00 1.490764621835024073e+01 1.490764621835024073e+01 2.262499397793781597e+01 3.495562852021232914e+01 4.841942721306894981e+01 6.576033126559576658e+01 7.537639301824872007e+01
7.760122794132865920e+01 7.248777957080282874e+01 5.374912771504440201e+01 3.725303777605445532e+01 2.413007323935489268e+01 2.066481353813202304e+01 1.490764621835024073e+01 3.912226921252709211e+00 1.490764621835024073e+01 1.490764621835024073e+01 2.262499397793781597e+01 3.128394201055609258e+01 4.478475034098685370e+01 6.030933534441450661e+01 7.259883059198604371e+01 7.900067495000051565e+01
7.760122794132865920e+01 6.475371500751785447e+01 4.796950589069371063e+01 3.459098985032657225e+01 2.339032622597251176e+01 2.167654998520700005e+01 1.490764621835024073e+01 1.490764621835024073e+01 2.118570335971453389e+01 2.262499397793781597e+01 3.128394201055609258e+01 4.081956841828245075e+01 5.903869601305989789e+01 7.715322644552414033e+01 8.226593914949606301e+01 8.003803139272154965e+01
8.085219837404822840e+01 6.880336590531923946e+01 5.322499464806075764e+01 3.643734573363914819e+01 2.386538491569505283e+01 2.305498412197278668e+01 2.262499397793781597e+01 2.911788083380110947e+01 2.911788083380110947e+01 3.380166129676859299e+01 4.685409477342067674e+01 5.903869601305989789e+01 6.954864618789136443e+01 8.504037850105105178e+01 9.074934614591967375e+01 8.373455527695631417e+01
8.003803139272154965e+01 7.355468143760201372e+01 6.125688544344362896e+01 4.676348413381428060e+01 3.732875846568126121e+01 3.416766417104511788e+01 3.732875846568126121e+01 3.821803125709242011e+01 4.308274675113928964e+01 5.676022213370916347e+01 6.074621983801635849e+01 7.124535512014875849e+01 8.504037850105105178e+01 9.141965620332034348e+01 8.666786445806604888e+01 7.290832164801706483e+01
8.416582023433454651e+01 8.003803139272154965e+01 7.355468143760201372e+01 6.125688544344362896e+01 5.283770823731391886e+01 5.449179102600994895e+01 5.676022213370916347e+01 5.676022213370916347e+01 7.124535512014875849e+01 6.844044968464113765e+01 8.504037850105105178e+01 8.504037850105105178e+01 9.141965620332034348e+01 8.930018972944259303e+01 8.373455527695631417e+01 6.924617169516641013e+01
8.352089375652924730e+01 8.785810593853119599e+01 8.641917440682664164e+01 8.020773573716195415e+01 8.020773573716195415e+01 7.124535512014875849e+01 7.124535512014875849e+01 7.878893620836069545e+01 8.722589585550102242e+01 8.504037850105105178e+01 9.141965620332034348e+01 9.406749221823942264e+01 8.930018972944259303e+01 7.996361312056907877e+01 6.686262633229259222e+01 5.272313432434406621e+01
7.083210424379701919e+01 8.352089375652924730e+01 8.785810593853119599e+01 8.416582023433454651e+01 8.641917440682664164e+01 8.641917440682664164e+01 8.504037850105105178e+01 9.141965620332034348e+01 9.141965620332034348e+01 9.406749221823942264e+01 8.930018972944259303e+01 8.930018972944259303e+01 7.996361312056907877e+01 6.686262633229259222e+01 5.125585970523434298e+01 3.740913035595779945e+01
