1.244331633743329846e+01 1.244331633743329846e+01 1.930047387418822780e+01 2.172695406029917820e+01 2.912118748957043834e+01 3.499031030344925597e+01 3.104155430644053482e+01 2.634356179176718271e+01 2.024561130363329653e+01 1.714216565094186961e+01 1.916448842617289472e+01 2.696340115518902891e+01 3.792990949327494121e+01 4.693389366411609842e+01 5.773212345594731687e+01 6.131029046153504680e+01
1.244331633743329846e+01 1.930047387418822780e+01 2.172695406029917820e+01 3.116027787994455167e+01 4.017641363731016213e+01 4.362335657137416689e+01 4.444842145650680720e+01 3.388327331715466073e+01 2.634356179176718271e+01 2.059854541915351689e+01 2.264450057703457730e+01 3.209658572703418855e+01 4.537323731100641311e+01 5.845990687253964069e+01 6.397008647368246415e+01 6.022757304494517427e+01
1.714216565094186961e+01 2.172695406029917820e+01 3.063463101114760079e+01 4.123177687547044457e+01 5.258565587448005374e+01 5.458562911484497704e+01 4.871916684269817921e+01 3.875349463918648496e+01 2.867044301638793513e+01 2.435458670088777566e+01 2.748643666474881897e+01 3.828576241492169885e+01 5.311133994051801466e+01 6.183894666194113654e+01 6.638899547020545810e+01 5.727516851348065785e+01
1.916448842617289472e+01 3.063463101114760079e+01 4.123177687547044457e+01 5.449024959814691726e+01 5.930204469217589036e+01 6.131029046153504680e+01 5.320300699419177448e+01 3.896721076934696271e+01 2.977140238872014422e+01 2.807194822598817296e+01 3.327430397176647148e+01 4.537323731100641311e+01 5.817892563047020360e+01 6.544758129311962591e+01 6.094613195651283633e+01 5.273125496174565541e+01
2.594898449869690182e+01 3.792990949327494121e+01 4.987222864058878002e+01 6.293692475586286861e+01 6.638899547020545810e+01 6.022757304494517427e+01 4.746742502200883251e+01 3.540122234784649180e+01 3.165243628195050007e+01 3.218354256020281667e+01 4.223501258110447765e+01 5.449024959814691726e+01 6.240375783612863358e+01 6.638899547020545810e+01 5.727516851348065785e+01 4.294773923243307934e+01
3.312634467409248629e+01 4.537323731100641311e+01 5.845990687253964069e+01 6.910317910440788580e+01 6.638899547020545810e+01 5.727516851348065785e+01 4.569019212501020633e+01 3.371699294205782849e+01 3.218354256020281667e+01 3.901776247008923804e+01 4.987222864058878002e+01 6.104654904158404349e+01 6.795692121536839636e+01 6.408859796029220490e+01 5.295679960022625465e+01 3.757368409289333755e+01
4.501273435277307300e+01 5.891164667591005610e+01 6.908585204257734347e+01 7.620168676589452161e+01 6.816789031324088910e+01 5.906994834854484822e+01 4.428538160993062434e+01 3.548817096548010852e+01 4.228086115193340788e+01 4.923615197465122861e+01 6.104654904158404349e+01 6.835118243689883855e+01 7.324557622595479245e+01 6.034350700196793582e+01 4.892021191862705365e+01 3.553201435861976165e+01
5.351491976977646203e+01 6.919829857328710432e+01 7.970177369002033174e+01 7.796518140783115314e+01 7.702234545801081822e+01 6.488145356238496220e+01 5.534419184056410757e+01 5.283770823731391886e+01 5.392097120802671384e+01 6.366719979563193732e+01 7.154725022331210482e+01 7.938108175889104245e+01 7.289983972422855629e+01 6.034350700196793582e+01 4.556961039129651425e+01 2.987604540115767549e+01
5.904697954214974231e+01 8.177120254772806618e+01 8.749902820080302490e+01 8.795835439079235130e+01 8.442340140413944027e+01 7.735342378899196092e+01 7.146297400280283796e+01 7.392315983043552308e+01 7.154725022331210482e+01 7.738247656030415556e+01 8.722066484925464636e+01 8.706149779331552452e+01 7.579093101905009178e+01 5.912753418509537795e+01 4.089501615103349508e+01 2.914291836547769421e+01
6.593594242301763586e+01 8.274738080798513806e+01 9.304488066564717030e+01 9.597903100260415954e+01 9.597903100260415954e+01 8.795835439079235130e+01 8.956033239956913405e+01 9.311599916600906113e+01 9.311599916600906113e+01 9.221188102941945886e+01 9.560668704077430391e+01 8.817115283851822483e+01 7.487867716653516936e+01 5.526528261217743676e+01 3.691328893433362879e+01 2.447974877772926661e+01
5.955528455812201116e+01 7.083210424379701919e+01 8.573820998446007025e+01 8.939972615873192296e+01 9.012372296282347861e+01 9.304488066564717030e+01 9.751401460366560059e+01 1.009699147788753777e+02 1.043894096706405321e+02 1.043894096706405321e+02 9.519569282771895757e+01 8.161997241936794012e+01 6.686599515606567934e+01 4.836841159819910985e+01 3.246688958449384899e+01 2.139376138143637363e+01
4.709909676126857647e+01 6.280915408616499462e+01 7.649885125035550004e+01 7.649885125035550004e+01 8.573820998446007025e+01 8.939972615873192296e+01 9.391992917719214518e+01 9.993968233155605674e+01 1.020778428755261587e+02 1.025965321012304088e+02 8.741842784313377024e+01 7.612597584009664331e+01 5.510648067287431218e+01 3.508303465417256461e+01 2.499610228114664068e+01 1.963117394123969461e+01
3.618977403132529247e+01 4.709909676126857647e+01 5.622097624617246225e+01 6.280915408616499462e+01 6.447475190557446467e+01 7.649885125035550004e+01 8.561150958761848528e+01 9.341317306135543674e+01 9.667379091929234392e+01 9.046465395952149890e+01 7.612597584009664331e+01 5.756819920895392073e+01 3.948470801576380751e+01 2.921001084040733531e+01 2.139376138143637363e+01 1.244331633743329846e+01
2.201791782224634630e+01 3.319628845048985255e+01 3.441335573231974365e+01 4.118125071076553922e+01 5.563344511153259475e+01 6.200837037614875413e+01 7.398235442954549512e+01 8.056828711594575054e+01 8.472178905093163337e+01 7.427002764121536416e+01 6.039578871495153578e+01 4.470920677121153375e+01 3.055658173898176955e+01 2.139376138143637363e+01 1.244331633743329846e+01 1.244331633743329846e+01
1.554163303091571180e+01 2.205718248473758081e+01 2.330286669282571310e+01 2.965069685419140555e+01 3.884011613256937068e+01 5.288784974934593208e+01 6.478662602378409474e+01 7.421703243256391147e+01 7.675904334325838363e+01 6.253306761411111836e+01 4.753857874924225513e+01 3.508303465417256461e+01 2.447974877772926661e+01 1.554163303091571180e+01 1.244331633743329846e+01 1.244331633743329846e+01
1.244331633743329846e+01 1.244331633743329846e+01 1.875655842271689266e+01 2.201791782224634630e+01 3.408140382799940937e+01 4.295957503324920168e+01 6.082882422064118089e+01 6.843962750517067661e+01 6.622671287475509416e+01 5.137037221910119911e+01 3.948470801576380751e+01 2.921001084040733531e+01 1.963117394123969461e+01 1.244331633743329846e+01 1.244331633743329846e+01 1.244331633743329846e+01
