1.975373363637834778e+00 2.095160260765045468e+00 2.044984827171790975e+00 2.044984827171790975e+00 2.044984827171790975e+00 2.044984827171790975e+00 2.044984827171790975e+00 2.044984827171790975e+00 2.044984827171790975e+00 2.044984827171790975e+00 2.044984827171790975e+00 2.044984827171790975e+00 2.044984827171790975e+00 2.044984827171790975e+00 2.044984827171790975e+00 2.095160260765045468e+00
2.044984827171790975e+00 2.044984827171790975e+00 2.044984827171790975e+00 2.044984827171790975e+00 2.044984827171790975e+00 2.044984827171790975e+00 2.044984827171790975e+00 2.044984827171790975e+00 2.044984827171790975e+00 3.075057257275644051e+00 4.077940322224359981e+00 6.095955002713804305e+00 6.095955002713804305e+00 6.095955002713804305e+00 2.044984827171790975e+00 2.044984827171790975e+00
2.044984827171790975e+00 1.975373363637834778e+00 2.044984827171790975e+00 2.044984827171790975e+00 3.075057257275644051e+00 4.077940322224359981e+00 6.095955002713804305e+00 6.095955002713804305e+00 6.095955002713804305e+00 3.267786686742199009e+01 6.275383970864667305e+01 6.275383970864667305e+01 6.275383970864667305e+01 6.275383970864667305e+01 6.275383970864667305e+01 2.044984827171790975e+00
6.095955002713804305e+00 6.095955002713804305e+00 6.095955002713804305e+00 6.095955002713804305e+00 3.267786686742199009e+01 6.275383970864667305e+01 6.275383970864667305e+01 6.275383970864667305e+01 6.275383970864667305e+01 1.317222475010416076e+02 1.553231075851614946e+02 1.553231075851614946e+02 1.553231075851614946e+02 1.553231075851614946e+02 9.746157614304402728e+01 9.573331852798842689e+00
6.275383970864667305e+01 6.275383970864667305e+01 6.275383970864667305e+01 6.275383970864667305e+01 1.317222475010416076e+02 1.553231075851614946e+02 1.503743496948895881e+02 1.553231075851614946e+02 1.563018964476645465e+02 1.427329245797081398e+02 1.460158932946977188e+02 1.579287757887381360e+02 1.583022394118391389e+02 1.572029219741336874e+02 1.589961054231775677e+02 9.573331852798842689e+00
1.553231075851614946e+02 1.553231075851614946e+02 1.553231075851614946e+02 1.583022394118391389e+02 1.579287757887381360e+02 1.589961054231775677e+02 1.427329245797081398e+02 1.204099693521177272e+02 8.845338492833806754e+01 9.942291879055596837e+01 6.667395191446749436e+01 1.503743496948895881e+02 1.583022394118391389e+02 1.583022394118391389e+02 1.589961054231775677e+02 3.290201438943368828e+01
1.463460501932617035e+02 1.583022394118391389e+02 1.589961054231775677e+02 1.204099693521177272e+02 9.942291879055596837e+01 9.070784018904984691e+01 9.942291879055596837e+01 6.237866589616215762e+00 2.815630162110827950e+00 2.577395874573233314e+01 1.843439022084276857e+01 8.142671147728228220e+01 1.583022394118391389e+02 1.583022394118391389e+02 1.589961054231775677e+02 2.044984827171790975e+00
1.204099693521177272e+02 1.204099693521177272e+02 6.237866589616215762e+00 2.815630162110827950e+00 1.388548638013974923e+01 2.095160260765045468e+00 2.095160260765045468e+00 2.044984827171790975e+00 1.975373363637834778e+00 2.095160260765045468e+00 1.388548638013974923e+01 7.353424438672842456e+00 1.572029219741336874e+02 1.589961054231775677e+02 1.589961054231775677e+02 2.044984827171790975e+00
3.197733830975500169e+01 2.815630162110827950e+00 2.044984827171790975e+00 2.044984827171790975e+00 1.975373363637834778e+00 2.044984827171790975e+00 2.044984827171790975e+00 2.044984827171790975e+00 2.044984827171790975e+00 2.044984827171790975e+00 1.975373363637834778e+00 4.077940322224359981e+00 1.572029219741336874e+02 1.589961054231775677e+02 3.290201438943368828e+01 2.044984827171790975e+00
2.044984827171790975e+00 1.975373363637834778e+00 2.231444845964986268e+00 2.044984827171790975e+00 2.095160260765045468e+00 2.044984827171790975e+00 2.044984827171790975e+00 2.044984827171790975e+00 2.044984827171790975e+00 2.044984827171790975e+00 3.075057257275644051e+00 4.077940322224359981e+00 1.563018964476645465e+02 1.589961054231775677e+02 3.290201438943368828e+01 2.044984827171790975e+00
2.044984827171790975e+00 2.095160260765045468e+00 2.044984827171790975e+00 1.975373363637834778e+00 2.044984827171790975e+00 2.044984827171790975e+00 2.044984827171790975e+00 2.044984827171790975e+00 2.044984827171790975e+00 2.044984827171790975e+00 4.077940322224359981e+00 1.583022394118391389e+02 1.376086512486680817e+02 1.589961054231775677e+02 2.044984827171790975e+00 1.975373363637834778e+00
2.044984827171790975e+00 2.044984827171790975e+00 2.044984827171790975e+00 2.044984827171790975e+00 2.044984827171790975e+00 2.044984827171790975e+00 2.044984827171790975e+00 2.044984827171790975e+00 2.044984827171790975e+00 2.044984827171790975e+00 4.077940322224359981e+00 1.563018964476645465e+02 1.589961054231775677e+02 3.290201438943368828e+01 2.044984827171790975e+00 1.975373363637834778e+00
2.095160260765045468e+00 2.095160260765045468e+00 2.044984827171790975e+00 2.044984827171790975e+00 2.044984827171790975e+00 2.044984827171790975e+00 2.044984827171790975e+00 2.044984827171790975e+00 2.044984827171790975e+00 2.044984827171790975e+00 4.077940322224359981e+00 1.572029219741336874e+02 1.547247358898350740e+02 4.134398619627998528e+01 2.044984827171790975e+00 2.095160260765045468e+00
2.095160260765045468e+00 2.095160260765045468e+00 2.044984827171790975e+00 2.044984827171790975e+00 2.044984827171790975e+00 2.044984827171790975e+00 2.044984827171790975e+00 2.044984827171790975e+00 2.044984827171790975e+00 3.075057257275644051e+00 4.077940322224359981e+00 1.563018964476645465e+02 1.589961054231775677e+02 3.290201438943368828e+01 2.044984827171790975e+00 2.095160260765045468e+00
1.975373363637834778e+00 2.095160260765045468e+00 2.044984827171790975e+00 2.044984827171790975e+00 2.044984827171790975e+00 2.044984827171790975e+00 2.044984827171790975e+00 2.044984827171790975e+00 2.044984827171790975e+00 4.077940322224359981e+00 1.583022394118391389e+02 1.376086512486680817e+02 1.589961054231775677e+02 2.044984827171790975e+00 1.975373363637834778e+00 2.095160260765045468e+00
1.975373363637834778e+00 2.095160260765045468e+00 2.044984827171790975e+00 2.044984827171790975e+00 2.044984827171790975e+00 2.095160260765045468e+00 2.095160260765045468e+00 2.044984827171790975e+00 3.075057257275644051e+00 4.077940322224359981e+00 1.572029219741336874e+02 1.589961054231775677e+02 3.290201438943368828e+01 2.044984827171790975e+00 1.975373363637834778e+00 2.095160260765045468e+00
