3.379669219798658020e+01 4.308274675113928964e+01 4.983822368743089015e+01 5.449179102600994895e+01 5.449179102600994895e+01 5.449179102600994895e+01 5.535117508169023637e+01 5.535117508169023637e+01 5.672362976955872682e+01 5.887476323717615401e+01 5.672362976955872682e+01 5.283770823731391886e+01 4.673540016395035224e+01 3.737519627524034860e+01 2.317669273999402790e+01 2.180932263928728077e+01
4.491875267574650366e+01 5.887476323717615401e+01 6.973917014989969232e+01 7.158241775558296638e+01 8.721471195931547982e+01 8.721471195931547982e+01 8.721471195931547982e+01 8.721471195931547982e+01 8.721471195931547982e+01 8.721471195931547982e+01 8.721471195931547982e+01 8.003803139272154965e+01 6.874582310174146471e+01 4.673540016395035224e+01 3.103033747808384746e+01 2.390693879149698375e+01
5.903869601305989789e+01 6.954864618789136443e+01 8.494702705216242578e+01 8.721471195931547982e+01 9.845162188029664208e+01 9.845162188029664208e+01 9.845162188029664208e+01 1.090008847252354229e+02 1.090008847252354229e+02 1.090008847252354229e+02 1.045738634924122863e+02 1.027729472345596804e+02 8.003803139272154965e+01 5.994938685855434812e+01 4.110452070860131357e+01 2.390693879149698375e+01
5.786920961544829822e+01 8.110810380407389175e+01 9.021067945127830967e+01 1.009105316665551868e+02 1.090008847252354229e+02 1.090008847252354229e+02 1.090008847252354229e+02 1.090008847252354229e+02 1.090008847252354229e+02 1.090008847252354229e+02 0.000000000000000000e+00 1.090008847252354229e+02 1.027729472345596804e+02 7.355468143760201372e+01 5.277684220550771954e+01 2.768004264788487134e+01
5.786920961544829822e+01 7.083210424379701919e+01 8.561745414062028203e+01 9.661332046632189474e+01 9.661332046632189474e+01 1.090008847252354229e+02 1.027729472345596804e+02 1.009105316665551868e+02 1.090008847252354229e+02 1.090008847252354229e+02 1.090008847252354229e+02 1.090008847252354229e+02 1.045738634924122863e+02 8.588911206310264390e+01 5.277684220550771954e+01 3.724338701329737233e+01
4.725540117473100565e+01 5.621327035080459211e+01 6.507795702258502502e+01 7.083210424379701919e+01 7.746000713917425173e+01 7.689035061323157549e+01 7.689035061323157549e+01 7.566638397161472085e+01 8.633746521462508383e+01 9.661332046632189474e+01 1.090008847252354229e+02 1.090008847252354229e+02 1.045738634924122863e+02 8.588911206310264390e+01 6.211685430149904619e+01 3.724338701329737233e+01
3.425818285275747854e+01 4.170066305612757418e+01 4.823411601895421086e+01 5.037271484142379308e+01 5.037271484142379308e+01 5.037271484142379308e+01 5.037271484142379308e+01 5.404652827377249480e+01 7.083210424379701919e+01 8.561745414062028203e+01 9.661332046632189474e+01 1.090008847252354229e+02 1.045738634924122863e+02 8.588911206310264390e+01 5.465769524313000716e+01 3.724338701329737233e+01
2.139840636446014699e+01 2.704930722627693029e+01 3.344678142888719208e+01 3.344678142888719208e+01 3.344678142888719208e+01 3.344678142888719208e+01 3.706945111650122016e+01 4.209428069186715504e+01 5.786920961544829822e+01 8.057083708057774629e+01 9.661332046632189474e+01 1.009105316665551868e+02 1.027729472345596804e+02 8.588911206310264390e+01 5.465769524313000716e+01 3.724338701329737233e+01
1.486926091218450097e+01 2.167154078357939184e+01 2.167154078357939184e+01 2.139840636446014699e+01 2.139840636446014699e+01 2.167154078357939184e+01 2.704930722627693029e+01 4.209428069186715504e+01 5.360020713096480449e+01 8.057083708057774629e+01 9.661332046632189474e+01 1.027729472345596804e+02 9.158853189852806054e+01 7.555261066572006712e+01 5.237028105721692839e+01 2.768004264788487134e+01
1.486926091218450097e+01 1.486926091218450097e+01 1.486926091218450097e+01 1.486926091218450097e+01 1.486926091218450097e+01 2.167154078357939184e+01 2.825838132880653930e+01 3.937623760778375015e+01 6.034318700772296751e+01 8.057083708057774629e+01 1.009105316665551868e+02 1.027729472345596804e+02 8.778196673079278867e+01 6.558114984552396720e+01 4.252659855254992749e+01 2.876413906564024714e+01
1.486926091218450097e+01 1.486926091218450097e+01 1.486926091218450097e+01 1.486926091218450097e+01 1.486926091218450097e+01 2.262145943875823662e+01 2.958380043177355034e+01 4.427287430920635813e+01 6.392637168397009617e+01 9.021067945127830967e+01 9.845162188029664208e+01 1.027729472345596804e+02 8.588911206310264390e+01 6.243854784849994388e+01 4.146048177561450387e+01 2.345672870943605304e+01
1.486926091218450097e+01 1.486926091218450097e+01 1.486926091218450097e+01 1.486926091218450097e+01 1.486926091218450097e+01 2.305000664218932016e+01 3.937623760778375015e+01 5.903869601305989789e+01 8.057083708057774629e+01 9.021067945127830967e+01 9.845162188029664208e+01 9.158853189852806054e+01 7.555261066572006712e+01 5.465769524313000716e+01 3.490730636404342846e+01 2.180932263928728077e+01
1.486926091218450097e+01 1.486926091218450097e+01 1.486926091218450097e+01 1.486926091218450097e+01 2.262145943875823662e+01 2.926434042971579430e+01 4.427287430920635813e+01 6.392637168397009617e+01 8.057083708057774629e+01 9.845162188029664208e+01 1.027729472345596804e+02 8.588911206310264390e+01 6.558114984552396720e+01 4.338550540957594137e+01 2.876413906564024714e+01 2.180932263928728077e+01
1.486926091218450097e+01 1.486926091218450097e+01 1.486926091218450097e+01 1.486926091218450097e+01 2.262145943875823662e+01 3.515976866548723478e+01 5.360020713096480449e+01 7.492060064894162963e+01 9.021067945127830967e+01 9.845162188029664208e+01 9.158853189852806054e+01 7.555261066572006712e+01 5.465769524313000716e+01 3.490730636404342846e+01 2.345672870943605304e+01 1.486926091218450097e+01
1.486926091218450097e+01 1.486926091218450097e+01 1.486926091218450097e+01 1.486926091218450097e+01 2.958380043177355034e+01 4.040998488337644545e+01 6.392637168397009617e+01 8.057083708057774629e+01 9.845162188029664208e+01 1.027729472345596804e+02 8.778196673079278867e+01 6.558114984552396720e+01 4.796950589069371063e+01 2.876413906564024714e+01 2.180932263928728077e+01 1.486926091218450097e+01
1.486926091218450097e+01 1.486926091218450097e+01 1.486926091218450097e+01 2.262145943875823662e+01 2.958380043177355034e+01 5.209024638092114401e+01 6.954864618789136443e+01 9.021067945127830967e+01 9.845162188029664208e+01 1.027729472345596804e+02 8.588911206310264390e+01 6.243854784849994388e+01 4.146048177561450387e+01 2.345672870943605304e+01 1.486926091218450097e+01 1.486926091218450097e+01
