2.134887852884368442e+01 3.393780230930418895e+01 4.536796952694106722e+01 5.684769937770074932e+01 7.263476173772208710e+01 7.392315983043552308e+01 7.902209746987847439e+01 7.976203972478793958e+01 8.265145500800952050e+01 8.140097691496650611e+01 8.415337455715672377e+01 8.415337455715672377e+01 8.563583128981684922e+01 8.502415651630691684e+01 7.796518140783115314e+01 6.662341256261321121e+01
3.063463101114760079e+01 4.194902768889316036e+01 6.037416651969778769e+01 7.263476173772208710e+01 8.498283273832437601e+01 8.843547935612019728e+01 8.427958500183348178e+01 8.427958500183348178e+01 7.769991012273925435e+01 7.769991012273925435e+01 7.769991012273925435e+01 8.056828711594575054e+01 8.056828711594575054e+01 8.949354414649128842e+01 8.396443398427838645e+01 7.050298085409099258e+01
3.682792426107506856e+01 5.352778481809706079e+01 7.687652808644639890e+01 8.498283273832437601e+01 9.194033894136178731e+01 8.935191233432462354e+01 7.859600914349499590e+01 7.182700724876319498e+01 7.105050057459550317e+01 7.105050057459550317e+01 6.280915408616499462e+01 7.043924290055264237e+01 7.641820177652680002e+01 8.284709206536085446e+01 8.680341516976150729e+01 7.557860543072955295e+01
3.954718576297125310e+01 6.065131453022745944e+01 7.687652808644639890e+01 8.962704003776298123e+01 9.455567368906409342e+01 8.296635620742860340e+01 7.092260198686329886e+01 5.972147064513190884e+01 5.972147064513190884e+01 5.991854386219682027e+01 5.991854386219682027e+01 6.640729566880285972e+01 7.216115395422441736e+01 8.035540253491654994e+01 8.427958500183348178e+01 7.198846125147848340e+01
4.246302693796747008e+01 6.151563416551466190e+01 8.177439966418575068e+01 9.121247724687289349e+01 8.935191233432462354e+01 7.817456954459217400e+01 6.475750524934274210e+01 5.876124416381143334e+01 5.144801943515857801e+01 5.379801202820273431e+01 5.845990687253964069e+01 6.835118243689883855e+01 7.216115395422441736e+01 8.035540253491654994e+01 7.828661894609574290e+01 6.713714367757182799e+01
4.246302693796747008e+01 6.681233267346206617e+01 8.177439966418575068e+01 9.121247724687289349e+01 9.562155704412899127e+01 8.736182758046489027e+01 7.735342378899196092e+01 6.650481653805863402e+01 6.650481653805863402e+01 6.230044950506459855e+01 7.392315983043552308e+01 7.853061109554005270e+01 8.181148071520250653e+01 7.631574892777247499e+01 7.194169416836933806e+01 6.114962547611485633e+01
3.795702533492153918e+01 6.151563416551466190e+01 7.398235442954549512e+01 9.391319337452583227e+01 9.893165429527016386e+01 9.783557077727857632e+01 8.795835439079235130e+01 8.502415651630691684e+01 8.722426330995939736e+01 8.722426330995939736e+01 8.722426330995939736e+01 8.722426330995939736e+01 8.919169294289365268e+01 7.828661894609574290e+01 6.726193653350229340e+01 5.137037221910119911e+01
3.860599313351403339e+01 5.288784974934593208e+01 7.315434101131151579e+01 9.391319337452583227e+01 1.070783051268820856e+02 1.061908466120788290e+02 1.087858176554220364e+02 1.049291321872612741e+02 1.049291321872612741e+02 1.049291321872612741e+02 1.079431496540102984e+02 1.035266411904224668e+02 9.495727361826226343e+01 7.557860543072955295e+01 5.860150517909050905e+01 4.420764442377149805e+01
3.170692334560349579e+01 5.040186192969609635e+01 6.808669875355538181e+01 9.142078038660045536e+01 1.055264199545257071e+02 1.124028946949183876e+02 1.124028946949183876e+02 1.124028946949183876e+02 1.124028946949183876e+02 1.168805407916046875e+02 1.124028946949183876e+02 1.097660131963763064e+02 9.495727361826226343e+01 7.817456954459217400e+01 5.912753418509537795e+01 3.718277572296367595e+01
2.931819292855864489e+01 4.551275656485937304e+01 6.704773219265824480e+01 9.142078038660045536e+01 9.987159153155968738e+01 1.091220703391076512e+02 1.091220703391076512e+02 1.091220703391076512e+02 1.091220703391076512e+02 1.091220703391076512e+02 1.107370328621094302e+02 1.076174138063917098e+02 9.495727361826226343e+01 8.537028255888111516e+01 5.907455998781303208e+01 4.019659863314314663e+01
2.946286586408010422e+01 4.551275656485937304e+01 6.681233267346206617e+01 8.177439966418575068e+01 9.675595847756349599e+01 1.017825886340392714e+02 9.581085468682337591e+01 9.581085468682337591e+01 9.581085468682337591e+01 9.581085468682337591e+01 1.003726970600896777e+02 1.017825886340392714e+02 1.002204825941503685e+02 8.655346914613808451e+01 6.662341256261321121e+01 4.356657898909884352e+01
2.946286586408010422e+01 5.036815546253161102e+01 6.704773219265824480e+01 8.664847485060971621e+01 9.262543256769893674e+01 9.046465395952149890e+01 7.612597584009664331e+01 7.105050057459550317e+01 7.105050057459550317e+01 7.745865016879275800e+01 8.633746521462508383e+01 9.200696767979155766e+01 9.763719381890307147e+01 8.736182758046489027e+01 7.050298085409099258e+01 4.924260902585130140e+01
3.682792426107506856e+01 5.348642963493335856e+01 7.687652808644639890e+01 8.831580515319136282e+01 8.822216138733706714e+01 7.817456954459217400e+01 6.419553049065471839e+01 5.972147064513190884e+01 5.303105443996843604e+01 5.991854386219682027e+01 7.083210424379701919e+01 8.251739837533192201e+01 8.939972615873192296e+01 8.581857194278505574e+01 7.050298085409099258e+01 4.924260902585130140e+01
3.609976110308651442e+01 5.531892856036142803e+01 7.687652808644639890e+01 8.962704003776298123e+01 8.843547935612019728e+01 7.817456954459217400e+01 6.297132821708313344e+01 4.994560300473065695e+01 4.622750146674759719e+01 5.496445167320184311e+01 6.576634706792674478e+01 8.354818944602928354e+01 8.284709206536085446e+01 8.296635620742860340e+01 6.605650234097772966e+01 4.825478174496291217e+01
3.170692334560349579e+01 5.288784974934593208e+01 7.315434101131151579e+01 8.354818944602928354e+01 8.912236735181113545e+01 8.655346914613808451e+01 6.800989171950672585e+01 5.534419184056410757e+01 5.543798350533040065e+01 6.104654904158404349e+01 6.983380277898082511e+01 7.718280243879374325e+01 8.427958500183348178e+01 7.579166072701008261e+01 6.114962547611485633e+01 4.420764442377149805e+01
2.457359322706658133e+01 4.246302693796747008e+01 6.808669875355538181e+01 8.251739837533192201e+01 8.781541297834274928e+01 8.736182758046489027e+01 7.735342378899196092e+01 7.735342378899196092e+01 7.234457042065032795e+01 7.392315983043552308e+01 7.812675445249038830e+01 7.631574892777247499e+01 7.464781566574646376e+01 6.686599515606567934e+01 5.137037221910119911e+01 3.691783643158159123e+01
