1.415617725122456427e+00 1.415617725122456427e+00 1.767682422936826425e+00 1.582438332434558781e+00 2.021502363616991538e+00 1.440190230361461099e+00 7.413694088166979945e+00 1.425896555810054736e+02 1.425896555810054736e+02 1.451570334658058528e+02 5.135074578730662864e+01 1.944306667598198812e+00 1.840618840530330091e+00 1.683818914895259145e+00 1.525714757970519475e+00 1.429191776549753712e+00
1.415617725122456427e+00 1.415617725122456427e+00 1.415617725122456427e+00 1.534983266909443644e+00 1.713879342711117415e+00 4.473611664105578001e+01 2.482581166320742128e+01 8.602858057769543620e+01 4.192142240475808279e+01 4.192142240475808279e+01 1.788494826497445622e+00 1.981269105773677097e+00 1.440190230361461099e+00 1.683818914895259145e+00 1.525714757970519475e+00 1.415617725122456427e+00
1.440190230361461099e+00 1.415617725122456427e+00 1.415617725122456427e+00 1.824045474040495662e+00 2.283666764201732846e+01 5.049174174531185777e+00 1.625654779718090470e+00 1.565893698736717354e+00 1.565893698736717354e+00 1.926102387163636021e+00 1.625654779718090470e+00 1.582438332434558781e+00 1.903717856779896467e+00 1.663872246750510930e+00 1.429191776549753712e+00 1.429191776549753712e+00
1.415617725122456427e+00 1.415617725122456427e+00 1.440190230361461099e+00 1.713879342711117415e+00 1.926102387163636021e+00 1.625654779718090470e+00 1.525714757970519475e+00 1.525714757970519475e+00 1.565893698736717354e+00 1.565893698736717354e+00 1.582438332434558781e+00 1.582438332434558781e+00 2.695169293160172064e+00 2.180243650963714863e+00 1.429191776549753712e+00 1.429191776549753712e+00
1.415617725122456427e+00 1.415617725122456427e+00 1.824045474040495662e+00 5.173005517254773089e+00 1.694843766470576440e+00 1.525714757970519475e+00 1.429191776549753712e+00 1.429191776549753712e+00 1.429191776549753712e+00 1.429191776549753712e+00 1.440190230361461099e+00 1.565893698736717354e+00 1.582438332434558781e+00 1.788494826497445622e+00 1.525714757970519475e+00 1.429191776549753712e+00
1.429191776549753712e+00 1.440190230361461099e+00 1.440190230361461099e+00 1.788494826497445622e+00 1.525714757970519475e+00 1.429191776549753712e+00 1.429191776549753712e+00 1.429191776549753712e+00 1.440190230361461099e+00 1.440190230361461099e+00 1.440190230361461099e+00 1.440190230361461099e+00 1.582438332434558781e+00 1.565893698736717354e+00 1.525714757970519475e+00 1.525714757970519475e+00
1.429191776549753712e+00 1.582438332434558781e+00 1.625654779718090470e+00 1.694843766470576440e+00 1.525714757970519475e+00 1.636656868508016061e+00 1.429191776549753712e+00 1.429191776549753712e+00 1.415617725122456427e+00 1.440190230361461099e+00 1.415617725122456427e+00 1.429191776549753712e+00 1.582438332434558781e+00 1.429191776549753712e+00 1.525714757970519475e+00 1.429191776549753712e+00
1.440190230361461099e+00 1.440190230361461099e+00 1.713879342711117415e+00 1.788494826497445622e+00 1.694843766470576440e+00 1.636656868508016061e+00 1.429191776549753712e+00 1.565893698736717354e+00 1.429191776549753712e+00 1.415617725122456427e+00 1.415617725122456427e+00 1.440190230361461099e+00 1.582438332434558781e+00 1.534983266909443644e+00 1.440190230361461099e+00 1.429191776549753712e+00
1.440190230361461099e+00 1.582438332434558781e+00 1.903717856779896467e+00 1.694843766470576440e+00 1.788494826497445622e+00 1.636656868508016061e+00 1.525714757970519475e+00 1.582438332434558781e+00 1.582438332434558781e+00 1.415617725122456427e+00 1.429191776549753712e+00 1.525714757970519475e+00 1.565893698736717354e+00 1.565893698736717354e+00 1.525714757970519475e+00 1.429191776549753712e+00
1.440190230361461099e+00 1.440190230361461099e+00 1.903717856779896467e+00 1.694843766470576440e+00 1.582438332434558781e+00 1.713879342711117415e+00 1.525714757970519475e+00 1.525714757970519475e+00 1.429191776549753712e+00 1.429191776549753712e+00 1.440190230361461099e+00 1.429191776549753712e+00 1.565893698736717354e+00 1.582438332434558781e+00 1.525714757970519475e+00 1.429191776549753712e+00
1.415617725122456427e+00 1.582438332434558781e+00 1.903717856779896467e+00 1.694843766470576440e+00 1.565893698736717354e+00 1.565893698736717354e+00 1.525714757970519475e+00 1.415617725122456427e+00 1.415617725122456427e+00 1.415617725122456427e+00 1.440190230361461099e+00 1.440190230361461099e+00 1.440190230361461099e+00 1.440190230361461099e+00 1.440190230361461099e+00 1.525714757970519475e+00
1.415617725122456427e+00 1.824045474040495662e+00 6.600749880237533773e+01 1.663872246750510930e+00 1.525714757970519475e+00 1.525714757970519475e+00 1.429191776549753712e+00 1.429191776549753712e+00 1.415617725122456427e+00 1.415617725122456427e+00 1.440190230361461099e+00 1.440190230361461099e+00 1.440190230361461099e+00 2.204024891225135452e+00 1.663872246750510930e+00 1.525714757970519475e+00
1.440190230361461099e+00 1.713879342711117415e+00 4.082792637366374322e+01 2.180243650963714863e+00 1.440190230361461099e+00 1.525714757970519475e+00 1.429191776549753712e+00 1.415617725122456427e+00 1.415617725122456427e+00 1.415617725122456427e+00 1.440190230361461099e+00 1.440190230361461099e+00 1.440190230361461099e+00 1.788494826497445622e+00 1.625654779718090470e+00 1.565893698736717354e+00
1.582438332434558781e+00 1.582438332434558781e+00 1.874627129948019189e+01 8.724888908799282916e+00 3.032009554873845492e+00 1.440190230361461099e+00 1.429191776549753712e+00 1.565893698736717354e+00 1.582438332434558781e+00 1.440190230361461099e+00 1.713879342711117415e+00 5.509273497357060734e+00 1.900679987190105447e+00 1.636656868508016061e+00 1.525714757970519475e+00 1.525714757970519475e+00
1.440190230361461099e+00 1.565893698736717354e+00 3.383480613846181484e+01 8.867911092750789237e+01 8.724888908799282916e+00 6.992944833038984953e+00 2.033024655429373162e+00 1.440190230361461099e+00 1.440190230361461099e+00 1.824045474040495662e+00 1.865261024953802194e+00 3.887041362986366266e+00 1.694843766470576440e+00 1.565893698736717354e+00 1.525714757970519475e+00 1.525714757970519475e+00
1.415617725122456427e+00 1.582438332434558781e+00 1.565893698736717354e+00 1.123410349759825522e+01 8.142671147728228220e+01 5.135074578730662864e+01 2.180243650963714863e+00 1.440190230361461099e+00 2.353174730654323366e+00 4.081683508285813389e+00 2.074416174556797277e+00 1.788494826497445622e+00 1.525714757970519475e+00 1.525714757970519475e+00 1.525714757970519475e+00 1.525714757970519475e+00
