1.440190230361461099e+00 1.693279404870398963e+00 1.858867881318531756e+00 2.074416174556797277e+00 2.074416174556797277e+00 1.926102387163636021e+00 1.788494826497445622e+00 1.525714757970519475e+00 1.525714757970519475e+00 1.525714757970519475e+00 1.429191776549753712e+00 1.415617725122456427e+00 1.415617725122456427e+00 1.440190230361461099e+00 1.440190230361461099e+00 1.429191776549753712e+00
1.788494826497445622e+00 1.634571104829562360e+00 1.687375857914326094e+00 1.625654779718090470e+00 1.565893698736717354e+00 1.565893698736717354e+00 1.582438332434558781e+00 1.525714757970519475e+00 1.429191776549753712e+00 1.429191776549753712e+00 1.429191776549753712e+00 1.415617725122456427e+00 1.440190230361461099e+00 1.415617725122456427e+00 1.415617725122456427e+00 1.440190230361461099e+00
1.565893698736717354e+00 1.565893698736717354e+00 1.565893698736717354e+00 1.565893698736717354e+00 1.525714757970519475e+00 1.713879342711117415e+00 1.440190230361461099e+00 1.440190230361461099e+00 1.440190230361461099e+00 1.429191776549753712e+00 1.415617725122456427e+00 1.415617725122456427e+00 1.415617725122456427e+00 1.415617725122456427e+00 1.625654779718090470e+00 1.565893698736717354e+00
1.415617725122456427e+00 1.429191776549753712e+00 1.440190230361461099e+00 1.429191776549753712e+00 1.440190230361461099e+00 1.440190230361461099e+00 1.440190230361461099e+00 1.160713168423933723e+02 6.600749880237533773e+01 1.663872246750510930e+00 1.440190230361461099e+00 1.429191776549753712e+00 1.415617725122456427e+00 1.440190230361461099e+00 1.525714757970519475e+00 1.525714757970519475e+00
1.415617725122456427e+00 1.440190230361461099e+00 1.440190230361461099e+00 1.440190230361461099e+00 1.440190230361461099e+00 1.303682434484837529e+02 1.185787988700877236e+02 1.607946269238549064e+02 1.354753598823798768e+02 3.363867394007790068e+01 1.440190230361461099e+00 1.440190230361461099e+00 1.440190230361461099e+00 1.440190230361461099e+00 1.663872246750510930e+00 1.429191776549753712e+00
1.415617725122456427e+00 1.415617725122456427e+00 1.429191776549753712e+00 1.565893698736717354e+00 2.074416174556797277e+00 4.942731389324050895e+01 4.783951446585248846e+01 1.588081739199221261e+02 1.019337450995182905e+02 3.291824421820384039e+00 3.032009554873845492e+00 1.440190230361461099e+00 2.033024655429373162e+00 2.096642234117325199e+00 1.663872246750510930e+00 1.525714757970519475e+00
1.415617725122456427e+00 1.440190230361461099e+00 1.415617725122456427e+00 1.565893698736717354e+00 1.582438332434558781e+00 1.858867881318531756e+00 2.074416174556797277e+00 4.192142240475808279e+01 2.482581166320742128e+01 4.192142240475808279e+01 1.926102387163636021e+00 1.926102387163636021e+00 3.130173001653901999e+00 1.903717856779896467e+00 1.683818914895259145e+00 1.525714757970519475e+00
1.440190230361461099e+00 1.440190230361461099e+00 1.440190230361461099e+00 1.440190230361461099e+00 1.582438332434558781e+00 1.834840212542224736e+00 1.834840212542224736e+00 1.834840212542224736e+00 1.636656868508016061e+00 1.625654779718090470e+00 1.565893698736717354e+00 1.565893698736717354e+00 1.687375857914326094e+00 1.788494826497445622e+00 1.525714757970519475e+00 1.565893698736717354e+00
1.440190230361461099e+00 1.440190230361461099e+00 1.440190230361461099e+00 1.440190230361461099e+00 1.440190230361461099e+00 1.788494826497445622e+00 1.836615629133679262e+00 1.792038123638457492e+00 1.636656868508016061e+00 1.525714757970519475e+00 1.565893698736717354e+00 1.565893698736717354e+00 1.565893698736717354e+00 1.565893698736717354e+00 1.525714757970519475e+00 1.525714757970519475e+00
1.415617725122456427e+00 1.415617725122456427e+00 1.415617725122456427e+00 1.788494826497445622e+00 1.625654779718090470e+00 1.565893698736717354e+00 1.565893698736717354e+00 1.687375857914326094e+00 1.525714757970519475e+00 1.525714757970519475e+00 1.525714757970519475e+00 1.429191776549753712e+00 1.565893698736717354e+00 1.565893698736717354e+00 1.525714757970519475e+00 1.525714757970519475e+00
1.415617725122456427e+00 1.415617725122456427e+00 1.415617725122456427e+00 1.525714757970519475e+00 1.525714757970519475e+00 1.565893698736717354e+00 1.565893698736717354e+00 1.565893698736717354e+00 1.525714757970519475e+00 1.525714757970519475e+00 1.429191776549753712e+00 1.429191776549753712e+00 1.429191776549753712e+00 1.440190230361461099e+00 1.525714757970519475e+00 1.525714757970519475e+00
1.415617725122456427e+00 1.415617725122456427e+00 1.415617725122456427e+00 1.440190230361461099e+00 1.525714757970519475e+00 1.525714757970519475e+00 1.429191776549753712e+00 1.429191776549753712e+00 1.525714757970519475e+00 1.429191776549753712e+00 1.429191776549753712e+00 1.429191776549753712e+00 1.429191776549753712e+00 1.429191776549753712e+00 1.525714757970519475e+00 1.525714757970519475e+00
1.415617725122456427e+00 1.415617725122456427e+00 1.415617725122456427e+00 1.440190230361461099e+00 1.440190230361461099e+00 1.440190230361461099e+00 1.429191776549753712e+00 1.429191776549753712e+00 1.415617725122456427e+00 1.429191776549753712e+00 1.429191776549753712e+00 1.525714757970519475e+00 1.525714757970519475e+00 1.429191776549753712e+00 1.534983266909443644e+00 1.525714757970519475e+00
1.429191776549753712e+00 1.415617725122456427e+00 1.440190230361461099e+00 1.534983266909443644e+00 1.440190230361461099e+00 1.440190230361461099e+00 1.440190230361461099e+00 1.440190230361461099e+00 1.440190230361461099e+00 1.440190230361461099e+00 1.440190230361461099e+00 1.429191776549753712e+00 1.429191776549753712e+00 1.440190230361461099e+00 1.440190230361461099e+00 1.429191776549753712e+00
1.429191776549753712e+00 1.429191776549753712e+00 1.440190230361461099e+00 1.582438332434558781e+00 1.713879342711117415e+00 5.067330372175010922e+00 2.484917540661546909e+00 2.484917540661546909e+00 6.992944833038984953e+00 3.032009554873845492e+00 1.440190230361461099e+00 1.440190230361461099e+00 1.440190230361461099e+00 1.440190230361461099e+00 3.291824421820384039e+00 1.683818914895259145e+00
1.440190230361461099e+00 1.440190230361461099e+00 1.415617725122456427e+00 1.565893698736717354e+00 2.849102869945708605e+00 1.926102387163636021e+00 1.582438332434558781e+00 5.775097182261056616e+00 5.838668214154559166e+00 6.992944833038984953e+00 6.992944833038984953e+00 6.992944833038984953e+00 6.992944833038984953e+00 6.992944833038984953e+00 1.788494826497445622e+00 1.525714757970519475e+00
