1.505820282533145704e+00 1.840618840530330091e+00 1.505820282533145704e+00 1.505820282533145704e+00 1.944306667598198812e+00 1.505820282533145704e+00 1.505820282533145704e+00 1.505820282533145704e+00 1.505820282533145704e+00 1.505820282533145704e+00 1.505820282533145704e+00 1.622718792867448911e+00 1.944581208353947765e+00 1.944581208353947765e+00 1.944581208353947765e+00 1.892562280073323944e+00
2.464034703686591055e+00 2.180243650963714863e+00 2.040384644082730237e+00 2.095160260765045468e+00 1.944581208353947765e+00 2.068562414864952181e+00 1.938490054871187196e+00 1.505820282533145704e+00 1.505820282533145704e+00 1.505820282533145704e+00 1.505820282533145704e+00 1.944306667598198812e+00 1.944581208353947765e+00 1.942796543582066882e+00 1.903717856779896467e+00 1.625654779718090470e+00
1.903717856779896467e+00 2.180243650963714863e+00 2.060314738732574202e+00 2.180243650963714863e+00 1.892562280073323944e+00 1.892562280073323944e+00 1.892562280073323944e+00 1.892562280073323944e+00 1.892562280073323944e+00 1.892562280073323944e+00 1.938490054871187196e+00 1.944306667598198812e+00 2.060314738732574202e+00 1.944581208353947765e+00 1.903717856779896467e+00 1.625654779718090470e+00
3.871252899755895527e+01 9.573331852798842689e+00 1.944581208353947765e+00 1.938490054871187196e+00 1.892562280073323944e+00 1.892562280073323944e+00 1.892562280073323944e+00 1.892562280073323944e+00 1.892562280073323944e+00 1.892562280073323944e+00 1.892562280073323944e+00 1.767682422936826425e+00 1.903717856779896467e+00 1.840618840530330091e+00 1.938490054871187196e+00 1.625654779718090470e+00
3.652966514449746427e+01 3.641678589480030581e+01 1.944581208353947765e+00 1.892562280073323944e+00 1.892562280073323944e+00 1.892562280073323944e+00 1.903717856779896467e+00 1.892562280073323944e+00 1.625654779718090470e+00 1.625654779718090470e+00 1.625654779718090470e+00 1.824045474040495662e+00 1.903717856779896467e+00 2.040384644082730237e+00 2.180243650963714863e+00 1.840618840530330091e+00
1.862975195417457286e+01 2.216275070757786292e+00 1.944581208353947765e+00 1.892562280073323944e+00 1.892562280073323944e+00 1.903717856779896467e+00 1.903717856779896467e+00 1.625654779718090470e+00 1.625654779718090470e+00 1.625654779718090470e+00 1.767682422936826425e+00 1.622718792867448911e+00 2.464034703686591055e+00 2.464034703686591055e+00 5.814468368804068810e+00 1.840618840530330091e+00
2.095160260765045468e+00 1.625654779718090470e+00 1.892562280073323944e+00 1.625654779718090470e+00 1.903717856779896467e+00 1.625654779718090470e+00 1.625654779718090470e+00 1.625654779718090470e+00 1.622718792867448911e+00 1.505820282533145704e+00 1.505820282533145704e+00 2.464034703686591055e+00 1.622718792867448911e+00 8.846977473045772911e+01 3.641678589480030581e+01 1.944581208353947765e+00
1.625654779718090470e+00 1.625654779718090470e+00 1.625654779718090470e+00 1.625654779718090470e+00 1.625654779718090470e+00 1.625654779718090470e+00 1.625654779718090470e+00 1.625654779718090470e+00 1.622718792867448911e+00 1.622718792867448911e+00 1.622718792867448911e+00 2.040384644082730237e+00 5.592623694326074713e+01 5.049174174531185777e+00 3.641678589480030581e+01 1.944581208353947765e+00
1.625654779718090470e+00 1.625654779718090470e+00 1.625654779718090470e+00 1.625654779718090470e+00 1.625654779718090470e+00 1.625654779718090470e+00 1.784269284441977410e+00 1.840618840530330091e+00 1.767682422936826425e+00 4.082792637366374322e+01 3.871252899755895527e+01 8.685663331200119330e+01 9.035538331919397592e+01 5.049174174531185777e+00 2.216275070757786292e+00 1.625654779718090470e+00
1.505820282533145704e+00 1.505820282533145704e+00 1.625654779718090470e+00 1.625654779718090470e+00 1.625654779718090470e+00 1.625654779718090470e+00 1.767682422936826425e+00 1.824045474040495662e+00 1.903717856779896467e+00 1.622718792867448911e+00 1.551117739220845237e+01 1.081489139166406233e+02 5.049174174531185777e+00 1.779450912579647337e+01 1.625654779718090470e+00 1.625654779718090470e+00
1.505820282533145704e+00 1.505820282533145704e+00 1.505820282533145704e+00 1.625654779718090470e+00 1.625654779718090470e+00 1.625654779718090470e+00 1.625654779718090470e+00 1.784269284441977410e+00 1.824045474040495662e+00 1.123410349759825522e+01 6.237866589616215762e+00 5.049174174531185777e+00 1.625654779718090470e+00 1.625654779718090470e+00 1.625654779718090470e+00 1.625654779718090470e+00
1.622718792867448911e+00 1.505820282533145704e+00 1.505820282533145704e+00 1.505820282533145704e+00 1.505820282533145704e+00 1.505820282533145704e+00 1.625654779718090470e+00 1.622718792867448911e+00 1.824045474040495662e+00 2.040384644082730237e+00 6.140566059880274707e+00 1.625654779718090470e+00 1.625654779718090470e+00 1.625654779718090470e+00 1.625654779718090470e+00 1.625654779718090470e+00
1.505820282533145704e+00 1.505820282533145704e+00 1.505820282533145704e+00 1.505820282533145704e+00 1.505820282533145704e+00 1.505820282533145704e+00 1.505820282533145704e+00 1.622718792867448911e+00 1.622718792867448911e+00 3.116330426473489457e+00 1.625654779718090470e+00 1.625654779718090470e+00 1.505820282533145704e+00 1.505820282533145704e+00 1.505820282533145704e+00 1.505820282533145704e+00
1.892562280073323944e+00 1.505820282533145704e+00 1.505820282533145704e+00 1.505820282533145704e+00 1.505820282533145704e+00 1.505820282533145704e+00 1.505820282533145704e+00 1.505820282533145704e+00 3.813694197530632657e+00 1.944306667598198812e+00 1.625654779718090470e+00 1.505820282533145704e+00 1.505820282533145704e+00 1.505820282533145704e+00 1.505820282533145704e+00 1.505820282533145704e+00
1.892562280073323944e+00 1.625654779718090470e+00 1.505820282533145704e+00 1.505820282533145704e+00 1.505820282533145704e+00 1.505820282533145704e+00 1.505820282533145704e+00 1.505820282533145704e+00 3.944566581487539025e+00 1.944581208353947765e+00 1.625654779718090470e+00 1.505820282533145704e+00 1.505820282533145704e+00 1.505820282533145704e+00 1.505820282533145704e+00 1.505820282533145704e+00
1.892562280073323944e+00 1.625654779718090470e+00 1.505820282533145704e+00 1.505820282533145704e+00 1.505820282533145704e+00 1.505820282533145704e+00 1.505820282533145704e+00 1.622718792867448911e+00 1.938490054871187196e+00 1.625654779718090470e+00 1.625654779718090470e+00 1.505820282533145704e+00 1.505820282533145704e+00 1.505820282533145704e+00 1.505820282533145704e+00 1.505820282533145704e+00
