1.429191776549753712e+00 1.429191776549753712e+00 1.429191776549753712e+00 1.429191776549753712e+00 1.625654779718090470e+00 1.625654779718090470e+00 1.694843766470576440e+00 1.625654779718090470e+00 1.806457169970574483e+00 1.505820282533145704e+00 1.534983266909443644e+00 1.840618840530330091e+00 1.694843766470576440e+00 1.694843766470576440e+00 1.584816097561938086e+00 1.584816097561938086e+00
1.429191776549753712e+00 1.429191776549753712e+00 1.429191776549753712e+00 1.537309919807072767e+00 1.625654779718090470e+00 1.537309919807072767e+00 1.694843766470576440e+00 1.694843766470576440e+00 1.584816097561938086e+00 1.788494826497445622e+00 1.767682422936826425e+00 2.040384644082730237e+00 1.893147798040760943e+00 1.625654779718090470e+00 1.625654779718090470e+00 1.584816097561938086e+00
1.429191776549753712e+00 1.429191776549753712e+00 1.625654779718090470e+00 1.625654779718090470e+00 1.537309919807072767e+00 1.584816097561938086e+00 1.584816097561938086e+00 1.537309919807072767e+00 1.537309919807072767e+00 1.584816097561938086e+00 1.584816097561938086e+00 1.903717856779896467e+00 2.409247642574010140e+00 1.694843766470576440e+00 1.694843766470576440e+00 1.694843766470576440e+00
1.429191776549753712e+00 1.537309919807072767e+00 1.537309919807072767e+00 1.537309919807072767e+00 1.584816097561938086e+00 1.537309919807072767e+00 1.537309919807072767e+00 1.584816097561938086e+00 1.537309919807072767e+00 1.584816097561938086e+00 1.584816097561938086e+00 2.040384644082730237e+00 1.903717856779896467e+00 1.788494826497445622e+00 1.836615629133679262e+00 1.694843766470576440e+00
1.429191776549753712e+00 1.537309919807072767e+00 1.429191776549753712e+00 1.429191776549753712e+00 1.429191776549753712e+00 1.537309919807072767e+00 1.429191776549753712e+00 1.429191776549753712e+00 1.429191776549753712e+00 1.429191776549753712e+00 1.429191776549753712e+00 1.584816097561938086e+00 2.509957748756710405e+00 1.944306667598198812e+00 1.836615629133679262e+00 1.788494826497445622e+00
1.429191776549753712e+00 1.429191776549753712e+00 1.429191776549753712e+00 1.429191776549753712e+00 1.429191776549753712e+00 1.429191776549753712e+00 1.429191776549753712e+00 1.429191776549753712e+00 1.534983266909443644e+00 1.429191776549753712e+00 1.429191776549753712e+00 1.505820282533145704e+00 1.788494826497445622e+00 1.893147798040760943e+00 1.893147798040760943e+00 1.831108556455189662e+00
1.429191776549753712e+00 1.429191776549753712e+00 1.429191776549753712e+00 1.429191776549753712e+00 1.429191776549753712e+00 1.429191776549753712e+00 1.584816097561938086e+00 1.584816097561938086e+00 1.584816097561938086e+00 1.505820282533145704e+00 1.505820282533145704e+00 1.903717856779896467e+00 1.788494826497445622e+00 1.849784157697840659e+00 1.849784157697840659e+00 1.625654779718090470e+00
1.429191776549753712e+00 1.429191776549753712e+00 1.429191776549753712e+00 1.429191776549753712e+00 1.429191776549753712e+00 1.429191776549753712e+00 1.584816097561938086e+00 1.584816097561938086e+00 1.584816097561938086e+00 1.584816097561938086e+00 1.584816097561938086e+00 1.806457169970574483e+00 1.625654779718090470e+00 1.584816097561938086e+00 1.537309919807072767e+00 1.537309919807072767e+00
1.429191776549753712e+00 1.429191776549753712e+00 1.429191776549753712e+00 1.429191776549753712e+00 1.429191776549753712e+00 1.429191776549753712e+00 1.584816097561938086e+00 1.584816097561938086e+00 1.584816097561938086e+00 1.625654779718090470e+00 1.625654779718090470e+00 1.537309919807072767e+00 1.537309919807072767e+00 1.429191776549753712e+00 1.537309919807072767e+00 1.537309919807072767e+00
1.429191776549753712e+00 1.429191776549753712e+00 1.429191776549753712e+00 1.429191776549753712e+00 1.429191776549753712e+00 1.537309919807072767e+00 1.584816097561938086e+00 1.584816097561938086e+00 1.584816097561938086e+00 1.625654779718090470e+00 1.584816097561938086e+00 1.429191776549753712e+00 1.429191776549753712e+00 1.429191776549753712e+00 1.429191776549753712e+00 1.429191776549753712e+00
1.429191776549753712e+00 1.429191776549753712e+00 1.429191776549753712e+00 1.429191776549753712e+00 1.429191776549753712e+00 1.537309919807072767e+00 1.584816097561938086e+00 1.584816097561938086e+00 1.537309919807072767e+00 1.537309919807072767e+00 1.537309919807072767e+00 1.429191776549753712e+00 1.429191776549753712e+00 1.429191776549753712e+00 1.429191776549753712e+00 1.429191776549753712e+00
1.429191776549753712e+00 1.429191776549753712e+00 1.429191776549753712e+00 1.429191776549753712e+00 1.429191776549753712e+00 1.429191776549753712e+00 1.429191776549753712e+00 1.429191776549753712e+00 1.537309919807072767e+00 1.584816097561938086e+00 1.429191776549753712e+00 1.429191776549753712e+00 1.505820282533145704e+00 1.429191776549753712e+00 1.429191776549753712e+00 1.429191776549753712e+00
1.429191776549753712e+00 1.429191776549753712e+00 1.429191776549753712e+00 1.429191776549753712e+00 1.429191776549753712e+00 1.429191776549753712e+00 1.429191776549753712e+00 1.505820282533145704e+00 1.429191776549753712e+00 1.429191776549753712e+00 1.429191776549753712e+00 1.505820282533145704e+00 1.429191776549753712e+00 1.429191776549753712e+00 1.429191776549753712e+00 1.429191776549753712e+00
1.429191776549753712e+00 1.429191776549753712e+00 1.429191776549753712e+00 1.429191776549753712e+00 1.429191776549753712e+00 1.429191776549753712e+00 1.505820282533145704e+00 1.788494826497445622e+00 1.625654779718090470e+00 1.429191776549753712e+00 1.429191776549753712e+00 1.429191776549753712e+00 1.429191776549753712e+00 1.429191776549753712e+00 1.429191776549753712e+00 1.429191776549753712e+00
1.429191776549753712e+00 1.429191776549753712e+00 1.429191776549753712e+00 1.429191776549753712e+00 1.429191776549753712e+00 1.534983266909443644e+00 3.758627331481962042e+00 1.694843766470576440e+00 1.537309919807072767e+00 1.429191776549753712e+00 1.429191776549753712e+00 1.429191776549753712e+00 1.429191776549753712e+00 1.429191776549753712e+00 1.429191776549753712e+00 1.429191776549753712e+00
1.429191776549753712e+00 1.429191776549753712e+00 1.429191776549753712e+00 1.429191776549753712e+00 1.429191776549753712e+00 1.505820282533145704e+00 1.806457169970574483e+00 1.625654779718090470e+00 1.429191776549753712e+00 1.429191776549753712e+00 1.429191776549753712e+00 1.429191776549753712e+00 1.429191776549753712e+00 1.429191776549753712e+00 1.429191776549753712e+00 1.429191776549753712e+00
