1.505820282533145704e+00 1.505820282533145704e+00 1.534983266909443644e+00 1.625654779718090470e+00 1.505820282533145704e+00 1.534983266909443644e+00 1.625654779718090470e+00 1.505820282533145704e+00 1.505820282533145704e+00 1.505820282533145704e+00 1.505820282533145704e+00 1.505820282533145704e+00 1.505820282533145704e+00 1.505820282533145704e+00 1.505820282533145704e+00 1.505820282533145704e+00
1.505820282533145704e+00 1.534983266909443644e+00 1.534983266909443644e+00 1.505820282533145704e+00 1.534983266909443644e+00 1.505820282533145704e+00 1.534983266909443644e+00 1.625654779718090470e+00 1.505820282533145704e+00 1.505820282533145704e+00 1.505820282533145704e+00 1.505820282533145704e+00 1.505820282533145704e+00 1.505820282533145704e+00 1.505820282533145704e+00 1.505820282533145704e+00
1.505820282533145704e+00 1.505820282533145704e+00 1.534983266909443644e+00 1.505820282533145704e+00 1.534983266909443644e+00 1.505820282533145704e+00 1.505820282533145704e+00 1.534983266909443644e+00 1.622718792867448911e+00 1.505820282533145704e+00 1.505820282533145704e+00 1.505820282533145704e+00 1.505820282533145704e+00 1.505820282533145704e+00 1.505820282533145704e+00 1.505820282533145704e+00
1.505820282533145704e+00 1.505820282533145704e+00 1.534983266909443644e+00 1.534983266909443644e+00 1.505820282533145704e+00 1.505820282533145704e+00 1.534983266909443644e+00 1.534983266909443644e+00 1.625654779718090470e+00 1.505820282533145704e+00 1.505820282533145704e+00 1.505820282533145704e+00 1.505820282533145704e+00 1.505820282533145704e+00 1.505820282533145704e+00 1.505820282533145704e+00
1.505820282533145704e+00 1.505820282533145704e+00 1.505820282533145704e+00 1.505820282533145704e+00 1.505820282533145704e+00 1.505820282533145704e+00 1.505820282533145704e+00 1.622718792867448911e+00 1.840618840530330091e+00 1.534983266909443644e+00 1.505820282533145704e+00 1.505820282533145704e+00 1.505820282533145704e+00 1.505820282533145704e+00 1.505820282533145704e+00 1.505820282533145704e+00
1.505820282533145704e+00 1.505820282533145704e+00 1.505820282533145704e+00 1.505820282533145704e+00 1.505820282533145704e+00 1.505820282533145704e+00 1.505820282533145704e+00 1.622718792867448911e+00 1.788494826497445622e+00 1.892562280073323944e+00 1.505820282533145704e+00 1.505820282533145704e+00 1.505820282533145704e+00 1.505820282533145704e+00 1.505820282533145704e+00 1.505820282533145704e+00
1.505820282533145704e+00 1.505820282533145704e+00 1.505820282533145704e+00 1.505820282533145704e+00 1.505820282533145704e+00 1.505820282533145704e+00 1.505820282533145704e+00 1.622718792867448911e+00 1.840618840530330091e+00 1.788494826497445622e+00 1.622526593836228104e+00 1.505820282533145704e+00 1.505820282533145704e+00 1.505820282533145704e+00 1.505820282533145704e+00 1.505820282533145704e+00
1.505820282533145704e+00 1.505820282533145704e+00 1.505820282533145704e+00 1.505820282533145704e+00 1.505820282533145704e+00 1.505820282533145704e+00 1.505820282533145704e+00 2.040384644082730237e+00 1.788494826497445622e+00 1.625654779718090470e+00 1.622526593836228104e+00 1.505820282533145704e+00 1.505820282533145704e+00 1.505820282533145704e+00 1.505820282533145704e+00 1.505820282533145704e+00
1.505820282533145704e+00 1.505820282533145704e+00 1.505820282533145704e+00 1.505820282533145704e+00 1.505820282533145704e+00 1.505820282533145704e+00 1.505820282533145704e+00 2.040384644082730237e+00 1.625654779718090470e+00 1.625654779718090470e+00 1.622718792867448911e+00 1.534983266909443644e+00 1.505820282533145704e+00 1.505820282533145704e+00 1.505820282533145704e+00 1.505820282533145704e+00
1.505820282533145704e+00 1.505820282533145704e+00 1.505820282533145704e+00 1.505820282533145704e+00 1.505820282533145704e+00 1.505820282533145704e+00 1.505820282533145704e+00 1.892562280073323944e+00 1.625654779718090470e+00 1.622718792867448911e+00 1.505820282533145704e+00 1.505820282533145704e+00 1.505820282533145704e+00 1.505820282533145704e+00 1.505820282533145704e+00 1.505820282533145704e+00
1.505820282533145704e+00 1.505820282533145704e+00 1.505820282533145704e+00 1.505820282533145704e+00 1.505820282533145704e+00 1.505820282533145704e+00 1.505820282533145704e+00 1.622718792867448911e+00 1.840618840530330091e+00 1.625654779718090470e+00 1.505820282533145704e+00 1.505820282533145704e+00 1.505820282533145704e+00 1.505820282533145704e+00 1.505820282533145704e+00 1.505820282533145704e+00
1.505820282533145704e+00 1.505820282533145704e+00 1.505820282533145704e+00 1.505820282533145704e+00 1.505820282533145704e+00 1.505820282533145704e+00 1.505820282533145704e+00 1.622718792867448911e+00 1.944581208353947765e+00 1.625654779718090470e+00 1.505820282533145704e+00 1.505820282533145704e+00 1.505820282533145704e+00 1.505820282533145704e+00 1.505820282533145704e+00 1.505820282533145704e+00
1.505820282533145704e+00 1.505820282533145704e+00 1.505820282533145704e+00 1.505820282533145704e+00 1.505820282533145704e+00 1.505820282533145704e+00 1.505820282533145704e+00 2.216275070757786292e+00 2.112464406492216007e+00 1.788494826497445622e+00 1.625654779718090470e+00 1.505820282533145704e+00 1.505820282533145704e+00 1.505820282533145704e+00 1.505820282533145704e+00 1.505820282533145704e+00
1.505820282533145704e+00 1.505820282533145704e+00 1.505820282533145704e+00 1.505820282533145704e+00 1.505820282533145704e+00 1.505820282533145704e+00 1.505820282533145704e+00 2.180243650963714863e+00 1.788494826497445622e+00 1.892562280073323944e+00 1.625654779718090470e+00 1.625654779718090470e+00 1.505820282533145704e+00 1.505820282533145704e+00 1.505820282533145704e+00 1.505820282533145704e+00
1.505820282533145704e+00 1.505820282533145704e+00 1.505820282533145704e+00 1.505820282533145704e+00 1.505820282533145704e+00 1.534983266909443644e+00 1.622526593836228104e+00 1.881599380042666469e+00 1.892562280073323944e+00 1.625654779718090470e+00 1.625654779718090470e+00 1.505820282533145704e+00 1.505820282533145704e+00 1.505820282533145704e+00 1.505820282533145704e+00 1.505820282533145704e+00
1.505820282533145704e+00 1.505820282533145704e+00 1.505820282533145704e+00 1.505820282533145704e+00 1.505820282533145704e+00 1.505820282533145704e+00 1.622718792867448911e+00 1.622526593836228104e+00 1.625654779718090470e+00 1.625654779718090470e+00 1.622526593836228104e+00 1.534983266909443644e+00 1.505820282533145704e+00 1.505820282533145704e+00 1.505820282533145704e+00 1.505820282533145704e+00
