1.640163789109841730e+00 1.640163789109841730e+00 1.824045474040495662e+00 1.903717856779896467e+00 5.460974594156489559e+01 1.604789573705347436e+02 1.604789573705347436e+02 1.600437078365762318e+02 1.427329245797081398e+02 1.293613660457703531e+02 1.293613660457703531e+02 1.572029219741336874e+02 1.522127882189333832e+02 3.385400730454779961e+01 1.944306667598198812e+00 1.903717856779896467e+00
1.640163789109841730e+00 1.824045474040495662e+00 1.824045474040495662e+00 4.612566517398678911e+01 1.547027552130582251e+02 1.353185277794280239e+02 1.446892763682618579e+02 9.468098134200126026e+01 8.112819127810088560e+01 8.112819127810088560e+01 9.468098134200126026e+01 9.172611720514622391e+01 1.451570334658058528e+02 1.522127882189333832e+02 2.180243650963714863e+00 2.040384644082730237e+00
1.824045474040495662e+00 1.824045474040495662e+00 4.612566517398678911e+01 1.587626983720850831e+02 1.600437078365762318e+02 1.604993110880760696e+02 9.468098134200126026e+01 2.112464406492216007e+00 1.883918547483852235e+00 1.883918547483852235e+00 1.883918547483852235e+00 1.883918547483852235e+00 9.172611720514622391e+01 1.451570334658058528e+02 1.522127882189333832e+02 2.180243650963714863e+00
1.824045474040495662e+00 4.082792637366374322e+01 1.003446037239628055e+02 1.314023362213549717e+02 9.089956961588993067e+01 4.767094984344116426e+01 1.944306667598198812e+00 1.883918547483852235e+00 1.640163789109841730e+00 1.640163789109841730e+00 1.640163789109841730e+00 1.640163789109841730e+00 1.640163789109841730e+00 9.172611720514622391e+01 1.572029219741336874e+02 1.522127882189333832e+02
1.824045474040495662e+00 4.082792637366374322e+01 9.746157614304402728e+01 9.197411906729011832e+01 6.237866589616215762e+00 1.938490054871187196e+00 1.883918547483852235e+00 1.640163789109841730e+00 1.640163789109841730e+00 1.640163789109841730e+00 1.640163789109841730e+00 1.640163789109841730e+00 1.640163789109841730e+00 2.040384644082730237e+00 7.867596974935251808e+01 1.446892763682618579e+02
3.813694197530632657e+00 1.083845851331071515e+02 9.197411906729011832e+01 2.965556698723436746e+00 1.883918547483852235e+00 1.883918547483852235e+00 1.640163789109841730e+00 1.640163789109841730e+00 1.640163789109841730e+00 1.640163789109841730e+00 1.640163789109841730e+00 1.640163789109841730e+00 1.640163789109841730e+00 1.824045474040495662e+00 4.082792637366374322e+01 1.451570334658058528e+02
7.867596974935251808e+01 1.548082588830783664e+02 2.216275070757786292e+00 1.938490054871187196e+00 1.883918547483852235e+00 1.640163789109841730e+00 1.640163789109841730e+00 1.640163789109841730e+00 1.640163789109841730e+00 1.640163789109841730e+00 1.640163789109841730e+00 1.640163789109841730e+00 1.640163789109841730e+00 1.640163789109841730e+00 2.040384644082730237e+00 9.655657881132776765e+01
1.185787988700877236e+02 1.548082588830783664e+02 7.394820417686842973e+01 1.944306667598198812e+00 1.883918547483852235e+00 1.640163789109841730e+00 1.640163789109841730e+00 1.640163789109841730e+00 1.640163789109841730e+00 1.640163789109841730e+00 1.640163789109841730e+00 1.640163789109841730e+00 1.640163789109841730e+00 1.640163789109841730e+00 2.040384644082730237e+00 4.082792637366374322e+01
7.867596974935251808e+01 5.135074578730662864e+01 3.641678589480030581e+01 1.944306667598198812e+00 1.640163789109841730e+00 1.640163789109841730e+00 1.640163789109841730e+00 1.640163789109841730e+00 1.640163789109841730e+00 1.640163789109841730e+00 1.640163789109841730e+00 1.640163789109841730e+00 1.640163789109841730e+00 1.824045474040495662e+00 1.824045474040495662e+00 1.007942829498228434e+02
1.571298510469828784e+02 9.197411906729011832e+01 2.216275070757786292e+00 1.938490054871187196e+00 1.640163789109841730e+00 1.640163789109841730e+00 1.640163789109841730e+00 1.640163789109841730e+00 1.640163789109841730e+00 1.640163789109841730e+00 1.640163789109841730e+00 1.640163789109841730e+00 1.824045474040495662e+00 1.824045474040495662e+00 4.612566517398678911e+01 1.185787988700877236e+02
1.574309258121488995e+02 1.547247358898350740e+02 1.944306667598198812e+00 1.938490054871187196e+00 1.640163789109841730e+00 1.640163789109841730e+00 1.640163789109841730e+00 1.640163789109841730e+00 1.640163789109841730e+00 1.640163789109841730e+00 1.640163789109841730e+00 1.824045474040495662e+00 9.943969173567781539e+00 5.460974594156489559e+01 1.303682434484837529e+02 1.427329245797081398e+02
1.572029219741336874e+02 3.641678589480030581e+01 1.944306667598198812e+00 1.883918547483852235e+00 1.883918547483852235e+00 1.640163789109841730e+00 1.640163789109841730e+00 1.640163789109841730e+00 1.640163789109841730e+00 1.640163789109841730e+00 1.640163789109841730e+00 1.824045474040495662e+00 4.082792637366374322e+01 1.303682434484837529e+02 1.314023362213549717e+02 1.405148022262663687e+02
1.185787988700877236e+02 1.522127882189333832e+02 2.180243650963714863e+00 1.944306667598198812e+00 1.824045474040495662e+00 1.903717856779896467e+00 1.944306667598198812e+00 1.944306667598198812e+00 1.938490054871187196e+00 1.944306667598198812e+00 1.903717856779896467e+00 1.824045474040495662e+00 1.547027552130582251e+02 1.553076568690214856e+02 1.405148022262663687e+02 5.029704907986466367e+01
9.172611720514622391e+01 1.451570334658058528e+02 1.522127882189333832e+02 2.180243650963714863e+00 2.040384644082730237e+00 1.903717856779896467e+00 9.943969173567781539e+00 2.040384644082730237e+00 2.040384644082730237e+00 2.040384644082730237e+00 2.040384644082730237e+00 4.612566517398678911e+01 1.427329245797081398e+02 9.468098134200126026e+01 4.767094984344116426e+01 1.942796543582066882e+00
1.569869962372734662e+01 8.142671147728228220e+01 1.451570334658058528e+02 3.641678589480030581e+01 2.388511851606381953e+01 2.040384644082730237e+00 2.388511851606381953e+01 2.388511851606381953e+01 1.303682434484837529e+02 2.388511851606381953e+01 1.443665957928167813e+02 9.035538331919397592e+01 7.966229631583379955e+01 6.237866589616215762e+00 1.944306667598198812e+00 1.883918547483852235e+00
2.040384644082730237e+00 1.883918547483852235e+00 9.089956961588993067e+01 9.089956961588993067e+01 4.767094984344116426e+01 1.456096858306126407e+01 1.456096858306126407e+01 3.652966514449746427e+01 7.880149462922668135e+01 9.468098134200126026e+01 9.468098134200126026e+01 2.112464406492216007e+00 1.883918547483852235e+00 1.883918547483852235e+00 1.883918547483852235e+00 1.640163789109841730e+00
