1.429191776549753712e+00 1.429191776549753712e+00 1.429191776549753712e+00 1.584816097561938086e+00 1.584816097561938086e+00 2.241620438060463627e+00 4.612566517398678911e+01 1.314023362213549717e+02 1.344575259938945919e+02 1.077977682476229973e+02 1.806457169970574483e+00 8.142671147728228220e+01 6.097917222582751151e+01 1.788494826497445622e+00 1.625654779718090470e+00 1.537309919807072767e+00
1.429191776549753712e+00 1.429191776549753712e+00 1.429191776549753712e+00 1.429191776549753712e+00 1.584816097561938086e+00 1.584816097561938086e+00 1.806457169970574483e+00 1.806457169970574483e+00 1.806457169970574483e+00 1.806457169970574483e+00 1.858867881318531756e+00 1.806457169970574483e+00 1.806457169970574483e+00 1.625654779718090470e+00 1.537309919807072767e+00 1.429191776549753712e+00
1.429191776549753712e+00 1.429191776549753712e+00 1.429191776549753712e+00 1.625654779718090470e+00 1.625654779718090470e+00 1.625654779718090470e+00 1.625654779718090470e+00 1.834840212542224736e+00 1.694843766470576440e+00 1.806457169970574483e+00 1.792038123638457492e+00 1.625654779718090470e+00 1.625654779718090470e+00 1.625654779718090470e+00 1.429191776549753712e+00 1.429191776549753712e+00
1.429191776549753712e+00 1.429191776549753712e+00 1.537309919807072767e+00 1.625654779718090470e+00 1.584816097561938086e+00 1.537309919807072767e+00 1.584816097561938086e+00 1.625654779718090470e+00 1.694843766470576440e+00 1.788494826497445622e+00 1.694843766470576440e+00 1.625654779718090470e+00 1.625654779718090470e+00 1.537309919807072767e+00 1.429191776549753712e+00 1.429191776549753712e+00
1.429191776549753712e+00 1.429191776549753712e+00 1.537309919807072767e+00 1.584816097561938086e+00 1.584816097561938086e+00 1.584816097561938086e+00 1.584816097561938086e+00 1.584816097561938086e+00 1.534983266909443644e+00 1.824045474040495662e+00 2.096642234117325199e+00 2.204024891225135452e+00 1.429191776549753712e+00 1.584816097561938086e+00 1.429191776549753712e+00 1.429191776549753712e+00
1.429191776549753712e+00 1.429191776549753712e+00 1.429191776549753712e+00 1.429191776549753712e+00 1.429191776549753712e+00 1.429191776549753712e+00 1.429191776549753712e+00 1.534983266909443644e+00 1.505820282533145704e+00 6.992944833038984953e+00 6.992944833038984953e+00 1.788494826497445622e+00 1.625654779718090470e+00 1.429191776549753712e+00 1.429191776549753712e+00 1.429191776549753712e+00
1.429191776549753712e+00 1.429191776549753712e+00 1.429191776549753712e+00 1.429191776549753712e+00 1.429191776549753712e+00 1.429191776549753712e+00 2.856283428241539468e+01 2.464034703686591055e+00 6.992944833038984953e+00 5.509907769182540882e+00 1.788494826497445622e+00 1.625654779718090470e+00 1.537309919807072767e+00 1.429191776549753712e+00 1.429191776549753712e+00 1.429191776549753712e+00
1.429191776549753712e+00 1.429191776549753712e+00 1.429191776549753712e+00 1.429191776549753712e+00 1.429191776549753712e+00 1.505820282533145704e+00 6.992944833038984953e+00 2.388511851606381953e+01 6.531143708228549372e+01 2.482581166320742128e+01 1.625654779718090470e+00 1.537309919807072767e+00 1.429191776549753712e+00 1.429191776549753712e+00 1.429191776549753712e+00 1.429191776549753712e+00
1.429191776549753712e+00 1.429191776549753712e+00 1.429191776549753712e+00 1.505820282533145704e+00 2.464034703686591055e+00 4.612566517398678911e+01 4.612566517398678911e+01 1.344575259938945919e+02 2.482581166320742128e+01 1.694843766470576440e+00 1.625654779718090470e+00 1.429191776549753712e+00 1.429191776549753712e+00 1.429191776549753712e+00 1.429191776549753712e+00 1.429191776549753712e+00
1.429191776549753712e+00 1.429191776549753712e+00 1.505820282533145704e+00 6.810207662195992384e+01 1.312129078440208048e+02 1.608327259364200188e+02 2.482581166320742128e+01 1.806457169970574483e+00 1.892562280073323944e+00 1.625654779718090470e+00 1.537309919807072767e+00 1.429191776549753712e+00 1.429191776549753712e+00 1.505820282533145704e+00 1.429191776549753712e+00 1.429191776549753712e+00
1.429191776549753712e+00 1.505820282533145704e+00 6.810207662195992384e+01 1.185787988700877236e+02 1.607946269238549064e+02 1.163211951133767741e+02 1.834840212542224736e+00 1.944306667598198812e+00 1.831108556455189662e+00 1.625654779718090470e+00 1.537309919807072767e+00 1.429191776549753712e+00 1.429191776549753712e+00 1.429191776549753712e+00 1.429191776549753712e+00 1.429191776549753712e+00
1.505820282533145704e+00 2.241620438060463627e+00 1.423007465436452321e+02 1.607946269238549064e+02 1.604993110880760696e+02 3.363867394007790068e+01 2.409247642574010140e+00 1.944306667598198812e+00 1.892562280073323944e+00 1.788494826497445622e+00 1.584816097561938086e+00 1.429191776549753712e+00 1.584816097561938086e+00 1.505820282533145704e+00 1.505820282533145704e+00 1.429191776549753712e+00
1.505820282533145704e+00 4.082792637366374322e+01 1.241671403719268625e+02 1.645129586750803696e+02 1.545368790070280625e+02 9.765218222770940315e+01 6.992944833038984953e+00 2.388511851606381953e+01 2.096642234117325199e+00 2.096642234117325199e+00 1.840618840530330091e+00 1.429191776549753712e+00 1.584816097561938086e+00 1.584816097561938086e+00 1.584816097561938086e+00 1.429191776549753712e+00
1.505820282533145704e+00 4.082792637366374322e+01 1.241671403719268625e+02 1.616131470769851148e+02 1.645129586750803696e+02 1.600437078365762318e+02 9.765218222770940315e+01 8.137250775084388010e+01 8.137250775084388010e+01 8.137250775084388010e+01 3.098118876671362543e+00 1.694843766470576440e+00 1.584816097561938086e+00 1.537309919807072767e+00 1.584816097561938086e+00 1.429191776549753712e+00
1.505820282533145704e+00 3.383480613846181484e+01 1.241671403719268625e+02 1.618287805753363671e+02 1.645129586750803696e+02 1.645129586750803696e+02 1.611846240115044395e+02 1.363789309231182756e+02 1.363789309231182756e+02 1.608327259364200188e+02 6.531143708228549372e+01 3.291824421820384039e+00 1.429191776549753712e+00 1.429191776549753712e+00 1.429191776549753712e+00 1.429191776549753712e+00
1.537309919807072767e+00 1.584816097561938086e+00 2.482581166320742128e+01 8.142671147728228220e+01 1.624405080491733884e+02 1.425896555810054736e+02 1.516639139797889300e+02 1.387660850434961901e+02 1.344575259938945919e+02 1.077977682476229973e+02 1.788494826497445622e+00 1.806457169970574483e+00 1.625654779718090470e+00 1.429191776549753712e+00 1.429191776549753712e+00 1.429191776549753712e+00
