3.912226921252709211e+00 3.912226921252709211e+00 3.912226921252709211e+00 3.912226921252709211e+00 3.912226921252709211e+00 1.481427117564060403e+01 2.506149323593346878e+01 3.829105975832790421e+01 5.540830098903350631e+01 6.470208862706994069e+01 6.402255577512308093e+01 5.410702723980669759e+01 4.254055630139438193e+01 2.889633797012340466e+01 1.481427117564060403e+01 3.912226921252709211e+00
3.912226921252709211e+00 3.912226921252709211e+00 3.912226921252709211e+00 3.912226921252709211e+00 1.481427117564060403e+01 2.043245948261302658e+01 2.943639722207787202e+01 4.291902378293908527e+01 5.823552419137749325e+01 7.199911460244010186e+01 7.371230562276525689e+01 6.002018413299403221e+01 4.254055630139438193e+01 2.889633797012340466e+01 1.481427117564060403e+01 3.912226921252709211e+00
3.912226921252709211e+00 3.912226921252709211e+00 3.912226921252709211e+00 3.912226921252709211e+00 1.481427117564060403e+01 2.350053204157670450e+01 3.001190871256771331e+01 4.597507642904511016e+01 6.316976073120873991e+01 7.364469912261164097e+01 7.309273251995848852e+01 5.914576100428338634e+01 4.054113073728782979e+01 2.514959742587415548e+01 1.481427117564060403e+01 3.912226921252709211e+00
3.912226921252709211e+00 3.912226921252709211e+00 3.912226921252709211e+00 3.912226921252709211e+00 1.481427117564060403e+01 2.425540679548549505e+01 3.428840395120428752e+01 4.841942721306894981e+01 6.681938133919430811e+01 7.634973174982322064e+01 7.007607721432493975e+01 5.466253398193958901e+01 3.698113527151907221e+01 2.514959742587415548e+01 1.481427117564060403e+01 3.912226921252709211e+00
3.912226921252709211e+00 3.912226921252709211e+00 3.912226921252709211e+00 3.912226921252709211e+00 1.481427117564060403e+01 2.425540679548549505e+01 3.935099705282854643e+01 5.517062156126188199e+01 6.984338266879555590e+01 7.474742786765719416e+01 6.886118292093891569e+01 5.160806213874309378e+01 3.163659395089688786e+01 2.080663079304358121e+01 6.688785287436603610e+00 3.912226921252709211e+00
3.912226921252709211e+00 3.912226921252709211e+00 3.912226921252709211e+00 3.912226921252709211e+00 2.043245948261302658e+01 2.943639722207787202e+01 3.935099705282854643e+01 5.823552419137749325e+01 7.199911460244010186e+01 7.371230562276525689e+01 6.475371500751785447e+01 4.796950589069371063e+01 2.919775981238738538e+01 2.080663079304358121e+01 3.912226921252709211e+00 3.912226921252709211e+00
3.912226921252709211e+00 3.912226921252709211e+00 3.912226921252709211e+00 1.481427117564060403e+01 2.043245948261302658e+01 2.943639722207787202e+01 4.597507642904511016e+01 6.576033126559576658e+01 7.537639301824872007e+01 7.371230562276525689e+01 6.002018413299403221e+01 4.254055630139438193e+01 2.777236973935315589e+01 1.481427117564060403e+01 3.912226921252709211e+00 3.912226921252709211e+00
3.912226921252709211e+00 3.912226921252709211e+00 3.912226921252709211e+00 1.481427117564060403e+01 2.350053204157670450e+01 3.171625398459580936e+01 5.025716269620993160e+01 6.681938133919430811e+01 7.634973174982322064e+01 7.309273251995848852e+01 5.874248714245101866e+01 4.054113073728782979e+01 2.514959742587415548e+01 1.481427117564060403e+01 3.912226921252709211e+00 3.912226921252709211e+00
3.912226921252709211e+00 3.912226921252709211e+00 3.912226921252709211e+00 1.481427117564060403e+01 2.425540679548549505e+01 3.682463887729717555e+01 5.517062156126188199e+01 6.681938133919430811e+01 7.634973174982322064e+01 7.007607721432493975e+01 5.466253398193958901e+01 3.698113527151907221e+01 2.080663079304358121e+01 1.481427117564060403e+01 3.912226921252709211e+00 3.912226921252709211e+00
3.912226921252709211e+00 3.912226921252709211e+00 3.912226921252709211e+00 1.481427117564060403e+01 2.506149323593346878e+01 3.682463887729717555e+01 5.517062156126188199e+01 7.464384253733591379e+01 7.474742786765719416e+01 6.886118292093891569e+01 5.160806213874309378e+01 2.971177651524912733e+01 2.080663079304358121e+01 3.912226921252709211e+00 3.912226921252709211e+00 3.912226921252709211e+00
3.912226921252709211e+00 3.912226921252709211e+00 3.912226921252709211e+00 1.481427117564060403e+01 2.818316483023140506e+01 4.199261900979989548e+01 5.823552419137749325e+01 7.199911460244010186e+01 7.371230562276525689e+01 6.475371500751785447e+01 4.504612485267759325e+01 2.777236973935315589e+01 1.481427117564060403e+01 3.912226921252709211e+00 3.912226921252709211e+00 3.912226921252709211e+00
3.912226921252709211e+00 3.912226921252709211e+00 1.481427117564060403e+01 2.043245948261302658e+01 2.943639722207787202e+01 4.597507642904511016e+01 6.681938133919430811e+01 7.364469912261164097e+01 7.309273251995848852e+01 5.914576100428338634e+01 4.054113073728782979e+01 2.514959742587415548e+01 1.481427117564060403e+01 3.912226921252709211e+00 3.912226921252709211e+00 3.912226921252709211e+00
3.912226921252709211e+00 3.912226921252709211e+00 1.481427117564060403e+01 2.350053204157670450e+01 3.171625398459580936e+01 5.517062156126188199e+01 6.681938133919430811e+01 7.634973174982322064e+01 7.309273251995848852e+01 5.466253398193958901e+01 3.698113527151907221e+01 2.514959742587415548e+01 1.481427117564060403e+01 3.912226921252709211e+00 3.912226921252709211e+00 3.912226921252709211e+00
3.912226921252709211e+00 3.912226921252709211e+00 1.481427117564060403e+01 2.425540679548549505e+01 3.682463887729717555e+01 5.219354657970885114e+01 6.681938133919430811e+01 7.634973174982322064e+01 7.309273251995848852e+01 5.466253398193958901e+01 3.698113527151907221e+01 2.514959742587415548e+01 1.481427117564060403e+01 3.912226921252709211e+00 3.912226921252709211e+00 3.912226921252709211e+00
3.912226921252709211e+00 3.912226921252709211e+00 1.481427117564060403e+01 2.425540679548549505e+01 3.682463887729717555e+01 5.195647100785615180e+01 6.681938133919430811e+01 7.763580121274065959e+01 6.886118292093891569e+01 5.466253398193958901e+01 3.698113527151907221e+01 2.080663079304358121e+01 6.688785287436603610e+00 3.912226921252709211e+00 3.912226921252709211e+00 3.912226921252709211e+00
3.912226921252709211e+00 3.912226921252709211e+00 1.481427117564060403e+01 2.425540679548549505e+01 3.171625398459580936e+01 4.938647566927682675e+01 6.692205705130459137e+01 6.702493327611213658e+01 6.686262633229259222e+01 4.836841159819910985e+01 3.163659395089688786e+01 2.080663079304358121e+01 3.912226921252709211e+00 3.912226921252709211e+00 3.912226921252709211e+00 3.912226921252709211e+00
