1.061934469589061436e+01 1.424206709230172940e+01 1.424206709230172940e+01 2.267860895900944840e+01 2.267860895900944840e+01 2.911788083380110947e+01 3.012185873418158266e+01 3.416766417104511788e+01 3.732875846568126121e+01 3.732875846568126121e+01 3.732875846568126121e+01 3.732875846568126121e+01 3.732875846568126121e+01 3.732875846568126121e+01 3.732875846568126121e+01 3.111382982204203529e+01
2.267860895900944840e+01 2.134601072773702057e+01 2.911788083380110947e+01 2.911788083380110947e+01 3.416766417104511788e+01 4.265691677648580082e+01 4.451196839639811031e+01 4.451196839639811031e+01 5.142001395705808164e+01 4.451196839639811031e+01 4.451196839639811031e+01 4.451196839639811031e+01 4.451196839639811031e+01 4.451196839639811031e+01 4.451196839639811031e+01 4.451196839639811031e+01
2.911788083380110947e+01 3.298977829555805386e+01 4.082156741458099702e+01 4.685409477342067674e+01 5.261124189506959681e+01 5.261124189506959681e+01 5.885479201012011430e+01 5.885479201012011430e+01 5.885479201012011430e+01 5.410145831661581894e+01 4.045767434373495064e+01 4.045767434373495064e+01 4.045767434373495064e+01 4.045767434373495064e+01 4.045767434373495064e+01 5.142001395705808164e+01
3.663255264227217367e+01 4.685409477342067674e+01 5.307523861520136421e+01 6.074621983801635849e+01 6.470208862706994069e+01 6.470208862706994069e+01 6.546787105486515657e+01 6.546787105486515657e+01 6.020465806107798556e+01 5.410145831661581894e+01 4.328722629541133671e+01 3.895800306483915421e+01 3.895800306483915421e+01 3.895800306483915421e+01 4.372556995092521959e+01 5.332176293409451517e+01
4.685409477342067674e+01 5.540830098903350631e+01 6.470208862706994069e+01 6.862979499628244184e+01 6.839354945423924903e+01 7.139155873126559015e+01 7.279666477671928249e+01 6.880068536295557635e+01 6.130475707402365515e+01 5.410145831661581894e+01 4.045767434373495064e+01 3.816437172685977686e+01 3.631671247040109307e+01 3.402163178263875665e+01 3.707402336960634415e+01 4.938647566927682675e+01
5.540830098903350631e+01 6.425244033628202089e+01 6.839354945423924903e+01 6.912146149363121594e+01 6.702493327611213658e+01 7.377725907784895298e+01 6.912146149363121594e+01 6.439820421315651799e+01 6.130475707402365515e+01 5.410145831661581894e+01 4.045767434373495064e+01 3.816437172685977686e+01 3.028638835545346453e+01 3.028638835545346453e+01 3.485606505209182160e+01 4.199403712092106389e+01
6.425244033628202089e+01 6.439820421315651799e+01 6.177097305569189700e+01 6.177097305569189700e+01 6.372627608658368814e+01 6.372627608658368814e+01 6.702493327611213658e+01 6.510682440927914172e+01 6.020465806107798556e+01 5.410145831661581894e+01 4.045767434373495064e+01 3.816437172685977686e+01 3.541555028452954446e+01 3.028638835545346453e+01 3.631671247040109307e+01 4.199403712092106389e+01
6.020465806107798556e+01 5.690243427649569696e+01 5.384860872045876334e+01 4.911590708988956067e+01 4.372556995092521959e+01 5.039388166334390462e+01 5.179057638402360197e+01 5.179057638402360197e+01 4.878458667118764680e+01 4.878458667118764680e+01 4.045767434373495064e+01 3.816437172685977686e+01 3.028638835545346453e+01 3.028638835545346453e+01 3.212373693199725722e+01 4.434603800228275361e+01
6.020465806107798556e+01 4.890306585310029419e+01 4.328722629541133671e+01 3.452461545732084858e+01 3.294752189236299955e+01 3.294752189236299955e+01 3.294752189236299955e+01 3.785244638487399271e+01 3.785244638487399271e+01 3.785244638487399271e+01 3.592891988514381296e+01 3.273145430233870457e+01 3.028638835545346453e+01 3.212373693199725722e+01 3.794051385305709800e+01 4.841942721306894981e+01
6.020465806107798556e+01 4.890306585310029419e+01 3.718277572296367595e+01 2.750982112280787106e+01 2.099632535233447328e+01 2.184270619444802009e+01 2.364834749642011857e+01 2.364834749642011857e+01 2.364834749642011857e+01 2.797200632484391747e+01 2.797200632484391747e+01 2.797200632484391747e+01 2.706943121676304287e+01 3.794051385305709800e+01 4.434603800228275361e+01 5.587774663353478388e+01
6.020465806107798556e+01 4.890306585310029419e+01 3.646024456977074379e+01 2.514959742587415548e+01 2.077377449729176817e+01 1.321000082019964594e+01 1.321000082019964594e+01 1.321000082019964594e+01 1.897519651951820308e+01 2.167654998520700005e+01 2.147935106895833712e+01 2.624592151804695916e+01 3.298977829555805386e+01 4.123177687547044457e+01 5.307523861520136421e+01 5.885479201012011430e+01
6.167008920251516457e+01 5.322499464806075764e+01 3.796822476687520265e+01 2.615584270645266329e+01 2.022561566204207395e+01 1.424206709230172940e+01 1.424206709230172940e+01 1.424206709230172940e+01 2.267860895900944840e+01 2.267860895900944840e+01 2.911788083380110947e+01 3.298977829555805386e+01 4.123177687547044457e+01 5.307523861520136421e+01 5.587774663353478388e+01 6.020465806107798556e+01
6.303074957384670540e+01 5.410145831661581894e+01 4.253837240845135170e+01 3.103033747808384746e+01 2.386538491569505283e+01 2.437351196094381578e+01 2.437351196094381578e+01 2.267860895900944840e+01 2.911788083380110947e+01 3.012185873418158266e+01 3.416766417104511788e+01 4.265691677648580082e+01 4.841942721306894981e+01 5.332176293409451517e+01 5.690243427649569696e+01 5.241538549107528411e+01
6.269019858966967718e+01 6.130475707402365515e+01 5.322499464806075764e+01 3.821803125709242011e+01 3.732875846568126121e+01 3.111382982204203529e+01 2.911788083380110947e+01 3.416766417104511788e+01 3.416766417104511788e+01 3.955804392878566489e+01 4.396893141451906217e+01 4.451196839639811031e+01 5.332176293409451517e+01 5.303279176541767015e+01 5.125585970523434298e+01 3.921325040625543323e+01
5.742312915911143989e+01 6.020465806107798556e+01 5.410145831661581894e+01 4.451196839639811031e+01 4.451196839639811031e+01 3.732875846568126121e+01 4.265691677648580082e+01 4.265691677648580082e+01 4.396893141451906217e+01 4.396893141451906217e+01 5.142001395705808164e+01 4.045767434373495064e+01 4.878458667118764680e+01 4.911590708988956067e+01 3.921325040625543323e+01 3.358963740239632045e+01
4.581086728295094446e+01 5.053173515738980370e+01 5.401750476463909223e+01 5.142001395705808164e+01 5.098968335917706440e+01 5.098968335917706440e+01 5.142001395705808164e+01 4.451196839639811031e+01 4.045767434373495064e+01 4.045767434373495064e+01 4.878458667118764680e+01 4.878458667118764680e+01 3.921325040625543323e+01 3.452461545732084858e+01 3.200129666927791305e+01 2.417656032152509127e+01
