1.625654779718090470e+00 1.625654779718090470e+00 1.505820282533145704e+00 1.505820282533145704e+00 1.505820282533145704e+00 1.505820282533145704e+00 1.505820282533145704e+00 1.505820282533145704e+00 2.040384644082730237e+00 1.840618840530330091e+00 1.840618840530330091e+00 1.505820282533145704e+00 1.505820282533145704e+00 1.840618840530330091e+00 1.505820282533145704e+00 1.505820282533145704e+00
1.625654779718090470e+00 1.505820282533145704e+00 1.505820282533145704e+00 1.505820282533145704e+00 1.505820282533145704e+00 1.505820282533145704e+00 1.505820282533145704e+00 1.622718792867448911e+00 5.460974594156489559e+01 1.944820433400991178e+01 2.040384644082730237e+00 2.040384644082730237e+00 5.814468368804068810e+00 1.840618840530330091e+00 1.938490054871187196e+00 1.505820282533145704e+00
1.625654779718090470e+00 1.505820282533145704e+00 1.505820282533145704e+00 1.505820282533145704e+00 1.505820282533145704e+00 1.505820282533145704e+00 1.505820282533145704e+00 6.810207662195992384e+01 1.555643506383497652e+02 1.328196966405324417e+02 8.008361529823200442e+01 8.008361529823200442e+01 8.395196297078656755e+01 4.495231429100442710e+00 2.180243650963714863e+00 2.040384644082730237e+00
1.505820282533145704e+00 1.505820282533145704e+00 1.505820282533145704e+00 1.505820282533145704e+00 1.505820282533145704e+00 2.040384644082730237e+00 5.840775352991551728e+01 1.492712503892166467e+02 1.427329245797081398e+02 1.427329245797081398e+02 1.451570334658058528e+02 1.011344687826394591e+02 1.011344687826394591e+02 3.641678589480030581e+01 5.359461726772189571e+00 2.965556698723436746e+00
1.505820282533145704e+00 1.505820282533145704e+00 1.505820282533145704e+00 2.040384644082730237e+00 6.810207662195992384e+01 5.460974594156489559e+01 1.185787988700877236e+02 1.204099693521177272e+02 9.468098134200126026e+01 5.547789458826995457e+01 5.547789458826995457e+01 5.547789458826995457e+01 4.767094984344116426e+01 4.767094984344116426e+01 1.938490054871187196e+00 1.625654779718090470e+00
1.505820282533145704e+00 1.505820282533145704e+00 1.622718792867448911e+00 1.622718792867448911e+00 1.303682434484837529e+02 1.555643506383497652e+02 1.553076568690214856e+02 9.197411906729011832e+01 2.112464406492216007e+00 1.625654779718090470e+00 1.625654779718090470e+00 1.892562280073323944e+00 1.862975195417457286e+01 1.625654779718090470e+00 1.625654779718090470e+00 1.625654779718090470e+00
1.505820282533145704e+00 1.505820282533145704e+00 2.040384644082730237e+00 9.655657881132776765e+01 1.587626983720850831e+02 1.600437078365762318e+02 1.553076568690214856e+02 9.197411906729011832e+01 2.060314738732574202e+00 1.625654779718090470e+00 1.625654779718090470e+00 1.625654779718090470e+00 1.625654779718090470e+00 1.625654779718090470e+00 1.625654779718090470e+00 1.625654779718090470e+00
1.505820282533145704e+00 1.505820282533145704e+00 1.622718792867448911e+00 1.185787988700877236e+02 1.587626983720850831e+02 1.604993110880760696e+02 1.600437078365762318e+02 3.641678589480030581e+01 1.944581208353947765e+00 1.625654779718090470e+00 1.625654779718090470e+00 1.625654779718090470e+00 1.625654779718090470e+00 1.625654779718090470e+00 1.625654779718090470e+00 1.505820282533145704e+00
1.505820282533145704e+00 1.505820282533145704e+00 1.123410349759825522e+01 8.142671147728228220e+01 1.440609255464084697e+02 1.463875524412325149e+02 1.594490815905027716e+02 1.553076568690214856e+02 2.180243650963714863e+00 1.840618840530330091e+00 1.625654779718090470e+00 1.625654779718090470e+00 1.505820282533145704e+00 1.505820282533145704e+00 1.505820282533145704e+00 1.505820282533145704e+00
1.505820282533145704e+00 1.505820282533145704e+00 2.040384644082730237e+00 2.064872251945155224e+00 9.468098134200126026e+01 8.142671147728228220e+01 1.440609255464084697e+02 1.522127882189333832e+02 3.641678589480030581e+01 1.944581208353947765e+00 1.625654779718090470e+00 1.505820282533145704e+00 1.505820282533145704e+00 1.505820282533145704e+00 1.505820282533145704e+00 1.505820282533145704e+00
1.505820282533145704e+00 1.505820282533145704e+00 1.625654779718090470e+00 1.767682422936826425e+00 1.892562280073323944e+00 2.064872251945155224e+00 9.172611720514622391e+01 1.451570334658058528e+02 3.641678589480030581e+01 1.098099026216638485e+01 1.625654779718090470e+00 1.505820282533145704e+00 1.505820282533145704e+00 1.505820282533145704e+00 1.505820282533145704e+00 1.505820282533145704e+00
1.505820282533145704e+00 1.625654779718090470e+00 1.505820282533145704e+00 1.622718792867448911e+00 2.112464406492216007e+00 1.892562280073323944e+00 1.927415375464719816e+01 9.504506961430963941e+01 3.641678589480030581e+01 1.944581208353947765e+00 1.625654779718090470e+00 1.505820282533145704e+00 1.505820282533145704e+00 1.505820282533145704e+00 1.625654779718090470e+00 1.505820282533145704e+00
1.505820282533145704e+00 1.505820282533145704e+00 1.505820282533145704e+00 1.622718792867448911e+00 1.892562280073323944e+00 1.944581208353947765e+00 1.824045474040495662e+00 1.123410349759825522e+01 6.589850976193322651e+01 1.944581208353947765e+00 1.625654779718090470e+00 1.505820282533145704e+00 1.505820282533145704e+00 1.505820282533145704e+00 1.625654779718090470e+00 1.625654779718090470e+00
1.505820282533145704e+00 1.505820282533145704e+00 1.622718792867448911e+00 1.938490054871187196e+00 1.625654779718090470e+00 1.625654779718090470e+00 1.824045474040495662e+00 1.123410349759825522e+01 2.216275070757786292e+00 1.892562280073323944e+00 1.625654779718090470e+00 1.505820282533145704e+00 1.505820282533145704e+00 1.505820282533145704e+00 1.505820282533145704e+00 1.505820282533145704e+00
1.505820282533145704e+00 1.505820282533145704e+00 1.824045474040495662e+00 1.625654779718090470e+00 1.625654779718090470e+00 1.625654779718090470e+00 1.622718792867448911e+00 2.040384644082730237e+00 1.892562280073323944e+00 1.625654779718090470e+00 1.625654779718090470e+00 1.625654779718090470e+00 1.505820282533145704e+00 1.505820282533145704e+00 1.505820282533145704e+00 1.505820282533145704e+00
1.505820282533145704e+00 1.625654779718090470e+00 1.625654779718090470e+00 1.625654779718090470e+00 1.625654779718090470e+00 1.625654779718090470e+00 1.622718792867448911e+00 1.625654779718090470e+00 1.625654779718090470e+00 1.625654779718090470e+00 1.625654779718090470e+00 1.505820282533145704e+00 1.505820282533145704e+00 1.505820282533145704e+00 1.505820282533145704e+00 1.505820282533145704e+00
