1.478932398879248566e+01 2.262145943875823662e+01 2.912272783395042808e+01 3.648928943748660458e+01 5.535117508169023637e+01 6.793110521561823134e+01 6.793110521561823134e+01 7.189204437636840339e+01 7.189204437636840339e+01 6.299022603426859490e+01 5.994938685855434812e+01 4.697243713014416500e+01 3.103033747808384746e+01 2.499515804224338211e+01 1.478932398879248566e+01 1.478932398879248566e+01
2.262145943875823662e+01 2.926434042971579430e+01 4.192539723769592541e+01 5.593729886286653397e+01 6.793110521561823134e+01 7.492060064894162963e+01 7.864076780649507725e+01 7.864076780649507725e+01 7.864076780649507725e+01 7.939128024409369289e+01 7.506030068865901228e+01 5.994938685855434812e+01 4.340697865812813205e+01 3.103033747808384746e+01 2.499515804224338211e+01 1.478932398879248566e+01
2.413699640212089648e+01 3.648928943748660458e+01 5.593729886286653397e+01 6.793110521561823134e+01 7.450913347618181604e+01 7.450913347618181604e+01 7.450913347618181604e+01 7.450913347618181604e+01 7.450913347618181604e+01 8.387786821522389857e+01 8.803607626972072353e+01 7.939128024409369289e+01 6.299022603426859490e+01 5.283770823731391886e+01 3.103033747808384746e+01 2.499515804224338211e+01
3.548866242483236277e+01 5.209024638092114401e+01 6.619051923443855401e+01 7.492060064894162963e+01 7.048764441497684174e+01 7.048764441497684174e+01 6.515558154550453196e+01 6.676616957240500483e+01 7.450913347618181604e+01 8.561745414062028203e+01 8.721471195931547982e+01 8.803607626972072353e+01 8.008703718260693449e+01 5.994938685855434812e+01 4.697243713014416500e+01 3.103033747808384746e+01
4.564209687383618075e+01 5.914863262965253909e+01 7.492060064894162963e+01 7.359224346890825075e+01 6.686262633229259222e+01 5.626212965554626777e+01 5.074778886005040590e+01 5.074778886005040590e+01 6.495342027024361187e+01 8.071314314044744265e+01 8.901317676341822960e+01 9.933171757858941930e+01 8.803607626972072353e+01 7.359224346890825075e+01 5.237061496999410792e+01 3.103033747808384746e+01
5.209024638092114401e+01 6.980864516249692997e+01 7.619817601442954924e+01 7.293616408096619352e+01 6.197130115999831901e+01 4.340697865812813205e+01 3.908590660176309939e+01 4.224728653638756981e+01 6.099151287946910571e+01 8.071314314044744265e+01 9.619700309954090756e+01 9.933171757858941930e+01 9.689688808304751433e+01 7.293616408096619352e+01 5.844368108113071258e+01 3.724338701329737233e+01
6.619051923443855401e+01 7.492060064894162963e+01 7.359224346890825075e+01 6.475371500751785447e+01 4.340697865812813205e+01 3.490777498231104659e+01 3.028323824361828187e+01 3.937623760778375015e+01 5.914863262965253909e+01 8.071314314044744265e+01 9.619700309954090756e+01 1.026162893472330495e+02 8.947207463454941490e+01 7.293616408096619352e+01 5.237061496999410792e+01 3.091919220442259331e+01
6.683487341988342223e+01 7.864076780649507725e+01 7.359224346890825075e+01 6.475371500751785447e+01 4.252659855254992749e+01 3.091919220442259331e+01 3.389960831265170071e+01 4.564209687383618075e+01 6.619051923443855401e+01 8.249005531134697833e+01 9.933171757858941930e+01 1.026162893472330495e+02 9.458163070507985992e+01 7.242848125534126780e+01 4.946869630423054076e+01 3.091919220442259331e+01
6.683487341988342223e+01 8.387786821522389857e+01 7.939128024409369289e+01 6.883586125518196752e+01 5.283770823731391886e+01 4.302963406216555597e+01 4.427372758150346499e+01 5.685415010761207100e+01 7.492060064894162963e+01 9.028660892509668656e+01 9.933171757858941930e+01 1.026162893472330495e+02 8.778196673079278867e+01 6.475371500751785447e+01 4.252659855254992749e+01 2.499515804224338211e+01
6.683487341988342223e+01 8.561745414062028203e+01 8.136619204969802865e+01 7.359224346890825075e+01 6.299022603426859490e+01 5.449179102600994895e+01 5.535117508169023637e+01 6.793110521561823134e+01 8.249005531134697833e+01 8.901317676341822960e+01 9.933171757858941930e+01 1.026162893472330495e+02 8.778196673079278867e+01 6.475371500751785447e+01 4.252659855254992749e+01 2.499515804224338211e+01
6.099151287946910571e+01 7.450913347618181604e+01 8.136619204969802865e+01 7.359224346890825075e+01 7.359224346890825075e+01 6.546189370383802952e+01 6.793110521561823134e+01 7.450913347618181604e+01 8.071314314044744265e+01 8.901317676341822960e+01 9.619700309954090756e+01 9.346445075926017410e+01 8.595006171499004211e+01 6.475371500751785447e+01 4.041313296623310691e+01 2.499515804224338211e+01
5.074778886005040590e+01 6.099151287946910571e+01 6.515558154550453196e+01 6.515558154550453196e+01 6.515558154550453196e+01 6.515558154550453196e+01 6.515558154550453196e+01 6.515558154550453196e+01 7.100753269039728366e+01 8.071314314044744265e+01 8.901317676341822960e+01 9.135515345955549549e+01 8.595006171499004211e+01 6.475371500751785447e+01 4.041313296623310691e+01 2.499515804224338211e+01
4.170066305612757418e+01 5.074778886005040590e+01 5.626212965554626777e+01 5.626212965554626777e+01 5.626212965554626777e+01 5.626212965554626777e+01 5.074778886005040590e+01 5.074778886005040590e+01 5.074778886005040590e+01 6.683487341988342223e+01 8.071314314044744265e+01 8.901317676341822960e+01 8.136619204969802865e+01 6.475371500751785447e+01 4.041313296623310691e+01 2.499515804224338211e+01
2.691057613582889019e+01 3.344678142888719208e+01 3.431911111947767523e+01 3.431911111947767523e+01 3.908590660176309939e+01 3.908590660176309939e+01 3.908590660176309939e+01 3.344678142888719208e+01 4.224728653638756981e+01 5.360020713096480449e+01 6.980864516249692997e+01 8.561745414062028203e+01 8.136619204969802865e+01 6.475371500751785447e+01 4.041313296623310691e+01 2.499515804224338211e+01
1.478932398879248566e+01 2.355870265062968372e+01 2.355870265062968372e+01 2.355870265062968372e+01 2.355870265062968372e+01 2.355870265062968372e+01 2.355870265062968372e+01 2.691057613582889019e+01 3.431911111947767523e+01 5.360020713096480449e+01 6.683487341988342223e+01 8.387786821522389857e+01 8.136619204969802865e+01 6.475371500751785447e+01 4.041313296623310691e+01 2.499515804224338211e+01
1.478932398879248566e+01 1.478932398879248566e+01 1.478932398879248566e+01 1.478932398879248566e+01 2.172441613687789896e+01 2.172441613687789896e+01 1.478932398879248566e+01 2.172441613687789896e+01 2.585195599257404098e+01 4.564209687383618075e+01 6.683487341988342223e+01 8.387786821522389857e+01 7.359224346890825075e+01 5.844368108113071258e+01 4.041313296623310691e+01 2.499515804224338211e+01
