2.120652539258108860e+01 2.751916532697080697e+01 3.392274122586365337e+01 4.307409804177950718e+01 5.136300539239172025e+01 5.136300539239172025e+01 5.136300539239172025e+01 5.136300539239172025e+01 5.136300539239172025e+01 5.136300539239172025e+01 5.136300539239172025e+01 5.136300539239172025e+01 5.136300539239172025e+01 5.136300539239172025e+01 5.136300539239172025e+01 5.283573117746720982e+01
2.331183721250347674e+01 3.648928943748660458e+01 4.508438989830857224e+01 5.589283202108607895e+01 6.965655708436958093e+01 7.175999985994788233e+01 7.175999985994788233e+01 7.175999985994788233e+01 6.299022603426859490e+01 6.299022603426859490e+01 6.965655708436958093e+01 6.965655708436958093e+01 6.965655708436958093e+01 6.965655708436958093e+01 7.175999985994788233e+01 6.299022603426859490e+01
2.585957378120785322e+01 3.952526796873826953e+01 5.447940869802022945e+01 6.597316586521966997e+01 8.071314314044744265e+01 7.944307327031202703e+01 7.501599494330508833e+01 6.965655708436958093e+01 6.558114984552396720e+01 6.329570063757974907e+01 6.965655708436958093e+01 6.965655708436958093e+01 8.071314314044744265e+01 8.641917440682664164e+01 8.641917440682664164e+01 7.944307327031202703e+01
2.585957378120785322e+01 4.224728653638756981e+01 5.002134028715803993e+01 6.282684154933118492e+01 6.558114984552396720e+01 6.558114984552396720e+01 6.558114984552396720e+01 6.329570063757974907e+01 5.002134028715803993e+01 5.002134028715803993e+01 5.002134028715803993e+01 6.597316586521966997e+01 7.617549655817271059e+01 8.519032690333058611e+01 9.346445075926017410e+01 8.803607626972072353e+01
2.585957378120785322e+01 3.545112875873778080e+01 4.152488623026325598e+01 4.723329281301376170e+01 5.002134028715803993e+01 5.002134028715803993e+01 4.836420226846036030e+01 4.152488623026325598e+01 3.753864916560168297e+01 4.152488623026325598e+01 4.224728653638756981e+01 5.002134028715803993e+01 6.965655708436958093e+01 8.071314314044744265e+01 8.901317676341822960e+01 8.778196673079278867e+01
2.355870265062968372e+01 2.355870265062968372e+01 3.007448814952090288e+01 3.490777498231104659e+01 3.490777498231104659e+01 3.351187963409179815e+01 3.098584689072759346e+01 2.355870265062968372e+01 2.355870265062968372e+01 2.585957378120785322e+01 4.224728653638756981e+01 5.333165163838565803e+01 7.271117467185464989e+01 8.387786821522389857e+01 9.120323125159279698e+01 7.808954481371277723e+01
1.450533731366482471e+01 2.167608954322809467e+01 2.355870265062968372e+01 2.355870265062968372e+01 2.355870265062968372e+01 2.355870265062968372e+01 2.355870265062968372e+01 2.167608954322809467e+01 2.415839330111866445e+01 3.311557996050851216e+01 4.508438989830857224e+01 5.919080052124328972e+01 7.617549655817271059e+01 8.387786821522389857e+01 7.808954481371277723e+01 6.329570063757974907e+01
1.450533731366482471e+01 1.450533731366482471e+01 1.450533731366482471e+01 1.450533731366482471e+01 1.450533731366482471e+01 1.450533731366482471e+01 2.120652539258108860e+01 2.331183721250347674e+01 3.143229221951299479e+01 4.307409804177950718e+01 5.589283202108607895e+01 6.965655708436958093e+01 7.617549655817271059e+01 7.242848125534126780e+01 6.329570063757974907e+01 4.946869630423054076e+01
1.450533731366482471e+01 1.450533731366482471e+01 1.450533731366482471e+01 1.450533731366482471e+01 1.450533731366482471e+01 1.450533731366482471e+01 2.267142408736716064e+01 3.143229221951299479e+01 4.307409804177950718e+01 5.589283202108607895e+01 6.965655708436958093e+01 7.617549655817271059e+01 7.242848125534126780e+01 6.329570063757974907e+01 5.248812142144409876e+01 3.753864916560168297e+01
1.450533731366482471e+01 1.450533731366482471e+01 1.450533731366482471e+01 1.450533731366482471e+01 1.450533731366482471e+01 2.120652539258108860e+01 2.914920157203032147e+01 4.307409804177950718e+01 5.589283202108607895e+01 7.175999985994788233e+01 8.387786821522389857e+01 7.944307327031202703e+01 6.558114984552396720e+01 5.248812142144409876e+01 3.753864916560168297e+01 2.780196144781981360e+01
1.450533731366482471e+01 1.450533731366482471e+01 1.450533731366482471e+01 1.450533731366482471e+01 2.120652539258108860e+01 2.914920157203032147e+01 4.307409804177950718e+01 5.589283202108607895e+01 7.175999985994788233e+01 8.519032690333058611e+01 8.803607626972072353e+01 7.242848125534126780e+01 6.211311536123207588e+01 4.252659855254992749e+01 2.515640613207653686e+01 2.515640613207653686e+01
1.450533731366482471e+01 1.450533731366482471e+01 1.450533731366482471e+01 2.120652539258108860e+01 2.914920157203032147e+01 4.307409804177950718e+01 5.589283202108607895e+01 7.271117467185464989e+01 8.519032690333058611e+01 7.908516526119227308e+01 7.295638442739326024e+01 6.329570063757974907e+01 4.252659855254992749e+01 2.355870265062968372e+01 2.515640613207653686e+01 1.450533731366482471e+01
1.450533731366482471e+01 1.450533731366482471e+01 2.120652539258108860e+01 2.914920157203032147e+01 4.307409804177950718e+01 5.589283202108607895e+01 6.965655708436958093e+01 7.617549655817271059e+01 7.908516526119227308e+01 6.558114984552396720e+01 6.211311536123207588e+01 4.252659855254992749e+01 3.098584689072759346e+01 2.515640613207653686e+01 1.450533731366482471e+01 1.450533731366482471e+01
2.120652539258108860e+01 2.256284565792368468e+01 3.143229221951299479e+01 4.307409804177950718e+01 5.589283202108607895e+01 6.965655708436958093e+01 7.617549655817271059e+01 7.808954481371277723e+01 6.558114984552396720e+01 5.844368108113071258e+01 4.252659855254992749e+01 3.098584689072759346e+01 2.515640613207653686e+01 1.450533731366482471e+01 1.450533731366482471e+01 1.450533731366482471e+01
2.415839330111866445e+01 3.392274122586365337e+01 4.307409804177950718e+01 5.589283202108607895e+01 6.965655708436958093e+01 7.617549655817271059e+01 7.242848125534126780e+01 6.687673067121284021e+01 5.844368108113071258e+01 4.252659855254992749e+01 2.515640613207653686e+01 2.515640613207653686e+01 1.450533731366482471e+01 1.450533731366482471e+01 1.450533731366482471e+01 1.450533731366482471e+01
3.648928943748660458e+01 5.136300539239172025e+01 5.919080052124328972e+01 7.457478239364510841e+01 7.944307327031202703e+01 7.808954481371277723e+01 6.687673067121284021e+01 5.844368108113071258e+01 4.252659855254992749e+01 2.515640613207653686e+01 2.515640613207653686e+01 1.450533731366482471e+01 1.450533731366482471e+01 1.450533731366482471e+01 1.450533731366482471e+01 1.450533731366482471e+01
