1.525714757970519475e+00 1.525714757970519475e+00 1.429191776549753712e+00 1.429191776549753712e+00 1.429191776549753712e+00 1.429191776549753712e+00 1.525714757970519475e+00 1.525714757970519475e+00 1.525714757970519475e+00 1.429191776549753712e+00 1.429191776549753712e+00 1.429191776549753712e+00 1.525714757970519475e+00 1.525714757970519475e+00 1.525714757970519475e+00 1.429191776549753712e+00
1.525714757970519475e+00 1.525714757970519475e+00 1.429191776549753712e+00 1.429191776549753712e+00 1.429191776549753712e+00 1.525714757970519475e+00 1.525714757970519475e+00 1.525714757970519475e+00 1.429191776549753712e+00 1.429191776549753712e+00 1.429191776549753712e+00 1.429191776549753712e+00 1.534983266909443644e+00 1.525714757970519475e+00 1.525714757970519475e+00 1.429191776549753712e+00
1.525714757970519475e+00 1.525714757970519475e+00 1.429191776549753712e+00 1.429191776549753712e+00 1.525714757970519475e+00 1.525714757970519475e+00 1.525714757970519475e+00 1.429191776549753712e+00 1.429191776549753712e+00 1.429191776549753712e+00 1.429191776549753712e+00 1.429191776549753712e+00 1.582438332434558781e+00 1.525714757970519475e+00 1.525714757970519475e+00 1.429191776549753712e+00
1.525714757970519475e+00 1.525714757970519475e+00 1.429191776549753712e+00 1.505820282533145704e+00 1.429191776549753712e+00 1.525714757970519475e+00 1.525714757970519475e+00 1.429191776549753712e+00 1.429191776549753712e+00 1.429191776549753712e+00 1.429191776549753712e+00 1.429191776549753712e+00 1.582438332434558781e+00 1.525714757970519475e+00 1.525714757970519475e+00 1.429191776549753712e+00
1.625654779718090470e+00 1.582438332434558781e+00 1.505820282533145704e+00 2.096642234117325199e+00 1.429191776549753712e+00 1.525714757970519475e+00 1.429191776549753712e+00 1.429191776549753712e+00 1.429191776549753712e+00 1.429191776549753712e+00 1.429191776549753712e+00 1.534983266909443644e+00 1.694843766470576440e+00 1.625654779718090470e+00 1.525714757970519475e+00 1.429191776549753712e+00
1.582438332434558781e+00 1.505820282533145704e+00 4.863345940520431299e+01 2.388511851606382308e+01 2.736864033481669978e+01 1.429191776549753712e+00 1.429191776549753712e+00 1.429191776549753712e+00 1.429191776549753712e+00 1.429191776549753712e+00 1.534983266909443644e+00 1.893147798040760943e+00 1.694843766470576440e+00 1.625654779718090470e+00 1.525714757970519475e+00 1.525714757970519475e+00
1.534983266909443644e+00 1.713879342711117415e+00 4.612566517398678911e+01 6.600749880237533773e+01 9.573331852798842689e+00 1.694843766470576440e+00 1.429191776549753712e+00 1.429191776549753712e+00 1.429191776549753712e+00 1.429191776549753712e+00 1.505820282533145704e+00 1.840618840530330091e+00 1.694843766470576440e+00 1.525714757970519475e+00 1.525714757970519475e+00 1.525714757970519475e+00
1.505820282533145704e+00 1.806457169970574483e+00 1.806457169970574483e+00 1.806457169970574483e+00 1.788494826497445622e+00 1.694843766470576440e+00 1.525714757970519475e+00 1.525714757970519475e+00 1.429191776549753712e+00 1.505820282533145704e+00 2.096642234117325199e+00 2.096642234117325199e+00 1.694843766470576440e+00 1.525714757970519475e+00 1.525714757970519475e+00 1.525714757970519475e+00
1.505820282533145704e+00 1.625654779718090470e+00 1.582438332434558781e+00 1.582438332434558781e+00 1.788494826497445622e+00 1.862585872420822630e+00 1.582438332434558781e+00 1.582438332434558781e+00 1.534983266909443644e+00 1.713879342711117415e+00 2.388511851606382308e+01 6.531143708228549372e+01 1.694843766470576440e+00 1.625654779718090470e+00 1.525714757970519475e+00 1.525714757970519475e+00
1.429191776549753712e+00 1.429191776549753712e+00 1.429191776549753712e+00 1.713879342711117415e+00 1.694843766470576440e+00 1.525714757970519475e+00 1.582438332434558781e+00 1.582438332434558781e+00 1.582438332434558781e+00 4.612566517398678911e+01 6.097917222582751151e+01 1.788494826497445622e+00 1.525714757970519475e+00 1.525714757970519475e+00 1.525714757970519475e+00 1.525714757970519475e+00
1.429191776549753712e+00 1.429191776549753712e+00 1.429191776549753712e+00 1.429191776549753712e+00 1.429191776549753712e+00 1.525714757970519475e+00 1.525714757970519475e+00 1.713879342711117415e+00 1.582438332434558781e+00 1.806457169970574483e+00 2.482581166320742128e+01 1.625654779718090470e+00 1.525714757970519475e+00 1.525714757970519475e+00 1.525714757970519475e+00 1.525714757970519475e+00
1.429191776549753712e+00 1.429191776549753712e+00 1.429191776549753712e+00 1.429191776549753712e+00 1.429191776549753712e+00 1.525714757970519475e+00 1.525714757970519475e+00 1.525714757970519475e+00 1.582438332434558781e+00 1.806457169970574483e+00 1.625654779718090470e+00 1.525714757970519475e+00 1.525714757970519475e+00 1.525714757970519475e+00 1.525714757970519475e+00 1.525714757970519475e+00
1.429191776549753712e+00 1.429191776549753712e+00 1.429191776549753712e+00 1.429191776549753712e+00 1.429191776549753712e+00 1.525714757970519475e+00 1.429191776549753712e+00 1.429191776549753712e+00 1.505820282533145704e+00 1.582438332434558781e+00 1.525714757970519475e+00 1.525714757970519475e+00 1.429191776549753712e+00 1.429191776549753712e+00 1.525714757970519475e+00 1.525714757970519475e+00
1.429191776549753712e+00 1.429191776549753712e+00 1.429191776549753712e+00 1.429191776549753712e+00 1.429191776549753712e+00 1.525714757970519475e+00 1.429191776549753712e+00 1.429191776549753712e+00 1.429191776549753712e+00 1.525714757970519475e+00 1.525714757970519475e+00 1.525714757970519475e+00 1.429191776549753712e+00 1.429191776549753712e+00 1.525714757970519475e+00 1.429191776549753712e+00
1.429191776549753712e+00 1.429191776549753712e+00 1.429191776549753712e+00 1.429191776549753712e+00 1.525714757970519475e+00 1.525714757970519475e+00 1.582438332434558781e+00 1.525714757970519475e+00 1.525714757970519475e+00 1.525714757970519475e+00 1.525714757970519475e+00 1.429191776549753712e+00 1.429191776549753712e+00 1.525714757970519475e+00 1.525714757970519475e+00 1.429191776549753712e+00
1.429191776549753712e+00 1.429191776549753712e+00 1.429191776549753712e+00 1.625654779718090470e+00 1.625654779718090470e+00 1.525714757970519475e+00 1.525714757970519475e+00 1.525714757970519475e+00 1.582438332434558781e+00 1.525714757970519475e+00 1.429191776549753712e+00 1.525714757970519475e+00 1.429191776549753712e+00 1.429191776549753712e+00 1.429191776549753712e+00 1.505820282533145704e+00
