1.119176102047671328e+01 1.119176102047671328e+01 1.910280807723422924e+01 2.332552522559570463e+01 3.608072001817835428e+01 5.517062156126188199e+01 7.738964644822991090e+01 9.473519511329129728e+01 1.059304198937127808e+02 1.120358440305005132e+02 1.120358440305005132e+02 1.120358440305005132e+02 1.120358440305005132e+02 1.037646433879332477e+02 8.020874936518812603e+01 5.918648535261171162e+01
1.119176102047671328e+01 1.119176102047671328e+01 1.976906557035211875e+01 3.132877433128511768e+01 4.457321662846123189e+01 6.451926431607110146e+01 8.511471840975326586e+01 9.740556575353211599e+01 1.120358440305005132e+02 1.120358440305005132e+02 1.120358440305005132e+02 1.120358440305005132e+02 1.120358440305005132e+02 1.120358440305005132e+02 1.017337256430622290e+02 8.532574199477471666e+01
1.119176102047671328e+01 1.910280807723422924e+01 2.491567012979014351e+01 3.939809916922932587e+01 5.904697954214974231e+01 7.738964644822991090e+01 9.740556575353211599e+01 1.010269096763697121e+02 1.017337256430622290e+02 9.760867444806230253e+01 1.010269096763697121e+02 1.120358440305005132e+02 1.120358440305005132e+02 1.120358440305005132e+02 1.037646433879332477e+02 8.532574199477471666e+01
1.428485178053945326e+01 2.332552522559570463e+01 3.380166129676859299e+01 5.405221124920397813e+01 6.944337030343208994e+01 8.775696322474568944e+01 9.796717965824676355e+01 9.288028607686759131e+01 9.051203959047340675e+01 8.690515977369480538e+01 8.633746521462508383e+01 9.353744433793491453e+01 1.010269096763697121e+02 1.120358440305005132e+02 1.120358440305005132e+02 1.002204825941503685e+02
2.134601072773702057e+01 2.968033997951524938e+01 4.457321662846123189e+01 6.451926431607110146e+01 8.220770298647977370e+01 9.740556575353211599e+01 9.288028607686759131e+01 8.768042349195347640e+01 7.859748398509276512e+01 6.489191682605405731e+01 6.496152023820579302e+01 7.743578373271708415e+01 8.353043936042462292e+01 1.046285800720658585e+02 1.120358440305005132e+02 1.037646433879332477e+02
2.968033997951524938e+01 3.939809916922932587e+01 5.714030041221831624e+01 7.738964644822991090e+01 9.740556575353211599e+01 9.866624139329813659e+01 9.288028607686759131e+01 7.859748398509276512e+01 6.419553049065471839e+01 4.785073952751520210e+01 4.863171841436514597e+01 6.108215949004139134e+01 7.083210424379701919e+01 9.648687135163176265e+01 1.010269096763697121e+02 1.037646433879332477e+02
3.608072001817835428e+01 5.405221124920397813e+01 7.275249284852674236e+01 9.021067945127830967e+01 9.956435446780089649e+01 9.760867444806230253e+01 8.161997241936794012e+01 6.419553049065471839e+01 4.504612485267759325e+01 3.597684941991794716e+01 3.402163178263875665e+01 4.863171841436514597e+01 6.808669875355538181e+01 8.353043936042462292e+01 1.010269096763697121e+02 1.031577979059279215e+02
4.482714676640031826e+01 6.451926431607110146e+01 8.511471840975326586e+01 9.740556575353211599e+01 9.448788669029318044e+01 8.768042349195347640e+01 6.725511656169240382e+01 5.273125496174565541e+01 3.725303777605445532e+01 2.540969389599612782e+01 2.800652483872939769e+01 4.244304352106584588e+01 5.517062156126188199e+01 8.119183708594222537e+01 9.648687135163176265e+01 1.031577979059279215e+02
5.517062156126188199e+01 7.738964644822991090e+01 9.740556575353211599e+01 9.866624139329813659e+01 9.288028607686759131e+01 7.859748398509276512e+01 6.253971287832663251e+01 4.183004665625949769e+01 2.919871648397590391e+01 2.167010800825586969e+01 2.686419355722650337e+01 4.244304352106584588e+01 5.904697954214974231e+01 8.119183708594222537e+01 9.796717965824676355e+01 1.002204825941503685e+02
6.451926431607110146e+01 8.511471840975326586e+01 9.796717965824676355e+01 9.288028607686759131e+01 8.373455527695631417e+01 6.419553049065471839e+01 4.836841159819910985e+01 3.303732843661452989e+01 2.515188712948325289e+01 2.721338125049783230e+01 3.393442993503420269e+01 4.457321662846123189e+01 6.574337482994684478e+01 8.511471840975326586e+01 9.796717965824676355e+01 9.760867444806230253e+01
7.738964644822991090e+01 9.740556575353211599e+01 1.022075677177853663e+02 9.288028607686759131e+01 7.859748398509276512e+01 5.873396769081427493e+01 4.049962657301441027e+01 3.223737318736920798e+01 2.911788083380110947e+01 3.312344800532704880e+01 4.310373690511605105e+01 5.714030041221831624e+01 7.738964644822991090e+01 9.199514314098877321e+01 9.866624139329813659e+01 8.778196673079278867e+01
8.511471840975326586e+01 9.740556575353211599e+01 1.031577979059279215e+02 8.809221584618828160e+01 7.555261066572006712e+01 5.409270382038431535e+01 4.331178221752136182e+01 3.582962768778943285e+01 3.978052009138842493e+01 4.685409477342067674e+01 6.030933534441450661e+01 7.738964644822991090e+01 9.021067945127830967e+01 9.264575838435277433e+01 9.288028607686759131e+01 8.161997241936794012e+01
9.081836942653900735e+01 1.059304198937127808e+02 1.044111096534312395e+02 1.002204825941503685e+02 8.532574199477471666e+01 6.817350067556657223e+01 5.532221999939569201e+01 5.449179102600994895e+01 5.261124189506959681e+01 6.973917014989969232e+01 8.070919396789952316e+01 9.221284197228631285e+01 9.956435446780089649e+01 9.288028607686759131e+01 8.778196673079278867e+01 6.725511656169240382e+01
9.081836942653900735e+01 1.059304198937127808e+02 1.120358440305005132e+02 1.037646433879332477e+02 8.532574199477471666e+01 8.020874936518812603e+01 7.124535512014875849e+01 7.124535512014875849e+01 8.070919396789952316e+01 8.722589585550102242e+01 9.221284197228631285e+01 9.956435446780089649e+01 9.448788669029318044e+01 8.778196673079278867e+01 7.555261066572006712e+01 5.750080911928632332e+01
8.353043936042462292e+01 1.010269096763697121e+02 1.120358440305005132e+02 1.120358440305005132e+02 1.037646433879332477e+02 9.866624139329813659e+01 9.221284197228631285e+01 9.221284197228631285e+01 9.221284197228631285e+01 9.956435446780089649e+01 9.866624139329813659e+01 9.381726800492253915e+01 8.690515977369480538e+01 7.859748398509276512e+01 6.220725340089763478e+01 4.183004665625949769e+01
7.025175830159983548e+01 9.648687135163176265e+01 1.046285800720658585e+02 1.120358440305005132e+02 1.076253605606246566e+02 1.017337256430622290e+02 1.031577979059279215e+02 9.866624139329813659e+01 1.017337256430622290e+02 9.381726800492253915e+01 8.930018972944259303e+01 7.996361312056907877e+01 6.725511656169240382e+01 5.750080911928632332e+01 4.250024866587941119e+01 3.093057937346662101e+01
