1.429191776549753712e+00 1.429191776549753712e+00 1.429191776549753712e+00 1.713879342711117415e+00 2.096642234117325199e+00 2.464034703686591055e+00 5.865607785504452210e+01 6.992944833038984953e+00 8.137250775084388010e+01 6.992944833038984953e+00 6.992944833038984953e+00 6.992944833038984953e+00 6.992944833038984953e+00 6.992944833038984953e+00 8.724888908799282916e+00 1.663872246750510930e+00
1.429191776549753712e+00 1.429191776549753712e+00 1.713879342711117415e+00 6.992944833038984953e+00 6.992944833038984953e+00 1.070236899924020690e+02 1.239869968532516395e+02 1.628540981222650430e+02 1.628540981222650430e+02 1.622472531182296791e+02 1.628540981222650430e+02 1.622472531182296791e+02 1.628540981222650430e+02 1.622472531182296791e+02 1.618870924348766493e+02 3.325871947167834719e+01
1.429191776549753712e+00 2.856283428241539468e+01 4.612566517398678911e+01 1.239869968532516395e+02 1.628540981222650430e+02 1.622472531182296791e+02 1.425896555810054736e+02 1.425896555810054736e+02 1.392639750742147271e+02 1.387660850434961901e+02 1.425896555810054736e+02 1.425896555810054736e+02 1.588081739199221261e+02 1.588081739199221261e+02 1.638048777496647688e+02 7.689813229159658192e+01
1.713879342711117415e+00 4.612566517398678911e+01 1.599036223656938205e+02 1.645129586750803696e+02 1.346170892328557613e+02 1.077977682476229973e+02 1.806457169970574483e+00 1.806457169970574483e+00 1.806457169970574483e+00 1.806457169970574483e+00 1.806457169970574483e+00 1.806457169970574483e+00 1.806457169970574483e+00 6.097917222582751151e+01 8.207693972262914883e+01 5.135074578730662864e+01
1.713879342711117415e+00 1.423007465436452321e+02 1.425896555810054736e+02 1.616131470769851148e+02 1.667634077064170484e+01 1.625654779718090470e+00 1.625654779718090470e+00 1.582438332434558781e+00 1.582438332434558781e+00 1.625654779718090470e+00 1.625654779718090470e+00 1.582438332434558781e+00 1.582438332434558781e+00 1.806457169970574483e+00 1.582438332434558781e+00 6.097917222582751151e+01
1.185787988700877236e+02 1.545421431722054137e+02 1.077977682476229973e+02 1.346170892328557613e+02 1.625654779718090470e+00 1.525714757970519475e+00 1.525714757970519475e+00 1.525714757970519475e+00 1.582438332434558781e+00 1.525714757970519475e+00 1.525714757970519475e+00 1.525714757970519475e+00 1.582438332434558781e+00 1.582438332434558781e+00 1.582438332434558781e+00 1.865261024953802194e+00
1.599036223656938205e+02 1.623853546902330436e+02 1.163211951133767741e+02 1.625654779718090470e+00 1.525714757970519475e+00 1.429191776549753712e+00 1.429191776549753712e+00 1.429191776549753712e+00 1.525714757970519475e+00 1.525714757970519475e+00 1.525714757970519475e+00 1.525714757970519475e+00 1.525714757970519475e+00 1.429191776549753712e+00 1.713879342711117415e+00 2.326325570022324651e+00
1.314023362213549717e+02 1.556036342976485969e+02 1.694843766470576440e+00 1.525714757970519475e+00 1.429191776549753712e+00 1.429191776549753712e+00 1.429191776549753712e+00 1.429191776549753712e+00 1.525714757970519475e+00 1.525714757970519475e+00 1.525714757970519475e+00 1.525714757970519475e+00 1.429191776549753712e+00 1.429191776549753712e+00 1.534983266909443644e+00 1.713879342711117415e+00
1.806457169970574483e+00 1.788494826497445622e+00 1.525714757970519475e+00 1.429191776549753712e+00 1.429191776549753712e+00 1.429191776549753712e+00 1.429191776549753712e+00 1.429191776549753712e+00 1.429191776549753712e+00 1.429191776549753712e+00 1.525714757970519475e+00 1.525714757970519475e+00 1.429191776549753712e+00 1.429191776549753712e+00 1.767682422936826425e+00 1.824045474040495662e+00
3.847725919210387424e+00 1.625654779718090470e+00 1.525714757970519475e+00 1.429191776549753712e+00 1.429191776549753712e+00 1.429191776549753712e+00 1.429191776549753712e+00 1.429191776549753712e+00 1.429191776549753712e+00 1.429191776549753712e+00 1.429191776549753712e+00 1.429191776549753712e+00 1.429191776549753712e+00 1.429191776549753712e+00 1.534983266909443644e+00 1.713879342711117415e+00
1.944306667598198812e+00 1.663872246750510930e+00 1.429191776549753712e+00 1.429191776549753712e+00 1.429191776549753712e+00 1.582438332434558781e+00 1.429191776549753712e+00 1.429191776549753712e+00 1.429191776549753712e+00 1.429191776549753712e+00 1.534983266909443644e+00 1.429191776549753712e+00 1.241309917775988225e+01 2.856283428241539468e+01 2.464034703686591055e+00 5.388844078821361627e+00
4.839433058938478638e+01 2.096642234117325199e+00 2.096642234117325199e+00 1.429191776549753712e+00 1.429191776549753712e+00 1.429191776549753712e+00 1.429191776549753712e+00 1.713879342711117415e+00 2.096642234117325199e+00 2.096642234117325199e+00 2.096642234117325199e+00 2.096642234117325199e+00 2.464034703686591055e+00 4.863345940520431299e+01 8.395196297078656755e+01 1.709559436752194728e+01
1.381982474350001269e+02 1.628540981222650430e+02 1.312129078440208048e+02 6.992944833038984953e+00 2.096642234117325199e+00 2.096642234117325199e+00 2.464034703686591055e+00 1.790129517807346815e+01 6.992944833038984953e+00 6.992944833038984953e+00 6.992944833038984953e+00 6.992944833038984953e+00 9.967906708679021222e+01 1.622472531182296791e+02 1.346170892328557613e+02 2.482581166320742128e+01
8.142671147728228220e+01 1.588081739199221261e+02 1.638048777496647688e+02 1.628540981222650430e+02 1.312129078440208048e+02 1.059266315577576307e+02 8.395196297078656755e+01 1.239869968532516395e+02 8.846977473045772911e+01 8.846977473045772911e+01 1.232523262374226789e+02 1.011344687826394591e+02 1.314023362213549717e+02 1.081489139166406233e+02 2.482581166320742128e+01 1.625654779718090470e+00
1.806457169970574483e+00 1.806457169970574483e+00 1.588081739199221261e+02 1.588081739199221261e+02 1.622472531182296791e+02 1.628540981222650430e+02 1.628540981222650430e+02 1.622472531182296791e+02 1.346170892328557613e+02 1.077977682476229973e+02 2.482581166320742128e+01 1.806457169970574483e+00 1.806457169970574483e+00 1.806457169970574483e+00 1.625654779718090470e+00 1.525714757970519475e+00
1.582438332434558781e+00 1.582438332434558781e+00 1.582438332434558781e+00 8.602858057769543620e+01 1.588081739199221261e+02 1.425896555810054736e+02 1.425896555810054736e+02 1.077977682476229973e+02 1.667634077064170484e+01 1.806457169970574483e+00 1.806457169970574483e+00 1.806457169970574483e+00 1.625654779718090470e+00 1.625654779718090470e+00 1.525714757970519475e+00 1.429191776549753712e+00
