1.334088437207507694e+00 1.334088437207507694e+00 1.334088437207507694e+00 1.334088437207507694e+00 1.334088437207507694e+00 1.334088437207507694e+00 1.334088437207507694e+00 1.334088437207507694e+00 1.334088437207507694e+00 1.334088437207507694e+00 1.334088437207507694e+00 1.334088437207507694e+00 1.334088437207507694e+00 1.334088437207507694e+00 1.334088437207507694e+00 1.334088437207507694e+00 1.334088437207507694e+00 1.334088437207507694e+00 1.334088437207507694e+00 1.334088437207507694e+00 1.334088437207507694e+00 1.334088437207507694e+00
1.334088437207507694e+00 1.334088437207507694e+00 1.334088437207507694e+00 1.334088437207507694e+00 1.334088437207507694e+00 1.334088437207507694e+00 1.334088437207507694e+00 1.334088437207507694e+00 1.334088437207507694e+00 1.334088437207507694e+00 1.334088437207507694e+00 1.334088437207507694e+00 1.334088437207507694e+00 1.334088437207507694e+00 1.334088437207507694e+00 1.334088437207507694e+00 1.334088437207507694e+00 1.334088437207507694e+00 1.334088437207507694e+00 1.334088437207507694e+00 1.334088437207507694e+00 1.334088437207507694e+00
1.334088437207507694e+00 1.334088437207507694e+00 1.334088437207507694e+00 1.334088437207507694e+00 1.334088437207507694e+00 1.334088437207507694e+00 1.334088437207507694e+00 1.334088437207507694e+00 1.334088437207507694e+00 6.945760262336684310e-01 6.801597099745246844e-01 6.945760262336684310e-01 1.334088437207507694e+00 1.334088437207507694e+00 1.334088437207507694e+00 6.945760262336684310e-01 6.801597099745246844e-01 1.334088437207507694e+00 1.334088437207507694e+00 1.334088437207507694e+00 1.334088437207507694e+00 1.334088437207507694e+00
5.072189153439152776e-01 5.072189153439152776e-01 5.072189153439152776e-01 4.497633744855966675e-01 5.072189153439152776e-01 5.072189153439152776e-01 6.801597099745246844e-01 5.072189153439152776e-01 5.072189153439152776e-01 6.945760262336684310e-01 9.071791495912098213e-01 9.369671274679511885e-01 4.497633744855966675e-01 5.072189153439152776e-01 6.945760262336684310e-01 6.945760262336684310e-01 4.497633744855966675e-01 5.072189153439152776e-01 5.072189153439152776e-01 5.072189153439152776e-01 5.072189153439152776e-01 4.497633744855966675e-01
1.171223513775203173e+00 6.945760262336684310e-01 6.945760262336684310e-01 9.071791495912098213e-01 9.935548053633974641e-01 6.945760262336684310e-01 6.945760262336684310e-01 9.071791495912098213e-01 9.246575543797767027e-01 9.838274337348410503e-01 1.037620383731494789e+00 1.094513261071400567e+00 1.477375116086301343e+00 1.401280161806324642e+00 1.212679398148148069e+00 9.246575543797767027e-01 9.838274337348410503e-01 9.838274337348410503e-01 1.100056925644604444e+00 4.497633744855966675e-01 5.072189153439152776e-01 4.497633744855966675e-01
1.171223513775203173e+00 1.212679398148148069e+00 1.212679398148148069e+00 9.348875041229920413e-01 1.957776864088232482e+00 1.212679398148148069e+00 9.246575543797767027e-01 1.037620383731494789e+00 1.567453944422598333e+00 1.627970846128317461e+01 4.510519593253968118e+00 4.162079859095558731e+01 1.546601488402492786e+00 1.342696858857270303e+00 1.394860076800541027e+00 1.867992560852577810e+01 1.546601488402492786e+00 1.119177216167768441e+00 1.297191209066208994e+00 1.100056925644604444e+00 9.838274337348410503e-01 1.155848961395257835e+00
1.632600388386092671e+00 1.618340048855713142e+00 1.618340048855713142e+00 1.591028558335221055e+00 1.654121532473369793e+00 1.394860076800541027e+00 1.087710189287132145e+01 1.546601488402492786e+00 3.625714155807385541e+00 4.873482403393893492e+00 1.509772506682844195e+01 7.509211726104581430e+01 4.681086948237775403e+01 1.373490418439124028e+01 1.105554575641693660e+01 4.873482403393893492e+00 2.329930215440687569e+00 1.212679398148148069e+00 4.873482403393893492e+00 2.241508035839006041e+00 4.377271990459092876e+00 1.765377853839893207e+00
1.569115990699413876e+00 1.832741781761381139e+00 1.842191647227284124e+00 1.668614307575027711e+00 1.283958385341307906e+00 4.339045047031157765e+01 5.219374396296637464e+00 2.568903010620041005e+00 4.360521635145005348e+00 1.297191209066208994e+00 4.713998502105476440e+00 7.626796922655121591e+01 1.140661614275003544e+01 4.360521635145005348e+00 4.360521635145005348e+00 4.360521635145005348e+00 4.360521635145005348e+00 4.360521635145005348e+00 2.211575443273748665e+00 1.743506297357692247e+00 1.904628798683631885e+00 1.493365465960169391e+00
1.617992501898121827e+00 1.793828834488985668e+00 1.333656663109014096e+00 1.654121532473369793e+00 1.509772506682844195e+01 4.430099093189613768e+01 1.988271195346387188e+00 1.988271195346387188e+00 1.988271195346387188e+00 1.593848482766635044e+00 8.581459819032280834e+00 1.632600388386092671e+00 1.632600388386092671e+00 1.632600388386092671e+00 1.618340048855713142e+00 1.333656663109014096e+00 1.333656663109014096e+00 1.333656663109014096e+00 5.072189153439152776e-01 1.421058955315390504e+00 1.212679398148148069e+00 1.283476738375510795e+00
1.114671964752022015e+00 1.496354319651541642e+00 1.496354319651541642e+00 1.448284394189816027e+00 1.297191209066208994e+00 2.329930215440687569e+00 1.988271195346387188e+00 1.988271195346387188e+00 2.413763826784579347e+00 1.997328622435447842e+00 1.988271195346387188e+00 1.694052209162490996e+00 1.477375116086301343e+00 1.980062172558184841e+00 1.493365465960169391e+00 1.171223513775203173e+00 6.945760262336684310e-01 5.072189153439152776e-01 7.025718694885362270e-01 1.617992501898121827e+00 1.342696858857270303e+00 1.372165173707753594e+00
8.381692325522982490e-01 1.394860076800541027e+00 1.094513261071400567e+00 1.633953637566137429e+00 1.297191209066208994e+00 2.329930215440687569e+00 1.342696858857270303e+00 1.514792010508462017e+00 3.013552830571858632e+00 1.546601488402492786e+00 1.546601488402492786e+00 1.496354319651541642e+00 1.858739182545980917e+00 1.796394991142466813e+00 1.212679398148148069e+00 1.171223513775203173e+00 6.945760262336684310e-01 6.801597099745246844e-01 8.381692325522982490e-01 1.212679398148148069e+00 1.342696858857270303e+00 1.477153684107387566e+00
9.838274337348410503e-01 1.632600388386092671e+00 1.632600388386092671e+00 1.686165998955471590e+00 1.333656663109014096e+00 5.072189153439152776e-01 3.928366528995297813e+00 3.928366528995297813e+00 1.105554575641693660e+01 4.510519593253968118e+00 4.510519593253968118e+00 1.653663665305725505e+00 1.988271195346387188e+00 2.413763826784579347e+00 1.342696858857270303e+00 1.304195358939185923e+00 6.945760262336684310e-01 9.369671274679511885e-01 1.401280161806324642e+00 1.171223513775203173e+00 1.415173716450336627e+00 5.072189153439152776e-01
1.239707957668229055e+00 1.842191647227284124e+00 1.635438938740562120e+00 1.472856846958441546e+00 1.401280161806324642e+00 1.212679398148148069e+00 1.593848482766635044e+00 4.360521635145005348e+00 4.360521635145005348e+00 6.236954888381712969e+00 2.719229803208063956e+00 1.212679398148148069e+00 3.601765567196518525e+00 1.514792010508462017e+00 1.477375116086301343e+00 1.980062172558184841e+00 4.497633744855966675e-01 9.348875041229920413e-01 1.342696858857270303e+00 1.304195358939185923e+00 4.497633744855966675e-01 5.072189153439152776e-01
8.381692325522982490e-01 1.212679398148148069e+00 1.858739182545980917e+00 1.648714146800143610e+00 1.469837826770610700e+00 1.405159803696035770e+00 1.654121532473369793e+00 1.832741781761381139e+00 1.547816311747288731e+00 3.551314208462960753e+00 2.329930215440687569e+00 3.505469097337674977e+00 2.211575443273748665e+00 3.928366528995297813e+00 1.546601488402492786e+00 1.531800555023214772e+00 1.212679398148148069e+00 1.297191209066208994e+00 1.098625110229276558e+00 1.072453979276895675e+00 4.497633744855966675e-01 4.497633744855966675e-01
1.546601488402492786e+00 1.832741781761381139e+00 1.803511643946359211e+00 1.212679398148148069e+00 1.546601488402492786e+00 1.988271195346387188e+00 1.803511643946359211e+00 1.694052209162490996e+00 1.675283689907904883e+00 1.668614307575027711e+00 1.796394991142466813e+00 1.334088437207507694e+00 1.997328622435447842e+00 1.509772506682844195e+01 1.233197696687370666e+02 2.440406191776899902e+01 1.632600388386092671e+00 1.632600388386092671e+00 1.094513261071400567e+00 4.497633744855966675e-01 4.497633744855966675e-01 5.072189153439152776e-01
9.348875041229920413e-01 1.796394991142466813e+00 1.493365465960169391e+00 1.633953637566137429e+00 1.094513261071400567e+00 1.514792010508462017e+00 1.477153684107387566e+00 1.342696858857270303e+00 1.546601488402492786e+00 1.496354319651541642e+00 1.546601488402492786e+00 1.567453944422598333e+00 4.873482403393893492e+00 3.154839294030393759e+01 5.904196056547618099e+01 1.617992501898121827e+00 2.329930215440687569e+00 2.139977289030583485e+00 1.668614307575027711e+00 1.431338366473970281e+00 4.497633744855966675e-01 5.072189153439152776e-01
1.743506297357692247e+00 1.495773491439946090e+00 1.546601488402492786e+00 1.304195358939185923e+00 1.509772506682844195e+01 5.460981329198086343e+01 2.464068200169714373e+01 1.546601488402492786e+00 1.567453944422598333e+00 1.087710189287132145e+01 1.105554575641693660e+01 7.198620084159856880e+00 8.381692325522982490e-01 1.490589713485640289e+01 4.360521635145005348e+00 1.957776864088232482e+00 1.988271195346387188e+00 1.980062172558184841e+00 1.493365465960169391e+00 1.171223513775203173e+00 4.497633744855966675e-01 5.072189153439152776e-01
1.119177216167768441e+00 6.945760262336684310e-01 7.025718694885362270e-01 1.359247506009044981e+00 1.297191209066208994e+00 5.007785094285969052e+01 7.509211726104581430e+01 2.738414544112218252e+01 8.089726633003207823e+00 1.617992501898121827e+00 4.360521635145005348e+00 4.360521635145005348e+00 1.988271195346387188e+00 1.832741781761381139e+00 1.957776864088232482e+00 1.617992501898121827e+00 1.481574737733978520e+00 1.333656663109014096e+00 1.605779799721876566e+00 1.469837826770610700e+00 4.497633744855966675e-01 5.072189153439152776e-01
9.935548053633974641e-01 9.542336628736156623e-01 9.071791495912098213e-01 1.040010443945629026e+00 1.490589713485640289e+01 1.676459793366457873e+01 2.126432525075616553e+01 4.360521635145005348e+00 2.841188789068600951e+00 6.945760262336684310e-01 1.212679398148148069e+00 7.025718694885362270e-01 1.952660257346079620e+00 1.832741781761381139e+00 1.980062172558184841e+00 1.675283689907904883e+00 1.682625380166022033e+00 1.546601488402492786e+00 1.496354319651541642e+00 1.283958385341307906e+00 5.072189153439152776e-01 5.072189153439152776e-01
1.198074345750271830e+00 9.246575543797767027e-01 7.025718694885362270e-01 5.072189153439152776e-01 5.072189153439152776e-01 5.072189153439152776e-01 5.072189153439152776e-01 5.072189153439152776e-01 6.945760262336684310e-01 5.072189153439152776e-01 9.838274337348410503e-01 9.369671274679511885e-01 5.072189153439152776e-01 5.072189153439152776e-01 1.546601488402492786e+00 1.477153684107387566e+00 1.546601488402492786e+00 1.179127508804178381e+00 1.037620383731494789e+00 4.497633744855966675e-01 4.497633744855966675e-01 5.072189153439152776e-01
1.394860076800541027e+00 1.037620383731494789e+00 4.497633744855966675e-01 4.497633744855966675e-01 5.072189153439152776e-01 1.546601488402492786e+00 4.497633744855966675e-01 5.072189153439152776e-01 4.497633744855966675e-01 4.497633744855966675e-01 4.497633744855966675e-01 4.497633744855966675e-01 4.497633744855966675e-01 4.497633744855966675e-01 5.072189153439152776e-01 5.072189153439152776e-01 4.497633744855966675e-01 4.497633744855966675e-01 4.497633744855966675e-01 4.497633744855966675e-01 6.801597099745246844e-01 1.334088437207507694e+00
4.497633744855966675e-01 4.497633744855966675e-01 5.072189153439152776e-01 6.945760262336684310e-01 1.334088437207507694e+00 1.334088437207507694e+00 6.945760262336684310e-01 5.072189153439152776e-01 5.072189153439152776e-01 5.072189153439152776e-01 6.945760262336684310e-01 1.334088437207507694e+00 1.334088437207507694e+00 6.945760262336684310e-01 6.945760262336684310e-01 1.334088437207507694e+00 1.334088437207507694e+00 1.334088437207507694e+00 1.334088437207507694e+00 1.334088437207507694e+00 1.334088437207507694e+00 1.334088437207507694e+00
