8.004966252262228465e+00 8.004966252262228465e+00 8.004966252262228465e+00 8.004966252262228465e+00 8.004966252262228465e+00 8.004966252262228465e+00 8.004966252262228465e+00 8.004966252262228465e+00 8.004966252262228465e+00 8.004966252262228465e+00 8.004966252262228465e+00 8.004966252262228465e+00 8.004966252262228465e+00 8.004966252262228465e+00 8.004966252262228465e+00 8.004966252262228465e+00 8.004966252262228465e+00 8.004966252262228465e+00 8.004966252262228465e+00 8.004966252262228465e+00 8.004966252262228465e+00 8.004966252262228465e+00
8.004966252262228465e+00 8.004966252262228465e+00 8.004966252262228465e+00 8.004966252262228465e+00 8.004966252262228465e+00 8.004966252262228465e+00 8.004966252262228465e+00 8.004966252262228465e+00 8.004966252262228465e+00 8.004966252262228465e+00 1.655531723467708005e+01 2.051794127313312543e+01 2.579588006004116352e+01 2.579588006004116352e+01 2.579588006004116352e+01 1.900563667261281608e+01 1.900563667261281608e+01 1.105717241161107367e+01 8.004966252262228465e+00 8.004966252262228465e+00 8.004966252262228465e+00 8.004966252262228465e+00
8.004966252262228465e+00 8.004966252262228465e+00 8.004966252262228465e+00 8.004966252262228465e+00 8.004966252262228465e+00 8.004966252262228465e+00 8.004966252262228465e+00 8.004966252262228465e+00 1.655531723467708005e+01 2.511941430769709882e+01 3.051153220209226191e+01 3.907887300165633349e+01 4.707763008116838677e+01 4.707763008116838677e+01 4.707763008116838677e+01 4.167470252386293339e+01 4.167470252386293339e+01 2.814246665213499554e+01 2.446380806349958803e+01 1.900563667261281608e+01 1.105717241161107367e+01 8.004966252262228465e+00
8.004966252262228465e+00 8.004966252262228465e+00 8.004966252262228465e+00 8.004966252262228465e+00 8.004966252262228465e+00 8.004966252262228465e+00 8.004966252262228465e+00 1.746103199047492893e+01 2.450972669612315968e+01 3.790419621841178355e+01 5.556050822543110002e+01 7.331521318036098478e+01 7.321425083654708033e+01 7.321425083654708033e+01 7.321425083654708033e+01 7.542310173340568724e+01 6.903832455378487509e+01 5.162282319978789502e+01 4.167470252386293339e+01 2.878958417062722219e+01 1.906683777408682090e+01 8.004966252262228465e+00
8.004966252262228465e+00 8.004966252262228465e+00 8.004966252262228465e+00 8.004966252262228465e+00 8.004966252262228465e+00 8.004966252262228465e+00 8.004966252262228465e+00 1.934233756735514476e+01 2.970188882045425061e+01 5.100539124803135138e+01 7.497686775504176637e+01 8.793660477914980333e+01 8.483493230057109713e+01 9.486164939905009419e+01 8.483493230057109713e+01 9.778965123326268838e+01 8.272895325339746364e+01 7.313851407607235444e+01 6.524542418453975756e+01 3.921009325614243579e+01 1.906683777408682090e+01 1.105717241161107367e+01
8.004966252262228465e+00 8.004966252262228465e+00 8.004966252262228465e+00 8.004966252262228465e+00 8.004966252262228465e+00 8.004966252262228465e+00 8.004966252262228465e+00 1.934233756735514476e+01 3.370628272644245982e+01 6.090360952066620825e+01 6.520853516644879733e+01 7.461030726255977186e+01 7.461030726255977186e+01 7.461030726255977186e+01 7.461030726255977186e+01 8.109776321247612429e+01 7.760471597956934886e+01 7.560747392903810749e+01 6.055497633049544248e+01 4.010735608042816835e+01 2.376810831736282736e+01 1.105717241161107367e+01
8.004966252262228465e+00 8.004966252262228465e+00 8.004966252262228465e+00 8.004966252262228465e+00 8.004966252262228465e+00 8.004966252262228465e+00 1.634672664533670172e+01 1.934233756735514476e+01 3.370628272644245982e+01 4.494844636469003518e+01 4.721788759764265819e+01 4.721788759764265819e+01 4.908544529942793133e+01 4.721788759764265819e+01 4.721788759764265819e+01 4.721788759764265819e+01 5.906737726124801213e+01 5.530132948171566909e+01 4.315129067329726809e+01 3.111862823906154318e+01 2.196882726471068636e+01 1.580435394600263166e+01
8.004966252262228465e+00 8.004966252262228465e+00 8.004966252262228465e+00 8.004966252262228465e+00 1.604629362148443050e+01 2.144523204536709926e+01 2.144523204536709926e+01 2.217565473235280393e+01 2.467811158076074562e+01 2.804995354159927956e+01 2.703685485521691945e+01 2.703685485521691945e+01 2.703685485521691945e+01 2.703685485521691945e+01 2.550435017240578972e+01 2.804995354159927956e+01 2.254587298193364830e+01 3.158835961405119619e+01 2.703685485521691945e+01 2.059631469967584039e+01 1.884125225768104528e+01 8.004966252262228465e+00
8.004966252262228465e+00 8.004966252262228465e+00 8.004966252262228465e+00 8.004966252262228465e+00 2.179582289431901643e+01 3.051153220209226191e+01 3.654695041814376566e+01 3.432992398976886506e+01 2.467811158076074562e+01 1.997846844459450111e+01 1.580435394600263166e+01 1.580435394600263166e+01 1.580435394600263166e+01 1.580435394600263166e+01 1.580435394600263166e+01 1.580435394600263166e+01 1.580435394600263166e+01 1.580435394600263166e+01 1.580435394600263166e+01 1.580435394600263166e+01 8.004966252262228465e+00 8.004966252262228465e+00
8.004966252262228465e+00 8.004966252262228465e+00 8.004966252262228465e+00 1.746103199047492893e+01 2.450972669612315968e+01 4.582138949894616076e+01 6.011460656064544850e+01 5.485130879355803302e+01 3.921009325614243579e+01 1.906683777408682090e+01 1.105717241161107367e+01 8.004966252262228465e+00 8.004966252262228465e+00 8.004966252262228465e+00 8.004966252262228465e+00 8.004966252262228465e+00 8.004966252262228465e+00 8.004966252262228465e+00 8.004966252262228465e+00 8.004966252262228465e+00 8.004966252262228465e+00 8.004966252262228465e+00
8.004966252262228465e+00 8.004966252262228465e+00 8.004966252262228465e+00 1.746103199047492893e+01 2.952181692409752500e+01 6.114358696999771325e+01 8.048287436399269268e+01 7.313851407607235444e+01 5.059249101152585126e+01 2.690334524567797203e+01 1.105717241161107367e+01 8.004966252262228465e+00 8.004966252262228465e+00 8.004966252262228465e+00 8.004966252262228465e+00 8.004966252262228465e+00 8.004966252262228465e+00 8.004966252262228465e+00 8.004966252262228465e+00 8.004966252262228465e+00 8.004966252262228465e+00 8.004966252262228465e+00
8.004966252262228465e+00 8.004966252262228465e+00 8.004966252262228465e+00 1.746103199047492893e+01 3.420728083916620932e+01 6.622714443431931386e+01 8.960092215707562957e+01 9.434889964967004516e+01 6.606142834189250834e+01 3.255526540676069658e+01 1.906683777408682090e+01 8.004966252262228465e+00 8.004966252262228465e+00 8.004966252262228465e+00 8.004966252262228465e+00 8.004966252262228465e+00 8.004966252262228465e+00 8.004966252262228465e+00 8.004966252262228465e+00 8.004966252262228465e+00 8.004966252262228465e+00 8.004966252262228465e+00
8.004966252262228465e+00 8.004966252262228465e+00 8.004966252262228465e+00 1.746103199047492893e+01 3.218945633540184303e+01 6.302241426758354947e+01 8.844806095342228502e+01 9.923829047299591366e+01 7.913631582986586466e+01 5.059249101152585126e+01 2.603240406073612334e+01 1.900563667261281608e+01 1.105717241161107367e+01 8.004966252262228465e+00 8.004966252262228465e+00 8.004966252262228465e+00 8.004966252262228465e+00 8.004966252262228465e+00 8.004966252262228465e+00 8.004966252262228465e+00 8.004966252262228465e+00 8.004966252262228465e+00
8.004966252262228465e+00 8.004966252262228465e+00 8.004966252262228465e+00 8.004966252262228465e+00 2.283470079149124743e+01 4.364933066275344231e+01 7.548157082825299824e+01 1.013898941952325714e+02 9.923829047299591366e+01 6.524542418453975756e+01 4.167470252386293339e+01 3.432992398976886506e+01 2.603240406073612334e+01 1.105717241161107367e+01 8.004966252262228465e+00 8.004966252262228465e+00 8.004966252262228465e+00 8.004966252262228465e+00 8.004966252262228465e+00 8.004966252262228465e+00 8.004966252262228465e+00 8.004966252262228465e+00
8.004966252262228465e+00 8.004966252262228465e+00 8.004966252262228465e+00 8.004966252262228465e+00 1.746103199047492893e+01 3.207241544461427907e+01 5.986805291352521152e+01 8.071193698427848062e+01 9.603651088692656401e+01 9.434889964967004516e+01 8.272895325339746364e+01 5.162282319978789502e+01 4.167470252386293339e+01 2.446380806349958803e+01 1.105717241161107367e+01 8.004966252262228465e+00 8.004966252262228465e+00 8.004966252262228465e+00 8.004966252262228465e+00 8.004966252262228465e+00 8.004966252262228465e+00 8.004966252262228465e+00
8.004966252262228465e+00 8.004966252262228465e+00 8.004966252262228465e+00 8.004966252262228465e+00 8.004966252262228465e+00 2.348606706422670243e+01 3.550256102698680394e+01 5.986805291352521152e+01 8.071193698427848062e+01 9.105918778449346007e+01 8.272895325339746364e+01 8.272895325339746364e+01 6.524542418453975756e+01 3.986152823693383596e+01 2.446380806349958803e+01 1.900563667261281608e+01 8.004966252262228465e+00 8.004966252262228465e+00 8.004966252262228465e+00 8.004966252262228465e+00 8.004966252262228465e+00 8.004966252262228465e+00
8.004966252262228465e+00 8.004966252262228465e+00 8.004966252262228465e+00 8.004966252262228465e+00 8.004966252262228465e+00 8.004966252262228465e+00 2.348606706422670243e+01 3.550256102698680394e+01 4.494844636469003518e+01 6.520853516644879733e+01 8.867818257388033487e+01 8.483493230057109713e+01 8.272895325339746364e+01 6.659787043424640274e+01 3.986152823693383596e+01 1.906683777408682090e+01 8.004966252262228465e+00 8.004966252262228465e+00 8.004966252262228465e+00 8.004966252262228465e+00 8.004966252262228465e+00 8.004966252262228465e+00
8.004966252262228465e+00 8.004966252262228465e+00 8.004966252262228465e+00 8.004966252262228465e+00 8.004966252262228465e+00 8.004966252262228465e+00 8.004966252262228465e+00 2.123353127110224037e+01 3.207241544461427907e+01 4.494844636469003518e+01 6.068765116182591157e+01 8.071193698427848062e+01 8.684592840921604306e+01 7.913631582986586466e+01 5.059249101152585126e+01 3.027742562132142012e+01 1.906683777408682090e+01 8.004966252262228465e+00 8.004966252262228465e+00 8.004966252262228465e+00 8.004966252262228465e+00 8.004966252262228465e+00
8.004966252262228465e+00 8.004966252262228465e+00 8.004966252262228465e+00 8.004966252262228465e+00 8.004966252262228465e+00 8.004966252262228465e+00 8.004966252262228465e+00 8.004966252262228465e+00 1.580435394600263166e+01 2.254587298193364830e+01 3.550256102698680394e+01 6.302241426758354947e+01 8.376240979187903690e+01 8.125816198330849716e+01 6.606142834189250834e+01 3.410603693521077417e+01 1.906683777408682090e+01 8.004966252262228465e+00 8.004966252262228465e+00 8.004966252262228465e+00 8.004966252262228465e+00 8.004966252262228465e+00
8.004966252262228465e+00 8.004966252262228465e+00 8.004966252262228465e+00 8.004966252262228465e+00 8.004966252262228465e+00 8.004966252262228465e+00 8.004966252262228465e+00 8.004966252262228465e+00 8.004966252262228465e+00 1.105717241161107367e+01 2.436660503380706899e+01 4.946052944489136394e+01 7.548157082825299824e+01 8.125816198330849716e+01 6.606142834189250834e+01 3.837954943437781452e+01 1.906683777408682090e+01 1.105717241161107367e+01 8.004966252262228465e+00 8.004966252262228465e+00 8.004966252262228465e+00 8.004966252262228465e+00
8.004966252262228465e+00 8.004966252262228465e+00 8.004966252262228465e+00 8.004966252262228465e+00 8.004966252262228465e+00 8.004966252262228465e+00 8.004966252262228465e+00 8.004966252262228465e+00 8.004966252262228465e+00 8.004966252262228465e+00 2.432440471747656829e+01 4.855846763908783004e+01 7.934915049833685430e+01 8.125816198330849716e+01 6.810916748275772648e+01 4.339687339599552018e+01 1.906683777408682090e+01 1.105717241161107367e+01 8.004966252262228465e+00 8.004966252262228465e+00 8.004966252262228465e+00 8.004966252262228465e+00
8.004966252262228465e+00 8.004966252262228465e+00 8.004966252262228465e+00 8.004966252262228465e+00 8.004966252262228465e+00 8.004966252262228465e+00 8.004966252262228465e+00 8.004966252262228465e+00 8.004966252262228465e+00 8.004966252262228465e+00 2.436660503380706899e+01 4.946052944489136394e+01 6.090360952066620825e+01 8.483493230057109713e+01 6.466635262479873347e+01 3.861092218776787632e+01 1.906683777408682090e+01 1.105717241161107367e+01 8.004966252262228465e+00 8.004966252262228465e+00 8.004966252262228465e+00 8.004966252262228465e+00
