4.497633744855966675e-01 4.497633744855966675e-01 4.497633744855966675e-01 4.497633744855966675e-01 5.072189153439152776e-01 1.119177216167768441e+00 1.071660523593004122e+00 1.400556891155800399e+00 1.394860076800541027e+00 1.477153684107387566e+00 1.342696858857270303e+00 9.838274337348410503e-01 4.497633744855966675e-01 5.072189153439152776e-01 5.072189153439152776e-01 4.497633744855966675e-01 4.497633744855966675e-01 4.497633744855966675e-01 4.497633744855966675e-01 4.497633744855966675e-01 4.497633744855966675e-01 4.497633744855966675e-01
4.497633744855966675e-01 4.497633744855966675e-01 4.497633744855966675e-01 4.497633744855966675e-01 5.072189153439152776e-01 1.401280161806324642e+00 1.072453979276895675e+00 1.283958385341307906e+00 5.554239303643735326e+01 8.381925354790114113e+01 5.554239303643735326e+01 1.546601488402492786e+00 4.497633744855966675e-01 4.497633744855966675e-01 4.497633744855966675e-01 4.497633744855966675e-01 4.497633744855966675e-01 4.497633744855966675e-01 4.497633744855966675e-01 4.497633744855966675e-01 4.497633744855966675e-01 4.497633744855966675e-01
4.497633744855966675e-01 4.497633744855966675e-01 4.497633744855966675e-01 4.497633744855966675e-01 4.497633744855966675e-01 1.342696858857270303e+00 9.369671274679511885e-01 7.582484260461760073e+01 1.664320139789601285e+02 1.665733579608744037e+02 1.647388149307516585e+02 1.401280161806324642e+00 1.180891528733458706e+00 4.497633744855966675e-01 4.497633744855966675e-01 4.497633744855966675e-01 4.497633744855966675e-01 4.497633744855966675e-01 4.497633744855966675e-01 4.497633744855966675e-01 4.497633744855966675e-01 4.497633744855966675e-01
4.497633744855966675e-01 4.497633744855966675e-01 4.497633744855966675e-01 4.497633744855966675e-01 4.497633744855966675e-01 9.348875041229920413e-01 1.040010443945629026e+00 8.378546141975307648e+01 1.667083138957390531e+02 1.664820817277029619e+02 1.115132138111732871e+02 1.477375116086301343e+00 1.370594385589896769e+00 1.171223513775203173e+00 4.497633744855966675e-01 4.497633744855966675e-01 4.497633744855966675e-01 4.497633744855966675e-01 4.497633744855966675e-01 4.497633744855966675e-01 4.497633744855966675e-01 4.497633744855966675e-01
4.497633744855966675e-01 4.497633744855966675e-01 4.497633744855966675e-01 4.497633744855966675e-01 4.497633744855966675e-01 5.072189153439152776e-01 1.040010443945629026e+00 5.239837394703564399e+01 1.662326582194432376e+02 1.670733713375701086e+02 1.663528328761439923e+02 8.404720612792824852e+01 1.342696858857270303e+00 1.370594385589896769e+00 9.246575543797767027e-01 4.497633744855966675e-01 5.072189153439152776e-01 4.497633744855966675e-01 4.497633744855966675e-01 4.497633744855966675e-01 4.497633744855966675e-01 4.497633744855966675e-01
4.497633744855966675e-01 4.497633744855966675e-01 4.497633744855966675e-01 4.497633744855966675e-01 4.497633744855966675e-01 5.072189153439152776e-01 1.034546938447011621e+00 6.116351621048082876e+01 1.533688717247239879e+02 1.667083138957390531e+02 1.664173967661327254e+02 8.404720612792824852e+01 1.477375116086301343e+00 1.472856846958441546e+00 1.194479276895943354e+00 1.180891528733458706e+00 1.180891528733458706e+00 1.180891528733458706e+00 4.497633744855966675e-01 4.497633744855966675e-01 4.497633744855966675e-01 4.497633744855966675e-01
4.497633744855966675e-01 4.497633744855966675e-01 4.497633744855966675e-01 4.497633744855966675e-01 4.497633744855966675e-01 5.072189153439152776e-01 9.071791495912098213e-01 1.509772506682844195e+01 1.384507530449048147e+02 1.670544898221634185e+02 1.665196621243903508e+02 1.204298639195127691e+02 1.531800555023214772e+00 1.796394991142466813e+00 1.593848482766635044e+00 1.401280161806324642e+00 1.283476738375510795e+00 1.171223513775203173e+00 1.171223513775203173e+00 7.025718694885362270e-01 4.497633744855966675e-01 4.497633744855966675e-01
4.497633744855966675e-01 4.497633744855966675e-01 4.497633744855966675e-01 4.497633744855966675e-01 4.497633744855966675e-01 4.497633744855966675e-01 9.071791495912098213e-01 1.297191209066208994e+00 1.219657902706993156e+02 1.670544898221634185e+02 1.665733579608744037e+02 1.647388149307516585e+02 6.706471388902102149e+01 1.617992501898121827e+00 1.499201833223958280e+00 1.477375116086301343e+00 1.342696858857270303e+00 1.227063718355905886e+00 9.369671274679511885e-01 7.025718694885362270e-01 5.072189153439152776e-01 4.497633744855966675e-01
4.497633744855966675e-01 4.497633744855966675e-01 4.497633744855966675e-01 4.497633744855966675e-01 4.497633744855966675e-01 5.072189153439152776e-01 1.119177216167768441e+00 1.405159803696035770e+00 7.004190805668270059e+01 1.662326582194432376e+02 1.670544898221634185e+02 1.664944894655453425e+02 8.404720612792824852e+01 1.401280161806324642e+00 1.415173716450336627e+00 1.639920954702635880e+00 1.394860076800541027e+00 9.542336628736156623e-01 9.369671274679511885e-01 9.071791495912098213e-01 4.497633744855966675e-01 4.497633744855966675e-01
4.497633744855966675e-01 4.497633744855966675e-01 4.497633744855966675e-01 4.497633744855966675e-01 4.497633744855966675e-01 5.072189153439152776e-01 1.199298304477813604e+00 1.499201833223958280e+00 1.297191209066208994e+00 1.662326582194432376e+02 1.670733713375701086e+02 1.670544898221634185e+02 1.115132138111732871e+02 1.342696858857270303e+00 1.370594385589896769e+00 1.333656663109014096e+00 1.499201833223958280e+00 1.180891528733458706e+00 1.180891528733458706e+00 1.180891528733458706e+00 1.297191209066208994e+00 4.497633744855966675e-01
4.497633744855966675e-01 4.497633744855966675e-01 4.497633744855966675e-01 4.497633744855966675e-01 4.497633744855966675e-01 5.072189153439152776e-01 9.348875041229920413e-01 1.739908651362477299e+00 1.405159803696035770e+00 7.582484260461760073e+01 1.662326582194432376e+02 1.670733713375701086e+02 1.664173967661327254e+02 1.204298639195127691e+02 1.531800555023214772e+00 1.546601488402492786e+00 1.180891528733458706e+00 1.171223513775203173e+00 1.283476738375510795e+00 1.370594385589896769e+00 1.297191209066208994e+00 4.497633744855966675e-01
4.497633744855966675e-01 4.497633744855966675e-01 4.497633744855966675e-01 4.497633744855966675e-01 4.497633744855966675e-01 4.497633744855966675e-01 5.072189153439152776e-01 5.072189153439152776e-01 1.668614307575027711e+00 6.595310538899546771e+01 1.662326582194432376e+02 1.670544898221634185e+02 1.664173967661327254e+02 1.664944894655453425e+02 6.674868539236676668e+01 1.401280161806324642e+00 1.297191209066208994e+00 1.227063718355905886e+00 1.072453979276895675e+00 1.173069761025371083e+00 1.194479276895943354e+00 5.072189153439152776e-01
4.497633744855966675e-01 4.497633744855966675e-01 4.497633744855966675e-01 4.497633744855966675e-01 4.497633744855966675e-01 4.497633744855966675e-01 4.497633744855966675e-01 5.072189153439152776e-01 1.180891528733458706e+00 1.297191209066208994e+00 1.343465484917795720e+02 1.670544898221634185e+02 1.670544898221634185e+02 1.647388149307516585e+02 1.617992501898121827e+00 1.342696858857270303e+00 1.180891528733458706e+00 1.297191209066208994e+00 1.481574737733978520e+00 1.297191209066208994e+00 4.497633744855966675e-01 4.497633744855966675e-01
4.497633744855966675e-01 4.497633744855966675e-01 4.497633744855966675e-01 4.497633744855966675e-01 4.497633744855966675e-01 4.497633744855966675e-01 4.497633744855966675e-01 5.072189153439152776e-01 5.072189153439152776e-01 1.405159803696035770e+00 7.582484260461760073e+01 1.662326582194432376e+02 1.670544898221634185e+02 1.664820817277029619e+02 8.404720612792824852e+01 1.342696858857270303e+00 1.370594385589896769e+00 1.227063718355905886e+00 1.342696858857270303e+00 1.394860076800541027e+00 4.497633744855966675e-01 5.072189153439152776e-01
4.497633744855966675e-01 4.497633744855966675e-01 4.497633744855966675e-01 4.497633744855966675e-01 4.497633744855966675e-01 4.497633744855966675e-01 5.072189153439152776e-01 5.072189153439152776e-01 5.072189153439152776e-01 9.369671274679511885e-01 6.595310538899546771e+01 1.662326582194432376e+02 1.670544898221634185e+02 1.663528328761439923e+02 8.404720612792824852e+01 1.493365465960169391e+00 1.431338366473970281e+00 1.283958385341307906e+00 5.072189153439152776e-01 5.072189153439152776e-01 4.497633744855966675e-01 4.497633744855966675e-01
4.497633744855966675e-01 4.497633744855966675e-01 4.497633744855966675e-01 4.497633744855966675e-01 4.497633744855966675e-01 4.497633744855966675e-01 4.497633744855966675e-01 4.497633744855966675e-01 9.071791495912098213e-01 1.180891528733458706e+00 1.297191209066208994e+00 1.662326582194432376e+02 1.651908657407407190e+02 1.663528328761439923e+02 8.404720612792824852e+01 1.237976190476190341e+00 9.542336628736156623e-01 9.369671274679511885e-01 9.071791495912098213e-01 9.542336628736156623e-01 5.072189153439152776e-01 5.072189153439152776e-01
4.497633744855966675e-01 4.497633744855966675e-01 4.497633744855966675e-01 4.497633744855966675e-01 4.497633744855966675e-01 4.497633744855966675e-01 4.497633744855966675e-01 1.180891528733458706e+00 1.180891528733458706e+00 1.180891528733458706e+00 1.405159803696035770e+00 7.582484260461760073e+01 1.662326582194432376e+02 1.657699019172932253e+02 8.404720612792824852e+01 1.401280161806324642e+00 1.180891528733458706e+00 1.180891528733458706e+00 1.171223513775203173e+00 4.497633744855966675e-01 4.497633744855966675e-01 4.497633744855966675e-01
4.497633744855966675e-01 4.497633744855966675e-01 4.497633744855966675e-01 4.497633744855966675e-01 4.497633744855966675e-01 4.497633744855966675e-01 7.025718694885362270e-01 9.071791495912098213e-01 7.025718694885362270e-01 1.546601488402492786e+00 9.369671274679511885e-01 6.595310538899546771e+01 1.662326582194432376e+02 1.670733713375701086e+02 8.404720612792824852e+01 1.237976190476190341e+00 1.173069761025371083e+00 1.180891528733458706e+00 1.119177216167768441e+00 1.297191209066208994e+00 4.497633744855966675e-01 5.072189153439152776e-01
4.497633744855966675e-01 4.497633744855966675e-01 4.497633744855966675e-01 4.497633744855966675e-01 4.497633744855966675e-01 4.497633744855966675e-01 7.025718694885362270e-01 1.034546938447011621e+00 9.369671274679511885e-01 5.072189153439152776e-01 1.431338366473970281e+00 6.116351621048082876e+01 8.325483942329367437e+01 1.664244236540424993e+02 1.655271863797292156e+02 1.401280161806324642e+00 1.297191209066208994e+00 1.094513261071400567e+00 1.034546938447011621e+00 9.369671274679511885e-01 1.297191209066208994e+00 4.497633744855966675e-01
4.497633744855966675e-01 4.497633744855966675e-01 4.497633744855966675e-01 4.497633744855966675e-01 4.497633744855966675e-01 4.497633744855966675e-01 5.072189153439152776e-01 5.072189153439152776e-01 4.497633744855966675e-01 4.497633744855966675e-01 5.072189153439152776e-01 5.072189153439152776e-01 2.681797813155171895e+01 1.240423044432419317e+02 5.303136926785326466e+01 1.237976190476190341e+00 1.227063718355905886e+00 1.009623094175419622e+00 9.838274337348410503e-01 9.369671274679511885e-01 5.072189153439152776e-01 4.497633744855966675e-01
4.497633744855966675e-01 4.497633744855966675e-01 4.497633744855966675e-01 4.497633744855966675e-01 4.497633744855966675e-01 4.497633744855966675e-01 4.497633744855966675e-01 4.497633744855966675e-01 4.497633744855966675e-01 4.497633744855966675e-01 4.497633744855966675e-01 5.072189153439152776e-01 5.072189153439152776e-01 5.072189153439152776e-01 2.329930215440687569e+00 4.497633744855966675e-01 4.497633744855966675e-01 4.497633744855966675e-01 5.072189153439152776e-01 5.072189153439152776e-01 4.497633744855966675e-01 4.497633744855966675e-01
4.497633744855966675e-01 4.497633744855966675e-01 4.497633744855966675e-01 4.497633744855966675e-01 4.497633744855966675e-01 4.497633744855966675e-01 4.497633744855966675e-01 4.497633744855966675e-01 4.497633744855966675e-01 4.497633744855966675e-01 4.497633744855966675e-01 4.497633744855966675e-01 4.497633744855966675e-01 5.072189153439152776e-01 1.706502314814814625e+01 1.706502314814814625e+01 4.497633744855966675e-01 4.497633744855966675e-01 4.497633744855966675e-01 4.497633744855966675e-01 4.497633744855966675e-01 4.497633744855966675e-01
