4.497633744855966675e-01 4.497633744855966675e-01 4.497633744855966675e-01 4.497633744855966675e-01 4.497633744855966675e-01 4.497633744855966675e-01 1.237976190476190341e+00 1.376239447755261525e+00 1.743506297357692247e+00 1.635438938740562120e+00 1.431338366473970281e+00 1.194479276895943354e+00 1.036331356096759526e+00 1.374473282429283572e+00 1.842191647227284124e+00 1.715544144554230543e+00 1.374473282429283572e+00 1.601084625778364856e+00 1.401280161806324642e+00 1.405159803696035770e+00 1.171223513775203173e+00 4.497633744855966675e-01
4.497633744855966675e-01 4.497633744855966675e-01 4.497633744855966675e-01 4.497633744855966675e-01 4.497633744855966675e-01 1.180891528733458706e+00 1.481574737733978520e+00 1.297191209066208994e+00 1.283476738375510795e+00 1.481574737733978520e+00 1.481574737733978520e+00 1.593848482766635044e+00 1.593848482766635044e+00 1.593848482766635044e+00 1.605779799721876566e+00 1.715544144554230543e+00 1.514792010508462017e+00 1.673073015453906631e+00 1.342696858857270303e+00 1.394860076800541027e+00 1.394860076800541027e+00 4.497633744855966675e-01
4.497633744855966675e-01 4.497633744855966675e-01 4.497633744855966675e-01 4.497633744855966675e-01 4.497633744855966675e-01 1.401280161806324642e+00 1.383288916062776153e+00 1.401280161806324642e+00 1.383288916062776153e+00 1.297191209066208994e+00 1.448284394189816027e+00 1.654121532473369793e+00 1.605779799721876566e+00 1.401280161806324642e+00 1.569115990699413876e+00 1.283958385341307906e+00 4.510519593253968118e+00 1.546601488402492786e+00 1.531800555023214772e+00 1.274675296978651007e+00 4.497633744855966675e-01 4.497633744855966675e-01
4.497633744855966675e-01 4.497633744855966675e-01 4.497633744855966675e-01 4.497633744855966675e-01 4.497633744855966675e-01 1.342696858857270303e+00 1.337041536807901831e+00 1.283958385341307906e+00 1.337041536807901831e+00 1.337041536807901831e+00 1.354621370247917511e+00 1.401280161806324642e+00 1.546601488402492786e+00 1.408195651755201228e+00 1.448284394189816027e+00 1.509772506682844195e+01 6.876702985583220240e+00 7.960324563417925603e+00 1.488831689590789598e+00 1.180891528733458706e+00 4.497633744855966675e-01 4.497633744855966675e-01
1.180891528733458706e+00 4.497633744855966675e-01 4.497633744855966675e-01 4.497633744855966675e-01 1.180891528733458706e+00 1.180891528733458706e+00 1.283958385341307906e+00 1.372165173707753594e+00 1.546601488402492786e+00 1.546601488402492786e+00 1.675283689907904883e+00 1.394860076800541027e+00 1.337041536807901831e+00 1.297191209066208994e+00 1.448284394189816027e+00 4.055332182744831648e+00 2.426473683871932074e+00 1.851317215377138892e+00 1.283476738375510795e+00 1.033120940420809708e+00 7.025718694885362270e-01 4.497633744855966675e-01
1.832741781761381139e+00 1.593848482766635044e+00 1.545685461024631557e+00 1.481574737733978520e+00 9.838274337348410503e-01 1.342696858857270303e+00 1.337041536807901831e+00 4.510519593253968118e+00 1.546601488402492786e+00 1.342696858857270303e+00 1.477375116086301343e+00 1.401280161806324642e+00 1.383288916062776153e+00 1.297191209066208994e+00 1.486628417107583644e+00 2.110572703686387186e+01 2.319380089301797288e+00 1.396955483262673381e+00 1.171223513775203173e+00 9.369671274679511885e-01 9.369671274679511885e-01 4.497633744855966675e-01
1.283958385341307906e+00 1.493365465960169391e+00 1.481574737733978520e+00 1.832741781761381139e+00 1.472856846958441546e+00 1.194479276895943354e+00 5.554239303643735326e+01 6.290914066739252775e+01 1.984666993856988526e+01 1.342696858857270303e+00 1.119177216167768441e+00 1.477375116086301343e+00 1.337041536807901831e+00 1.337041536807901831e+00 7.563271604938271997e-01 1.546601488402492786e+00 1.601084625778364856e+00 1.401280161806324642e+00 1.405159803696035770e+00 1.297191209066208994e+00 4.497633744855966675e-01 4.497633744855966675e-01
1.646166307098127612e+00 1.569115990699413876e+00 1.415173716450336627e+00 1.796394991142466813e+00 1.654121532473369793e+00 6.677975683421516351e+01 1.605881669330980799e+02 6.674868539236676668e+01 1.493365465960169391e+00 1.180891528733458706e+00 1.401280161806324642e+00 1.514792010508462017e+00 1.283958385341307906e+00 1.431338366473970281e+00 5.201400070308402235e+01 4.250042817974593135e+01 2.319380089301797288e+00 1.396955483262673381e+00 1.383288916062776153e+00 1.297191209066208994e+00 4.497633744855966675e-01 4.497633744855966675e-01
1.199298304477813604e+00 1.283958385341307906e+00 1.803511643946359211e+00 1.715544144554230543e+00 1.715544144554230543e+00 1.295388264172239303e+02 1.639431952440216946e+02 6.706471388902102149e+01 1.237976190476190341e+00 1.342696858857270303e+00 1.401280161806324642e+00 1.405159803696035770e+00 1.297191209066208994e+00 4.000285068203516481e+00 5.201400070308402235e+01 2.426473683871932074e+00 2.329930215440687569e+00 1.531800555023214772e+00 1.342696858857270303e+00 1.448284394189816027e+00 1.297191209066208994e+00 4.497633744855966675e-01
1.071660523593004122e+00 7.025718694885362270e-01 1.546601488402492786e+00 1.394860076800541027e+00 4.283696269351256092e+01 1.664320139789601285e+02 1.663528328761439923e+02 9.930795990867586909e+01 1.342696858857270303e+00 1.094513261071400567e+00 1.401280161806324642e+00 1.383288916062776153e+00 1.448284394189816027e+00 7.563271604938271997e-01 1.072142475092050944e+02 1.796394991142466813e+00 1.952660257346079620e+00 1.601084625778364856e+00 1.639920954702635880e+00 1.448284394189816027e+00 4.497633744855966675e-01 4.497633744855966675e-01
9.838274337348410503e-01 9.348875041229920413e-01 9.348875041229920413e-01 4.283696269351256092e+01 1.667083138957390531e+02 1.664820817277029619e+02 1.664173967661327254e+02 1.325497702689509367e+02 2.440406191776899902e+01 1.546601488402492786e+00 1.342696858857270303e+00 1.337041536807901831e+00 4.283696269351256092e+01 1.171780249845993893e+02 1.192528282677577494e+02 2.440406191776899902e+01 1.796394991142466813e+00 1.546601488402492786e+00 1.673073015453906631e+00 1.394860076800541027e+00 4.497633744855966675e-01 4.497633744855966675e-01
7.025718694885362270e-01 7.025718694885362270e-01 7.563271604938271997e-01 1.180891528733458706e+00 1.180891528733458706e+00 1.180891528733458706e+00 1.497887454375095899e+02 1.103030876253132675e+02 6.801875275437599555e+01 4.623216281267843186e+01 2.122537432700272220e+01 4.510519593253968118e+00 5.554239303643735326e+01 1.635684848803235525e+02 1.605881669330980799e+02 1.192528282677577494e+02 1.342696858857270303e+00 3.625714155807385541e+00 1.546601488402492786e+00 1.180891528733458706e+00 1.171223513775203173e+00 4.497633744855966675e-01
4.497633744855966675e-01 1.009623094175419622e+00 7.025718694885362270e-01 1.033120940420809708e+00 1.033120940420809708e+00 1.033120940420809708e+00 7.025718694885362270e-01 1.180891528733458706e+00 1.180891528733458706e+00 1.180891528733458706e+00 4.713998502105476440e+00 3.144591144828178475e+00 1.522603758758005768e+02 1.664320139789601285e+02 1.655271863797292156e+02 1.285142045978697638e+02 1.533682700840913959e+01 1.180891528733458706e+00 1.796394991142466813e+00 1.493365465960169391e+00 1.633953637566137429e+00 4.497633744855966675e-01
4.497633744855966675e-01 4.497633744855966675e-01 4.497633744855966675e-01 4.497633744855966675e-01 4.497633744855966675e-01 4.497633744855966675e-01 4.497633744855966675e-01 7.025718694885362270e-01 7.025718694885362270e-01 1.033120940420809708e+00 1.593848482766635044e+00 1.673766974229390136e+00 6.595310538899546771e+01 1.630529850436275865e+02 1.655271863797292156e+02 1.851317215377138892e+00 1.180891528733458706e+00 1.481574737733978520e+00 1.803511643946359211e+00 1.531800555023214772e+00 1.432967652893277544e+00 4.497633744855966675e-01
4.497633744855966675e-01 4.497633744855966675e-01 4.497633744855966675e-01 4.497633744855966675e-01 4.497633744855966675e-01 4.497633744855966675e-01 4.497633744855966675e-01 4.497633744855966675e-01 4.497633744855966675e-01 1.546601488402492786e+00 1.383288916062776153e+00 1.654121532473369793e+00 6.116351621048082876e+01 6.290914066739252775e+01 1.401280161806324642e+00 1.401280161806324642e+00 1.401280161806324642e+00 1.481574737733978520e+00 1.493365465960169391e+00 1.605779799721876566e+00 1.472856846958441546e+00 4.497633744855966675e-01
4.497633744855966675e-01 4.497633744855966675e-01 4.497633744855966675e-01 4.497633744855966675e-01 4.497633744855966675e-01 4.497633744855966675e-01 4.497633744855966675e-01 4.497633744855966675e-01 4.497633744855966675e-01 7.025718694885362270e-01 1.040010443945629026e+00 7.563271604938271997e-01 9.676542025931367164e+01 2.426473683871932074e+00 1.765377853839893207e+00 1.342696858857270303e+00 1.342696858857270303e+00 1.337041536807901831e+00 1.654121532473369793e+00 1.546601488402492786e+00 1.448284394189816027e+00 4.497633744855966675e-01
4.497633744855966675e-01 4.497633744855966675e-01 4.497633744855966675e-01 4.497633744855966675e-01 4.497633744855966675e-01 4.497633744855966675e-01 7.025718694885362270e-01 7.563271604938271997e-01 9.935548053633974641e-01 1.292349314835508967e+00 1.034546938447011621e+00 2.125829714138741977e+01 4.250042817974593135e+01 1.401280161806324642e+00 1.481574737733978520e+00 1.297191209066208994e+00 1.569115990699413876e+00 1.493365465960169391e+00 1.171223513775203173e+00 1.283958385341307906e+00 1.297438915607981302e+00 4.497633744855966675e-01
4.497633744855966675e-01 4.497633744855966675e-01 4.497633744855966675e-01 4.497633744855966675e-01 4.497633744855966675e-01 1.180891528733458706e+00 1.180891528733458706e+00 1.297191209066208994e+00 7.563271604938271997e-01 1.237976190476190341e+00 7.563271604938271997e-01 5.201400070308402235e+01 4.521236067019400195e+01 1.396955483262673381e+00 1.383288916062776153e+00 1.481574737733978520e+00 1.793828834488985668e+00 1.569115990699413876e+00 9.542336628736156623e-01 9.369671274679511885e-01 1.034546938447011621e+00 4.497633744855966675e-01
4.497633744855966675e-01 4.497633744855966675e-01 4.497633744855966675e-01 4.497633744855966675e-01 7.025718694885362270e-01 9.838274337348410503e-01 1.072453979276895675e+00 1.481574737733978520e+00 1.493365465960169391e+00 1.633953637566137429e+00 7.563271604938271997e-01 5.201400070308402235e+01 4.521236067019400195e+01 1.531800555023214772e+00 1.401280161806324642e+00 1.297438915607981302e+00 1.448284394189816027e+00 1.408195651755201228e+00 4.497633744855966675e-01 1.009623094175419622e+00 7.025718694885362270e-01 4.497633744855966675e-01
4.497633744855966675e-01 4.497633744855966675e-01 4.497633744855966675e-01 4.497633744855966675e-01 4.497633744855966675e-01 9.838274337348410503e-01 7.563271604938271997e-01 1.372165173707753594e+00 1.604981028584429703e+00 1.448284394189816027e+00 2.637598450055835286e+01 5.201400070308402235e+01 4.250042817974593135e+01 1.488831689590789598e+00 1.342696858857270303e+00 1.337041536807901831e+00 1.337041536807901831e+00 4.497633744855966675e-01 4.497633744855966675e-01 4.497633744855966675e-01 4.497633744855966675e-01 4.497633744855966675e-01
4.497633744855966675e-01 4.497633744855966675e-01 4.497633744855966675e-01 4.497633744855966675e-01 4.497633744855966675e-01 1.477375116086301343e+00 1.041908095358436315e+00 1.593848482766635044e+00 1.481574737733978520e+00 1.593848482766635044e+00 1.297191209066208994e+00 4.055332182744831648e+00 2.426473683871932074e+00 3.225604555971498311e+00 4.497633744855966675e-01 4.497633744855966675e-01 4.497633744855966675e-01 4.497633744855966675e-01 4.497633744855966675e-01 4.497633744855966675e-01 4.497633744855966675e-01 4.497633744855966675e-01
4.497633744855966675e-01 4.497633744855966675e-01 4.497633744855966675e-01 4.497633744855966675e-01 4.497633744855966675e-01 7.563271604938271997e-01 1.796394991142466813e+00 1.604981028584429703e+00 1.639920954702635880e+00 1.654121532473369793e+00 1.593848482766635044e+00 1.851317215377138892e+00 1.171223513775203173e+00 1.180891528733458706e+00 4.497633744855966675e-01 4.497633744855966675e-01 4.497633744855966675e-01 4.497633744855966675e-01 4.497633744855966675e-01 4.497633744855966675e-01 4.497633744855966675e-01 4.497633744855966675e-01
