2.207196779168923317e+00 2.207196779168923317e+00 2.066339160269458297e+00 1.997328622435447842e+00 9.809957314487123270e-01 7.563271604938271997e-01 7.563271604938271997e-01 7.563271604938271997e-01 7.563271604938271997e-01 7.563271604938271997e-01 7.563271604938271997e-01 7.563271604938271997e-01 7.563271604938271997e-01 7.563271604938271997e-01 7.563271604938271997e-01 7.563271604938271997e-01 7.563271604938271997e-01 7.563271604938271997e-01 7.563271604938271997e-01 7.563271604938271997e-01 7.563271604938271997e-01 7.563271604938271997e-01
2.207196779168923317e+00 2.207196779168923317e+00 1.997328622435447842e+00 1.715544144554230543e+00 9.246575543797767027e-01 7.563271604938271997e-01 7.563271604938271997e-01 7.563271604938271997e-01 7.563271604938271997e-01 9.246575543797767027e-01 9.246575543797767027e-01 7.563271604938271997e-01 7.563271604938271997e-01 7.563271604938271997e-01 7.563271604938271997e-01 9.809957314487123270e-01 7.563271604938271997e-01 9.809957314487123270e-01 7.563271604938271997e-01 7.563271604938271997e-01 9.809957314487123270e-01 1.239707957668229055e+00
2.207196779168923317e+00 2.207196779168923317e+00 1.997328622435447842e+00 9.809957314487123270e-01 7.563271604938271997e-01 7.563271604938271997e-01 7.563271604938271997e-01 7.563271604938271997e-01 7.563271604938271997e-01 9.246575543797767027e-01 9.246575543797767027e-01 7.563271604938271997e-01 9.809957314487123270e-01 7.563271604938271997e-01 7.563271604938271997e-01 7.563271604938271997e-01 9.246575543797767027e-01 9.246575543797767027e-01 7.563271604938271997e-01 7.563271604938271997e-01 7.563271604938271997e-01 9.809957314487123270e-01
2.207196779168923317e+00 2.066339160269458297e+00 1.997328622435447842e+00 9.809957314487123270e-01 7.563271604938271997e-01 7.563271604938271997e-01 7.563271604938271997e-01 7.563271604938271997e-01 7.563271604938271997e-01 1.327979934072425428e+00 1.394860076800541027e+00 7.563271604938271997e-01 9.809957314487123270e-01 9.809957314487123270e-01 1.660272833157842021e+00 1.140328001794563173e+00 1.239707957668229055e+00 9.809957314487123270e-01 9.246575543797767027e-01 7.563271604938271997e-01 7.563271604938271997e-01 7.563271604938271997e-01
1.801964472879553414e+00 1.801964472879553414e+00 1.801964472879553414e+00 9.246575543797767027e-01 7.563271604938271997e-01 7.563271604938271997e-01 7.563271604938271997e-01 7.563271604938271997e-01 7.563271604938271997e-01 7.563271604938271997e-01 1.709975255147622386e+00 3.817988516136803412e+01 6.653995145294763347e+01 3.423528778350195978e+01 9.809957314487123270e-01 1.333487143273757169e+00 1.546601488402492786e+00 9.246575543797767027e-01 9.809957314487123270e-01 9.809957314487123270e-01 9.809957314487123270e-01 4.850584578612867404e+01
1.801964472879553414e+00 1.801964472879553414e+00 7.563271604938271997e-01 7.563271604938271997e-01 7.563271604938271997e-01 7.563271604938271997e-01 7.563271604938271997e-01 9.246575543797767027e-01 9.809957314487123270e-01 7.563271604938271997e-01 4.231536485890651988e+01 1.171780249845993893e+02 1.636293438909628435e+02 1.603582405567489957e+02 6.653995145294763347e+01 3.414734310334638678e+01 9.809957314487123270e-01 2.142369143956200972e+01 6.653995145294763347e+01 8.577897949380196962e+01 4.741671651350598182e+01 8.209131877726723303e+01
7.563271604938271997e-01 7.563271604938271997e-01 7.563271604938271997e-01 7.563271604938271997e-01 7.563271604938271997e-01 7.563271604938271997e-01 9.809957314487123270e-01 1.140328001794563173e+00 1.349247001298933490e+00 4.283696269351256092e+01 1.443520241069347492e+02 1.585620494268077323e+02 1.590781662973756738e+02 1.634946026173216751e+02 1.458062364035809537e+02 1.635684848803235525e+02 1.462634030869999151e+02 1.462634030869999151e+02 1.376364116562940580e+02 7.537297677722457934e+01 5.246460840340154164e+01 5.833526796907472090e+01
9.246575543797767027e-01 7.563271604938271997e-01 7.563271604938271997e-01 7.563271604938271997e-01 7.563271604938271997e-01 7.563271604938271997e-01 1.372165173707753594e+00 1.562036424608808538e+00 4.283696269351256092e+01 1.537525066403147775e+02 1.462634030869999151e+02 1.226430348131130046e+02 1.557078093751281642e+02 1.063846487399053160e+02 1.664244236540424993e+02 1.664244236540424993e+02 1.497887454375095899e+02 6.005902460317459202e+01 6.454754755369224029e+01 1.687043876602058345e+00 1.687043876602058345e+00 1.766304463120761836e+00
9.246575543797767027e-01 7.563271604938271997e-01 7.563271604938271997e-01 7.563271604938271997e-01 7.563271604938271997e-01 1.239707957668229055e+00 4.283696269351256092e+01 1.148436336334053465e+02 1.660781367359932119e+02 1.662295408320312617e+02 1.363776415075386694e+02 7.439496561218672355e+01 1.832741781761381139e+00 1.687043876602058345e+00 1.687043876602058345e+00 1.687043876602058345e+00 1.687043876602058345e+00 1.687043876602058345e+00 1.766304463120761836e+00 9.774150686567416813e+00 1.665947957444457561e+00 1.577654624046830101e+00
9.246575543797767027e-01 7.563271604938271997e-01 7.563271604938271997e-01 7.563271604938271997e-01 7.563271604938271997e-01 4.283696269351256092e+01 1.148436336334053465e+02 1.660781367359932119e+02 1.660399838788070781e+02 1.666145754432377259e+02 1.285142045978697638e+02 3.593523530575943870e+00 1.952660257346079620e+00 1.728023305383751707e+00 1.686165998955471590e+00 9.774150686567416813e+00 1.687043876602058345e+00 1.687043876602058345e+00 1.646166307098127612e+00 1.801964472879553414e+00 1.333487143273757169e+00 1.354621370247917511e+00
7.563271604938271997e-01 7.563271604938271997e-01 7.563271604938271997e-01 7.563271604938271997e-01 7.563271604938271997e-01 5.744697434910300160e+01 1.626979390749559116e+02 1.662295408320312617e+02 1.666855389534793517e+02 1.662295408320312617e+02 1.363776415075386694e+02 1.239650755716246699e+01 1.646166307098127612e+00 1.546601488402492786e+00 1.349247001298933490e+00 1.646166307098127612e+00 1.801964472879553414e+00 1.173069761025371083e+00 1.239707957668229055e+00 9.809957314487123270e-01 9.809957314487123270e-01 1.140328001794563173e+00
7.563271604938271997e-01 7.563271604938271997e-01 7.563271604938271997e-01 7.563271604938271997e-01 7.563271604938271997e-01 6.595310538899546771e+01 1.662326582194432376e+02 1.666855389534793517e+02 1.665802249125970889e+02 1.662295408320312617e+02 1.363776415075386694e+02 4.338960267234106993e+01 1.333487143273757169e+00 1.394860076800541027e+00 9.809957314487123270e-01 1.333487143273757169e+00 1.546601488402492786e+00 1.349247001298933490e+00 1.349247001298933490e+00 9.809957314487123270e-01 9.809957314487123270e-01 7.563271604938271997e-01
7.563271604938271997e-01 7.563271604938271997e-01 9.809957314487123270e-01 7.563271604938271997e-01 7.563271604938271997e-01 6.116351621048082876e+01 1.063846487399053160e+02 1.557078093751281642e+02 1.458062364035809537e+02 1.662295408320312617e+02 1.658814482519402418e+02 6.772271363554408197e+01 1.653852661386076761e+01 9.809957314487123270e-01 9.809957314487123270e-01 9.809957314487123270e-01 1.140328001794563173e+00 9.809957314487123270e-01 7.563271604938271997e-01 9.246575543797767027e-01 9.246575543797767027e-01 7.563271604938271997e-01
7.563271604938271997e-01 7.563271604938271997e-01 7.563271604938271997e-01 7.563271604938271997e-01 7.563271604938271997e-01 1.405159803696035770e+00 1.687043876602058345e+00 4.729428633531544079e+01 1.063846487399053160e+02 1.663763100038982543e+02 1.658814482519402418e+02 1.325497702689509367e+02 4.043495843549317215e+01 1.488831689590789598e+00 1.405159803696035770e+00 1.333487143273757169e+00 9.246575543797767027e-01 9.246575543797767027e-01 7.563271604938271997e-01 9.246575543797767027e-01 9.246575543797767027e-01 7.563271604938271997e-01
9.246575543797767027e-01 9.246575543797767027e-01 7.563271604938271997e-01 9.246575543797767027e-01 7.563271604938271997e-01 1.728023305383751707e+00 1.686165998955471590e+00 2.746711768706005863e+00 1.687043876602058345e+00 1.063846487399053160e+02 1.455203835978836082e+02 1.658814482519402418e+02 9.254919391582963328e+01 1.333487143273757169e+00 1.349247001298933490e+00 1.431338366473970281e+00 1.327979934072425428e+00 7.563271604938271997e-01 1.639913881767250503e+00 1.405159803696035770e+00 9.246575543797767027e-01 7.563271604938271997e-01
1.173069761025371083e+00 9.809957314487123270e-01 1.140328001794563173e+00 7.563271604938271997e-01 1.546601488402492786e+00 9.809957314487123270e-01 9.809957314487123270e-01 7.563271604938271997e-01 1.687043876602058345e+00 2.055462447120667946e+00 1.219657902706993156e+02 1.578747708965977381e+02 1.014617723423580316e+02 1.333487143273757169e+00 1.173069761025371083e+00 9.246575543797767027e-01 9.809957314487123270e-01 1.678110552146205858e+00 1.562036424608808538e+00 1.394860076800541027e+00 9.809957314487123270e-01 7.563271604938271997e-01
1.327979934072425428e+00 1.173069761025371083e+00 9.809957314487123270e-01 7.563271604938271997e-01 1.020586336941831362e+01 1.239650755716246699e+01 9.809957314487123270e-01 7.563271604938271997e-01 2.502457031232034002e+00 2.055462447120667946e+00 8.378546141975307648e+01 1.609333645154354144e+02 1.014617723423580316e+02 4.137664310570809967e+00 9.809957314487123270e-01 9.809957314487123270e-01 1.407521515255036659e+00 1.333487143273757169e+00 1.394860076800541027e+00 1.349247001298933490e+00 7.563271604938271997e-01 7.563271604938271997e-01
1.333487143273757169e+00 1.405159803696035770e+00 1.349247001298933490e+00 1.349247001298933490e+00 3.400717216599787207e+01 1.653852661386076761e+01 1.333487143273757169e+00 9.809957314487123270e-01 9.809957314487123270e-01 7.563271604938271997e-01 8.080501261131927038e+01 1.340896254057221029e+02 3.714829423925278462e+01 5.027581133491650434e+01 1.327979934072425428e+00 9.809957314487123270e-01 1.678110552146205858e+00 1.333487143273757169e+00 1.405159803696035770e+00 9.809957314487123270e-01 7.563271604938271997e-01 7.563271604938271997e-01
1.333487143273757169e+00 1.327979934072425428e+00 1.349247001298933490e+00 8.048426257285020924e+00 1.097434962872678987e+01 3.593523530575943870e+00 9.868196986912462165e+00 1.405159803696035770e+00 7.563271604938271997e-01 7.563271604938271997e-01 1.687043876602058345e+00 5.246460840340154164e+01 1.239650755716246699e+01 1.660272833157842021e+00 1.608812170226898930e+00 1.333487143273757169e+00 1.402525222055918119e+00 1.394860076800541027e+00 1.349247001298933490e+00 1.173069761025371083e+00 7.563271604938271997e-01 7.563271604938271997e-01
9.809957314487123270e-01 9.809957314487123270e-01 7.563271604938271997e-01 1.405159803696035770e+00 1.687043876602058345e+00 1.608812170226898930e+00 1.333487143273757169e+00 9.809957314487123270e-01 7.563271604938271997e-01 1.687043876602058345e+00 1.687043876602058345e+00 9.380721504040012704e+00 1.608812170226898930e+00 1.333487143273757169e+00 9.809957314487123270e-01 9.809957314487123270e-01 1.207789152015342315e+00 1.546601488402492786e+00 1.394860076800541027e+00 9.246575543797767027e-01 7.563271604938271997e-01 7.563271604938271997e-01
7.563271604938271997e-01 7.563271604938271997e-01 7.563271604938271997e-01 7.563271604938271997e-01 1.405159803696035770e+00 1.665947957444457561e+00 1.333487143273757169e+00 7.563271604938271997e-01 7.563271604938271997e-01 1.405159803696035770e+00 1.639913881767250503e+00 3.551314208462960753e+00 1.608812170226898930e+00 1.333487143273757169e+00 9.809957314487123270e-01 7.563271604938271997e-01 7.563271604938271997e-01 9.809957314487123270e-01 9.809957314487123270e-01 7.563271604938271997e-01 9.809957314487123270e-01 7.563271604938271997e-01
7.563271604938271997e-01 7.563271604938271997e-01 7.563271604938271997e-01 7.563271604938271997e-01 7.563271604938271997e-01 7.563271604938271997e-01 7.563271604938271997e-01 7.563271604938271997e-01 7.563271604938271997e-01 7.563271604938271997e-01 7.563271604938271997e-01 7.563271604938271997e-01 1.405159803696035770e+00 1.333487143273757169e+00 7.563271604938271997e-01 7.563271604938271997e-01 7.563271604938271997e-01 7.563271604938271997e-01 7.563271604938271997e-01 7.563271604938271997e-01 7.563271604938271997e-01 7.563271604938271997e-01
