1.058065871202396480e+01 1.058065871202396480e+01 1.058065871202396480e+01 1.058065871202396480e+01 1.058065871202396480e+01 1.058065871202396480e+01 1.058065871202396480e+01 1.058065871202396480e+01 1.655553419653339020e+01 2.350721319250296304e+01 3.132374613526267026e+01 5.378170764094701894e+01 7.331484543287757560e+01 8.197480627824124610e+01 8.197480627824124610e+01 1.001562787429639627e+02 1.015770367540467447e+02 9.434889964967004516e+01 8.548492221620793430e+01 6.524335237553847833e+01 3.555236649106497993e+01 1.906683777408682090e+01
1.058065871202396480e+01 1.058065871202396480e+01 1.058065871202396480e+01 1.058065871202396480e+01 1.058065871202396480e+01 1.058065871202396480e+01 1.058065871202396480e+01 2.020631289401081432e+01 2.949509970208704601e+01 4.159784653436095425e+01 5.534715119741370160e+01 7.980317986468796221e+01 8.645797760279522493e+01 9.486164939905009419e+01 1.043473600990800207e+02 1.081180632474795402e+02 1.245742843505044846e+02 1.281721205431180692e+02 1.119107333594147917e+02 8.467499928512181384e+01 4.047374110711054840e+01 1.935397328083085355e+01
1.058065871202396480e+01 1.058065871202396480e+01 1.058065871202396480e+01 1.058065871202396480e+01 1.058065871202396480e+01 1.058065871202396480e+01 1.746341801597319687e+01 2.733660330410323525e+01 4.664474702559211039e+01 7.059158386113450945e+01 8.197480627824124610e+01 9.269594542384432145e+01 9.804343631718441543e+01 8.557873596647132786e+01 8.557873596647132786e+01 1.039951951366592482e+02 1.146197973337151126e+02 1.277478564683141400e+02 1.181763214611665802e+02 8.044097608266105226e+01 5.085644369324204206e+01 1.935397328083085355e+01
1.058065871202396480e+01 1.058065871202396480e+01 1.058065871202396480e+01 1.058065871202396480e+01 1.058065871202396480e+01 1.058065871202396480e+01 1.992159141284137647e+01 3.478596223621899242e+01 6.076222602503586501e+01 9.238021529817797273e+01 1.043473600990800207e+02 9.174674732709860336e+01 8.716422882741258604e+01 6.222008278464129916e+01 6.324191401819631153e+01 8.071193698427848062e+01 9.992815782085959597e+01 1.277478564683141400e+02 1.119919885900531540e+02 8.044097608266105226e+01 4.437105395090923565e+01 1.935397328083085355e+01
1.058065871202396480e+01 1.058065871202396480e+01 1.058065871202396480e+01 1.058065871202396480e+01 1.058065871202396480e+01 1.058065871202396480e+01 2.203817407130197381e+01 3.839806761630147491e+01 6.667787997409557477e+01 8.376240979187903690e+01 9.582317989443157558e+01 7.524772937405936091e+01 5.210956568075775408e+01 3.866215875164099458e+01 3.693664574620151342e+01 6.382304783806780080e+01 9.992815782085959597e+01 1.147462866455597208e+02 1.067018593560506048e+02 7.192352148342362739e+01 4.021369935828066389e+01 1.935397328083085355e+01
1.058065871202396480e+01 1.058065871202396480e+01 1.058065871202396480e+01 1.058065871202396480e+01 1.058065871202396480e+01 1.058065871202396480e+01 2.115673337070694515e+01 3.218847632818508231e+01 4.777802127879250804e+01 5.906737726124801213e+01 6.222008278464129916e+01 5.082026078621999687e+01 3.359943273909933481e+01 3.081837700375410805e+01 3.932928555408608418e+01 6.745645962221630043e+01 1.005758033723891742e+02 1.147462866455597208e+02 9.588722799739498726e+01 6.683493845984837378e+01 3.334662995605850000e+01 1.930881759518094398e+01
1.058065871202396480e+01 1.058065871202396480e+01 1.058065871202396480e+01 1.058065871202396480e+01 1.058065871202396480e+01 1.058065871202396480e+01 1.058065871202396480e+01 2.324321849530623751e+01 3.541591558233890424e+01 3.466321226492966900e+01 4.100192139627583288e+01 2.777041040766738433e+01 2.009397188794036637e+01 3.232082144722591721e+01 5.417285374839192968e+01 8.399173636046521096e+01 1.126535843073046976e+02 1.083692758431241430e+02 8.707955050475825942e+01 5.311622850363386306e+01 2.554709563449646481e+01 1.058065871202396480e+01
1.058065871202396480e+01 1.058065871202396480e+01 1.058065871202396480e+01 1.058065871202396480e+01 1.058065871202396480e+01 1.058065871202396480e+01 1.058065871202396480e+01 1.058065871202396480e+01 2.021653688714377139e+01 2.117850164081985653e+01 2.749131958954718158e+01 2.618837104679155559e+01 3.858060145564402177e+01 5.417285374839192968e+01 8.399173636046521096e+01 1.018468481092869808e+02 1.141599525798268928e+02 1.031661123545048753e+02 7.423607157678026169e+01 3.860850823494484274e+01 1.935397328083085355e+01 1.058065871202396480e+01
1.058065871202396480e+01 1.058065871202396480e+01 1.058065871202396480e+01 1.058065871202396480e+01 1.058065871202396480e+01 1.058065871202396480e+01 1.058065871202396480e+01 1.058065871202396480e+01 1.058065871202396480e+01 1.628346276014101335e+01 2.481209794902700594e+01 3.858060145564402177e+01 5.920202410051773256e+01 8.399173636046521096e+01 1.049830909934484140e+02 1.141599525798268928e+02 1.031661123545048753e+02 7.718937773911142131e+01 5.311622850363386306e+01 2.554709563449646481e+01 1.477093330025634010e+01 1.058065871202396480e+01
1.058065871202396480e+01 1.058065871202396480e+01 1.058065871202396480e+01 1.058065871202396480e+01 1.058065871202396480e+01 1.655553419653339020e+01 2.020631289401081432e+01 2.020631289401081432e+01 2.135572126820171945e+01 2.539261325252318002e+01 3.858060145564402177e+01 5.417285374839192968e+01 8.399173636046521096e+01 1.049830909934484140e+02 1.152434134491005437e+02 1.031661123545048753e+02 7.718937773911142131e+01 5.600240681533711040e+01 3.158711938989641155e+01 2.059756021920894398e+01 1.058065871202396480e+01 1.058065871202396480e+01
1.058065871202396480e+01 1.058065871202396480e+01 1.058065871202396480e+01 1.655553419653339020e+01 2.511941430769709882e+01 3.604258471189580604e+01 4.159784653436095425e+01 4.707763008116838677e+01 4.707763008116838677e+01 5.452577586694403777e+01 6.607589180596177414e+01 8.463129576091790796e+01 1.113627249291354815e+02 1.157748720372365909e+02 1.106984072280222478e+02 8.579133706207525734e+01 5.600240681533711040e+01 3.359943273909933481e+01 2.059756021920894398e+01 1.477093330025634010e+01 1.058065871202396480e+01 1.058065871202396480e+01
1.058065871202396480e+01 1.058065871202396480e+01 2.020631289401081432e+01 2.949509970208704601e+01 4.633192310790022361e+01 5.534715119741370160e+01 7.601663645499561994e+01 8.448826993091901727e+01 8.448826993091901727e+01 8.197480627824124610e+01 1.015770367540467447e+02 1.088570908412267073e+02 1.202340611812947913e+02 1.247330645970178722e+02 1.004096120639376153e+02 6.885392829603243570e+01 4.339643291454122931e+01 2.376997270242555516e+01 1.477093330025634010e+01 1.058065871202396480e+01 1.058065871202396480e+01 1.058065871202396480e+01
1.058065871202396480e+01 2.234525990375084348e+01 3.146485717344659605e+01 5.417285374839192968e+01 7.439968506770806300e+01 9.744039262810701985e+01 1.100144482060821360e+02 1.202340611812947913e+02 1.202340611812947913e+02 1.202340611812947913e+02 1.202340611812947913e+02 1.245742843505044846e+02 1.380523419746978675e+02 1.316796256365258841e+02 1.022215173366967349e+02 6.616659472262693953e+01 4.047374110711054840e+01 1.906683777408682090e+01 1.058065871202396480e+01 1.058065871202396480e+01 1.058065871202396480e+01 1.058065871202396480e+01
1.746341801597319687e+01 3.146485717344659605e+01 5.390231621194758560e+01 8.399173636046521096e+01 1.049830909934484140e+02 1.202340611812947913e+02 1.302719715051736102e+02 1.344992963489166868e+02 1.357346408161689340e+02 1.357346408161689340e+02 1.357346408161689340e+02 1.357346408161689340e+02 1.380523419746978675e+02 1.316796256365258841e+02 1.119107333594147917e+02 8.467499928512181384e+01 5.114420120664814107e+01 2.521322112677976790e+01 1.058065871202396480e+01 1.058065871202396480e+01 1.058065871202396480e+01 1.058065871202396480e+01
2.319684739390132577e+01 4.664474702559211039e+01 7.960021205821985291e+01 1.115631937396772031e+02 1.202340611812947913e+02 1.380523419746978675e+02 1.452638324804470358e+02 1.452638324804470358e+02 1.452638324804470358e+02 1.311257759541758787e+02 1.246182494969465893e+02 1.195436978580466416e+02 1.272384443420621665e+02 1.272384443420621665e+02 1.316796256365258841e+02 9.308082787464572050e+01 6.400140847014677092e+01 3.364505680389996911e+01 1.906683777408682090e+01 1.058065871202396480e+01 1.058065871202396480e+01 1.058065871202396480e+01
3.932928555408608418e+01 7.115574344583697552e+01 1.026079531314010467e+02 1.245742843505044846e+02 1.452638324804470358e+02 1.452638324804470358e+02 1.452638324804470358e+02 1.452638324804470358e+02 1.246182494969465893e+02 1.154715171188575198e+02 9.868036232457166079e+01 8.557873596647132786e+01 1.039951951366592482e+02 1.146197973337151126e+02 1.272384443420621665e+02 1.119107333594147917e+02 8.467499928512181384e+01 4.251994421919393119e+01 2.521322112677976790e+01 1.058065871202396480e+01 1.058065871202396480e+01 1.058065871202396480e+01
6.076222602503586501e+01 9.744039262810701985e+01 1.209010301798637101e+02 1.452638324804470358e+02 1.452638324804470358e+02 1.452638324804470358e+02 1.262321608666455433e+02 1.171611007894208711e+02 9.868036232457166079e+01 8.757251443776908673e+01 6.222008278464129916e+01 5.294885925033302243e+01 6.066403337280751629e+01 8.766901598615110913e+01 1.146197973337151126e+02 1.101158898606365142e+02 9.308082787464572050e+01 6.400140847014677092e+01 3.555236649106497993e+01 2.069100105393881250e+01 1.058065871202396480e+01 1.058065871202396480e+01
6.980948091781502285e+01 1.005758033723891742e+02 1.231107349047863408e+02 1.380523419746978675e+02 1.452638324804470358e+02 1.262321608666455433e+02 1.154715171188575198e+02 9.554419631232752863e+01 7.581138759358364609e+01 5.082026078621999687e+01 3.188185523178569625e+01 2.804995354159927956e+01 3.550256102698680394e+01 6.307626278538046449e+01 8.844806095342228502e+01 1.102495711965547684e+02 9.920443157885745222e+01 6.616659472262693953e+01 3.955455334013480240e+01 1.906683777408682090e+01 1.058065871202396480e+01 1.058065871202396480e+01
6.667787997409557477e+01 9.845389015810090427e+01 1.146197973337151126e+02 1.183398031530065140e+02 1.183398031530065140e+02 1.109820284605050915e+02 8.757251443776908673e+01 6.222008278464129916e+01 4.209226899357101814e+01 2.777041040766738433e+01 2.059756021920894398e+01 1.587842572116474216e+01 2.227048771101532765e+01 4.403459868819304290e+01 7.548157082825299824e+01 1.008103163898088326e+02 9.529898007630016821e+01 6.922702336370514331e+01 4.330798129584179179e+01 1.935397328083085355e+01 1.058065871202396480e+01 1.058065871202396480e+01
4.777802127879250804e+01 7.209478009597923176e+01 8.250853467910826566e+01 7.886867460269945695e+01 8.250853467910826566e+01 6.222008278464129916e+01 5.259808325520390326e+01 3.847346028409594965e+01 2.132170013376791573e+01 1.477093330025634010e+01 1.058065871202396480e+01 1.058065871202396480e+01 2.115673337070694515e+01 2.678216657604514950e+01 4.777802127879250804e+01 6.520853516644879733e+01 7.581138759358364609e+01 6.090034100386655069e+01 3.860850823494484274e+01 1.935397328083085355e+01 1.058065871202396480e+01 1.058065871202396480e+01
2.937356560691632978e+01 4.629551986485846982e+01 4.974742285055873481e+01 5.035915692374557295e+01 4.460768019189728761e+01 3.188185523178569625e+01 2.851794978520594270e+01 2.059756021920894398e+01 1.477093330025634010e+01 1.058065871202396480e+01 1.058065871202396480e+01 1.058065871202396480e+01 1.058065871202396480e+01 2.115673337070694515e+01 2.937356560691632978e+01 3.925334794844203401e+01 4.460768019189728761e+01 3.866215875164099458e+01 2.613463092226445994e+01 1.477093330025634010e+01 1.058065871202396480e+01 1.058065871202396480e+01
2.021653688714377139e+01 2.324321849530623751e+01 2.021653688714377139e+01 2.080300722428707516e+01 2.080300722428707516e+01 2.021653688714377139e+01 1.587842572116474216e+01 1.058065871202396480e+01 1.058065871202396480e+01 1.058065871202396480e+01 1.058065871202396480e+01 1.058065871202396480e+01 1.058065871202396480e+01 1.058065871202396480e+01 2.115673337070694515e+01 2.324321849530623751e+01 2.080300722428707516e+01 2.080300722428707516e+01 2.021653688714377139e+01 1.058065871202396480e+01 1.058065871202396480e+01 1.058065871202396480e+01
