1.162578275883059575e+01 1.162578275883059575e+01 1.162578275883059575e+01 1.162578275883059575e+01 1.162578275883059575e+01 1.162578275883059575e+01 1.162578275883059575e+01 1.162578275883059575e+01 1.162578275883059575e+01 1.162578275883059575e+01 1.642132990526381775e+01 1.700298105932897741e+01 1.642132990526381775e+01 1.642132990526381775e+01 1.642132990526381775e+01 1.642132990526381775e+01 1.642132990526381775e+01 1.642132990526381775e+01 1.700298105932897741e+01 1.665967201206148474e+01 1.162578275883059575e+01 1.162578275883059575e+01
1.162578275883059575e+01 1.162578275883059575e+01 1.162578275883059575e+01 1.162578275883059575e+01 1.162578275883059575e+01 1.162578275883059575e+01 1.162578275883059575e+01 1.162578275883059575e+01 1.642132990526381775e+01 2.335487520572545961e+01 2.661677572549407600e+01 2.935265923284759992e+01 4.542276288781536664e+01 4.542276288781536664e+01 4.542276288781536664e+01 4.542276288781536664e+01 4.542276288781536664e+01 4.542276288781536664e+01 2.935265923284759992e+01 1.665967201206148474e+01 1.665967201206148474e+01 1.162578275883059575e+01
1.162578275883059575e+01 1.162578275883059575e+01 1.162578275883059575e+01 1.162578275883059575e+01 1.162578275883059575e+01 1.162578275883059575e+01 1.642132990526381775e+01 2.335487520572545961e+01 4.542276288781536664e+01 4.542276288781536664e+01 0.000000000000000000e+00 0.000000000000000000e+00 0.000000000000000000e+00 0.000000000000000000e+00 0.000000000000000000e+00 0.000000000000000000e+00 0.000000000000000000e+00 0.000000000000000000e+00 4.542276288781536664e+01 3.433560984951867567e+01 1.665967201206148474e+01 1.162578275883059575e+01
1.162578275883059575e+01 1.162578275883059575e+01 1.162578275883059575e+01 1.162578275883059575e+01 1.642132990526381775e+01 2.335487520572545961e+01 2.661677572549407600e+01 4.542276288781536664e+01 0.000000000000000000e+00 0.000000000000000000e+00 0.000000000000000000e+00 0.000000000000000000e+00 0.000000000000000000e+00 0.000000000000000000e+00 0.000000000000000000e+00 0.000000000000000000e+00 0.000000000000000000e+00 0.000000000000000000e+00 0.000000000000000000e+00 4.542276288781536664e+01 2.935265923284759992e+01 1.700298105932897741e+01
1.162578275883059575e+01 1.162578275883059575e+01 1.162578275883059575e+01 1.642132990526381775e+01 2.335487520572545961e+01 4.542276288781536664e+01 0.000000000000000000e+00 0.000000000000000000e+00 0.000000000000000000e+00 0.000000000000000000e+00 0.000000000000000000e+00 0.000000000000000000e+00 0.000000000000000000e+00 0.000000000000000000e+00 0.000000000000000000e+00 0.000000000000000000e+00 0.000000000000000000e+00 0.000000000000000000e+00 0.000000000000000000e+00 0.000000000000000000e+00 4.657208010174801416e+01 1.665967201206148474e+01
1.162578275883059575e+01 1.162578275883059575e+01 1.162578275883059575e+01 2.335487520572545961e+01 4.542276288781536664e+01 0.000000000000000000e+00 0.000000000000000000e+00 0.000000000000000000e+00 0.000000000000000000e+00 0.000000000000000000e+00 0.000000000000000000e+00 0.000000000000000000e+00 0.000000000000000000e+00 0.000000000000000000e+00 0.000000000000000000e+00 0.000000000000000000e+00 0.000000000000000000e+00 0.000000000000000000e+00 0.000000000000000000e+00 0.000000000000000000e+00 0.000000000000000000e+00 2.223560645955258508e+01
1.162578275883059575e+01 1.162578275883059575e+01 1.744114265517101359e+01 2.661677572549407600e+01 0.000000000000000000e+00 0.000000000000000000e+00 0.000000000000000000e+00 0.000000000000000000e+00 0.000000000000000000e+00 0.000000000000000000e+00 0.000000000000000000e+00 0.000000000000000000e+00 0.000000000000000000e+00 0.000000000000000000e+00 0.000000000000000000e+00 0.000000000000000000e+00 0.000000000000000000e+00 0.000000000000000000e+00 0.000000000000000000e+00 0.000000000000000000e+00 0.000000000000000000e+00 2.223560645955258508e+01
1.162578275883059575e+01 1.162578275883059575e+01 2.335487520572545961e+01 4.542276288781536664e+01 0.000000000000000000e+00 0.000000000000000000e+00 0.000000000000000000e+00 0.000000000000000000e+00 0.000000000000000000e+00 0.000000000000000000e+00 4.542276288781536664e+01 4.110922436310079320e+01 4.542276288781536664e+01 0.000000000000000000e+00 0.000000000000000000e+00 0.000000000000000000e+00 0.000000000000000000e+00 0.000000000000000000e+00 0.000000000000000000e+00 0.000000000000000000e+00 4.110922436310079320e+01 2.195323825047093180e+01
1.162578275883059575e+01 1.162578275883059575e+01 2.335487520572545961e+01 0.000000000000000000e+00 0.000000000000000000e+00 0.000000000000000000e+00 0.000000000000000000e+00 0.000000000000000000e+00 0.000000000000000000e+00 4.110922436310079320e+01 2.893114705761989569e+01 4.542276288781536664e+01 0.000000000000000000e+00 0.000000000000000000e+00 0.000000000000000000e+00 0.000000000000000000e+00 0.000000000000000000e+00 0.000000000000000000e+00 0.000000000000000000e+00 4.542276288781536664e+01 2.674507240280773246e+01 2.058666973254727850e+01
1.162578275883059575e+01 1.162578275883059575e+01 1.953373298266139102e+01 0.000000000000000000e+00 0.000000000000000000e+00 0.000000000000000000e+00 0.000000000000000000e+00 0.000000000000000000e+00 0.000000000000000000e+00 4.542276288781536664e+01 4.542276288781536664e+01 0.000000000000000000e+00 0.000000000000000000e+00 0.000000000000000000e+00 0.000000000000000000e+00 0.000000000000000000e+00 0.000000000000000000e+00 0.000000000000000000e+00 4.110922436310079320e+01 2.674507240280773246e+01 2.058666973254727850e+01 1.162578275883059575e+01
1.162578275883059575e+01 1.162578275883059575e+01 2.281064445329887747e+01 4.110922436310079320e+01 0.000000000000000000e+00 0.000000000000000000e+00 0.000000000000000000e+00 0.000000000000000000e+00 0.000000000000000000e+00 0.000000000000000000e+00 0.000000000000000000e+00 0.000000000000000000e+00 0.000000000000000000e+00 0.000000000000000000e+00 0.000000000000000000e+00 0.000000000000000000e+00 0.000000000000000000e+00 4.110922436310079320e+01 2.195323825047093180e+01 2.058666973254727850e+01 1.162578275883059575e+01 1.162578275883059575e+01
1.162578275883059575e+01 1.162578275883059575e+01 2.104426944650120035e+01 2.104426944650120035e+01 0.000000000000000000e+00 0.000000000000000000e+00 0.000000000000000000e+00 0.000000000000000000e+00 0.000000000000000000e+00 0.000000000000000000e+00 0.000000000000000000e+00 0.000000000000000000e+00 0.000000000000000000e+00 0.000000000000000000e+00 0.000000000000000000e+00 0.000000000000000000e+00 4.110922436310079320e+01 2.195323825047093180e+01 1.162578275883059575e+01 1.162578275883059575e+01 1.162578275883059575e+01 1.162578275883059575e+01
1.162578275883059575e+01 1.162578275883059575e+01 1.162578275883059575e+01 2.104426944650120035e+01 4.110922436310079320e+01 0.000000000000000000e+00 0.000000000000000000e+00 0.000000000000000000e+00 0.000000000000000000e+00 0.000000000000000000e+00 0.000000000000000000e+00 0.000000000000000000e+00 0.000000000000000000e+00 0.000000000000000000e+00 0.000000000000000000e+00 4.110922436310079320e+01 2.195323825047093180e+01 1.162578275883059575e+01 1.162578275883059575e+01 1.162578275883059575e+01 1.162578275883059575e+01 1.162578275883059575e+01
1.162578275883059575e+01 1.162578275883059575e+01 1.162578275883059575e+01 2.104426944650120035e+01 2.001272076723545723e+01 4.110922436310079320e+01 0.000000000000000000e+00 0.000000000000000000e+00 0.000000000000000000e+00 0.000000000000000000e+00 0.000000000000000000e+00 0.000000000000000000e+00 0.000000000000000000e+00 0.000000000000000000e+00 4.542276288781536664e+01 2.223560645955258508e+01 1.535903660997839459e+01 1.162578275883059575e+01 1.162578275883059575e+01 1.162578275883059575e+01 1.162578275883059575e+01 1.162578275883059575e+01
1.162578275883059575e+01 1.162578275883059575e+01 1.162578275883059575e+01 1.162578275883059575e+01 2.104426944650120035e+01 2.001272076723545723e+01 4.110922436310079320e+01 0.000000000000000000e+00 0.000000000000000000e+00 0.000000000000000000e+00 0.000000000000000000e+00 0.000000000000000000e+00 0.000000000000000000e+00 0.000000000000000000e+00 4.542276288781536664e+01 2.223560645955258508e+01 1.535903660997839459e+01 1.162578275883059575e+01 1.162578275883059575e+01 1.162578275883059575e+01 1.162578275883059575e+01 1.162578275883059575e+01
1.162578275883059575e+01 1.162578275883059575e+01 1.162578275883059575e+01 1.162578275883059575e+01 1.162578275883059575e+01 1.162578275883059575e+01 2.001272076723545723e+01 0.000000000000000000e+00 0.000000000000000000e+00 0.000000000000000000e+00 0.000000000000000000e+00 0.000000000000000000e+00 0.000000000000000000e+00 0.000000000000000000e+00 0.000000000000000000e+00 2.935265923284759992e+01 1.700298105932897741e+01 1.162578275883059575e+01 1.162578275883059575e+01 1.162578275883059575e+01 1.162578275883059575e+01 1.162578275883059575e+01
1.162578275883059575e+01 1.162578275883059575e+01 1.162578275883059575e+01 1.162578275883059575e+01 1.162578275883059575e+01 1.162578275883059575e+01 1.953373298266139102e+01 4.542276288781536664e+01 0.000000000000000000e+00 0.000000000000000000e+00 0.000000000000000000e+00 0.000000000000000000e+00 0.000000000000000000e+00 0.000000000000000000e+00 0.000000000000000000e+00 4.542276288781536664e+01 2.878550737749479183e+01 1.665967201206148474e+01 1.162578275883059575e+01 1.162578275883059575e+01 1.162578275883059575e+01 1.162578275883059575e+01
1.162578275883059575e+01 1.162578275883059575e+01 1.162578275883059575e+01 1.162578275883059575e+01 1.162578275883059575e+01 1.162578275883059575e+01 2.335487520572545961e+01 4.542276288781536664e+01 0.000000000000000000e+00 0.000000000000000000e+00 0.000000000000000000e+00 0.000000000000000000e+00 0.000000000000000000e+00 0.000000000000000000e+00 0.000000000000000000e+00 0.000000000000000000e+00 3.213855954186798414e+01 1.700298105932897741e+01 1.162578275883059575e+01 1.162578275883059575e+01 1.162578275883059575e+01 1.162578275883059575e+01
1.162578275883059575e+01 1.162578275883059575e+01 1.162578275883059575e+01 1.162578275883059575e+01 1.162578275883059575e+01 1.162578275883059575e+01 1.953373298266139102e+01 4.542276288781536664e+01 0.000000000000000000e+00 0.000000000000000000e+00 0.000000000000000000e+00 0.000000000000000000e+00 0.000000000000000000e+00 0.000000000000000000e+00 0.000000000000000000e+00 0.000000000000000000e+00 4.657208010174801416e+01 1.665967201206148474e+01 1.162578275883059575e+01 1.162578275883059575e+01 1.162578275883059575e+01 1.162578275883059575e+01
1.162578275883059575e+01 1.162578275883059575e+01 1.162578275883059575e+01 1.162578275883059575e+01 1.162578275883059575e+01 1.162578275883059575e+01 1.953373298266139102e+01 3.508245353382893228e+01 0.000000000000000000e+00 0.000000000000000000e+00 0.000000000000000000e+00 0.000000000000000000e+00 0.000000000000000000e+00 0.000000000000000000e+00 0.000000000000000000e+00 0.000000000000000000e+00 4.110922436310079320e+01 1.665967201206148474e+01 1.162578275883059575e+01 1.162578275883059575e+01 1.162578275883059575e+01 1.162578275883059575e+01
1.162578275883059575e+01 1.162578275883059575e+01 1.162578275883059575e+01 1.162578275883059575e+01 1.162578275883059575e+01 1.162578275883059575e+01 2.104426944650120035e+01 2.104426944650120035e+01 0.000000000000000000e+00 0.000000000000000000e+00 0.000000000000000000e+00 0.000000000000000000e+00 0.000000000000000000e+00 0.000000000000000000e+00 0.000000000000000000e+00 0.000000000000000000e+00 2.674507240280773246e+01 1.535903660997839459e+01 1.162578275883059575e+01 1.162578275883059575e+01 1.162578275883059575e+01 1.162578275883059575e+01
1.162578275883059575e+01 1.162578275883059575e+01 1.162578275883059575e+01 1.162578275883059575e+01 1.162578275883059575e+01 1.162578275883059575e+01 1.162578275883059575e+01 2.001272076723545723e+01 3.350685765179974851e+01 0.000000000000000000e+00 0.000000000000000000e+00 0.000000000000000000e+00 0.000000000000000000e+00 0.000000000000000000e+00 0.000000000000000000e+00 4.110922436310079320e+01 2.195323825047093180e+01 1.162578275883059575e+01 1.162578275883059575e+01 1.162578275883059575e+01 1.162578275883059575e+01 1.162578275883059575e+01
