4.497633744855966675e-01 4.497633744855966675e-01 4.497633744855966675e-01 4.497633744855966675e-01 4.497633744855966675e-01 5.476234567901234751e-01 1.503160061726307672e+00 1.041908095358436315e+00 2.323378165997535660e+00 1.832741781761381139e+00 1.819399392899718082e+00 1.956392687344679082e+00 1.237976190476190341e+00 9.838274337348410503e-01 9.838274337348410503e-01 7.563271604938271997e-01 7.563271604938271997e-01 1.056318377522725616e+00 1.180891528733458706e+00 1.180891528733458706e+00 4.497633744855966675e-01 4.497633744855966675e-01
4.497633744855966675e-01 4.497633744855966675e-01 4.497633744855966675e-01 4.497633744855966675e-01 4.497633744855966675e-01 5.476234567901234751e-01 5.476234567901234751e-01 1.431338366473970281e+00 1.546601488402492786e+00 2.066388056224973457e+00 1.709975255147622386e+00 1.709975255147622386e+00 1.041908095358436315e+00 1.009623094175419622e+00 1.514792010508462017e+00 9.838274337348410503e-01 9.838274337348410503e-01 1.043843496472663279e+00 1.041908095358436315e+00 1.094513261071400567e+00 4.497633744855966675e-01 4.497633744855966675e-01
4.497633744855966675e-01 4.497633744855966675e-01 4.497633744855966675e-01 4.497633744855966675e-01 4.497633744855966675e-01 4.497633744855966675e-01 1.180891528733458706e+00 1.801964472879553414e+00 3.935441164276963555e+00 4.510519593253968118e+00 8.388047959735146719e+01 8.388047959735146719e+01 8.388047959735146719e+01 5.554239303643735326e+01 5.554239303643735326e+01 6.653995145294763347e+01 5.554239303643735326e+01 5.554239303643735326e+01 5.554239303643735326e+01 3.414734310334638678e+01 1.514792010508462017e+00 4.497633744855966675e-01
4.497633744855966675e-01 4.497633744855966675e-01 4.497633744855966675e-01 4.497633744855966675e-01 4.497633744855966675e-01 4.497633744855966675e-01 5.476234567901234751e-01 1.034546938447011621e+00 4.000285068203516481e+00 1.670733713375701086e+02 1.667209739295718975e+02 1.553640171029425403e+02 1.667209739295718975e+02 1.462634030869999151e+02 1.462634030869999151e+02 1.458062364035809537e+02 1.670733713375701086e+02 1.667209739295718975e+02 1.462634030869999151e+02 6.628495412996491609e+01 1.488831689590789598e+00 4.497633744855966675e-01
4.497633744855966675e-01 4.497633744855966675e-01 4.497633744855966675e-01 4.497633744855966675e-01 4.497633744855966675e-01 5.476234567901234751e-01 5.476234567901234751e-01 1.071660523593004122e+00 1.873585341955712735e+01 9.428726259759653772e+01 1.666855389534793517e+02 1.666855389534793517e+02 1.654496282961733300e+02 1.027652564578672099e+02 1.557078093751281642e+02 1.219657902706993156e+02 1.662326582194432376e+02 1.666436559715260159e+02 1.660602592439264242e+02 6.656295775739383203e+01 9.868196986912462165e+00 4.497633744855966675e-01
4.497633744855966675e-01 4.497633744855966675e-01 4.497633744855966675e-01 4.497633744855966675e-01 4.497633744855966675e-01 5.476234567901234751e-01 1.398608735436374317e+00 1.832741781761381139e+00 1.819399392899718082e+00 1.956392687344679082e+00 1.956392687344679082e+00 1.956392687344679082e+00 1.956392687344679082e+00 3.920468927613408283e+01 2.299430859629890378e+01 1.080790273987686732e+02 1.662326582194432376e+02 1.666436559715260159e+02 1.654496282961733300e+02 3.471187685595340611e+01 1.180891528733458706e+00 4.497633744855966675e-01
4.497633744855966675e-01 4.497633744855966675e-01 4.497633744855966675e-01 4.497633744855966675e-01 4.497633744855966675e-01 5.476234567901234751e-01 1.477375116086301343e+00 1.678110552146205858e+00 1.573046055361543294e+00 2.207196779168923317e+00 1.956392687344679082e+00 1.819399392899718082e+00 4.894966172661185944e+00 5.886967930140628802e+00 4.159759690990593839e+01 1.268625764728178638e+02 1.496892906701939978e+02 1.557078093751281642e+02 9.830381640443701485e+01 1.272562523861966666e+00 9.542336628736156623e-01 4.497633744855966675e-01
4.497633744855966675e-01 4.497633744855966675e-01 4.497633744855966675e-01 4.497633744855966675e-01 4.497633744855966675e-01 4.497633744855966675e-01 5.476234567901234751e-01 1.546601488402492786e+00 1.709975255147622386e+00 3.678158812735549343e+00 1.709975255147622386e+00 1.709975255147622386e+00 4.283696269351256092e+01 5.554239303643735326e+01 1.651181394903353521e+02 1.651181394903353521e+02 1.542645080485710878e+02 1.646829350872040436e+02 5.891983274553023620e+01 1.477375116086301343e+00 1.043843496472663279e+00 4.497633744855966675e-01
4.497633744855966675e-01 4.497633744855966675e-01 4.497633744855966675e-01 4.497633744855966675e-01 4.497633744855966675e-01 4.497633744855966675e-01 5.476234567901234751e-01 5.476234567901234751e-01 1.283958385341307906e+00 4.510519593253968118e+00 8.701040352631146391e+01 9.366857810231674364e+01 1.072142475092050944e+02 1.670733713375701086e+02 1.667209739295718975e+02 1.667209739295718975e+02 9.676542025931367164e+01 5.042946879588058096e+01 1.956392687344679082e+00 1.488831689590789598e+00 1.171223513775203173e+00 4.497633744855966675e-01
4.497633744855966675e-01 4.497633744855966675e-01 4.497633744855966675e-01 4.497633744855966675e-01 4.497633744855966675e-01 5.476234567901234751e-01 5.476234567901234751e-01 7.864613462669018062e+00 4.000285068203516481e+00 1.650222919968100257e+02 1.670733713375701086e+02 1.667209739295718975e+02 1.665733579608744037e+02 1.667209739295718975e+02 1.664244236540424993e+02 1.654496282961733300e+02 4.371622454395516399e+01 1.835447828868607356e+00 1.635438938740562120e+00 1.401280161806324642e+00 1.573046055361543294e+00 4.497633744855966675e-01
4.497633744855966675e-01 4.497633744855966675e-01 4.497633744855966675e-01 4.497633744855966675e-01 4.497633744855966675e-01 5.476234567901234751e-01 7.563271604938271997e-01 7.563271604938271997e-01 1.873585341955712735e+01 7.004190805668270059e+01 1.654496282961733300e+02 1.666855389534793517e+02 1.666855389534793517e+02 1.666436559715260159e+02 1.639928460747163967e+02 9.830381640443701485e+01 3.471187685595340611e+01 1.171223513775203173e+00 1.033120940420809708e+00 1.398608735436374317e+00 1.573046055361543294e+00 4.497633744855966675e-01
4.497633744855966675e-01 4.497633744855966675e-01 4.497633744855966675e-01 4.497633744855966675e-01 5.476234567901234751e-01 7.563271604938271997e-01 1.041908095358436315e+00 1.431338366473970281e+00 1.956392687344679082e+00 1.956392687344679082e+00 1.956392687344679082e+00 1.956392687344679082e+00 7.080831298381254157e+01 1.649447648871042134e+02 1.560505739496632316e+02 3.714829423925278462e+01 1.272562523861966666e+00 1.180891528733458706e+00 1.171223513775203173e+00 1.269838793999868765e+00 1.394860076800541027e+00 4.497633744855966675e-01
4.497633744855966675e-01 4.497633744855966675e-01 4.497633744855966675e-01 4.497633744855966675e-01 5.476234567901234751e-01 5.476234567901234751e-01 1.286818453262334572e+00 1.832741781761381139e+00 1.819399392899718082e+00 1.573046055361543294e+00 1.593848482766635044e+00 1.573046055361543294e+00 1.593848482766635044e+00 6.103287049285125931e+01 1.103030876253132675e+02 6.271313725789642035e+01 1.398608735436374317e+00 1.173069761025371083e+00 1.171223513775203173e+00 9.542336628736156623e-01 1.034546938447011621e+00 4.497633744855966675e-01
4.497633744855966675e-01 5.476234567901234751e-01 5.476234567901234751e-01 1.180891528733458706e+00 5.476234567901234751e-01 1.488831689590789598e+00 1.956392687344679082e+00 1.858739182545980917e+00 1.709975255147622386e+00 1.171223513775203173e+00 1.376239447755261525e+00 1.682625380166022033e+00 1.956392687344679082e+00 1.819399392899718082e+00 6.212879063652395928e+01 4.279153873697713095e+01 1.477375116086301343e+00 1.283958385341307906e+00 1.448284394189816027e+00 1.171223513775203173e+00 1.071660523593004122e+00 4.497633744855966675e-01
7.563271604938271997e-01 9.838274337348410503e-01 9.838274337348410503e-01 9.838274337348410503e-01 1.041908095358436315e+00 1.502196808250048976e+00 2.207196779168923317e+00 1.803511643946359211e+00 1.398608735436374317e+00 1.269838793999868765e+00 1.036331356096759526e+00 1.488330166746833161e+00 1.635438938740562120e+00 1.819399392899718082e+00 5.889885634460811303e+01 5.757255908180768245e+01 1.398608735436374317e+00 1.372165173707753594e+00 1.431338366473970281e+00 9.542336628736156623e-01 1.034546938447011621e+00 4.497633744855966675e-01
5.476234567901234751e-01 4.510519593253968118e+00 5.554239303643735326e+01 4.510519593253968118e+00 1.546601488402492786e+00 1.514792010508462017e+00 1.803511643946359211e+00 1.956392687344679082e+00 1.401280161806324642e+00 1.431518604237669745e+00 1.398608735436374317e+00 1.573046055361543294e+00 1.832741781761381139e+00 1.819399392899718082e+00 4.631176886514941771e+01 3.593523530575943870e+00 1.398608735436374317e+00 1.297438915607981302e+00 1.408195651755201228e+00 1.283958385341307906e+00 4.497633744855966675e-01 4.497633744855966675e-01
1.405159803696035770e+00 5.953569698274404942e+01 8.701040352631146391e+01 9.986806522510343598e+01 1.013669084090451378e+02 3.414734310334638678e+01 1.514792010508462017e+00 1.709975255147622386e+00 1.441901485619116796e+00 1.709975255147622386e+00 1.441901485619116796e+00 1.514792010508462017e+00 1.709975255147622386e+00 1.709975255147622386e+00 4.371622454395516399e+01 1.803511643946359211e+00 1.398608735436374317e+00 1.269838793999868765e+00 9.542336628736156623e-01 4.497633744855966675e-01 4.497633744855966675e-01 4.497633744855966675e-01
7.563271604938271997e-01 8.378546141975307648e+01 1.670733713375701086e+02 1.663193580604288115e+02 1.663193580604288115e+02 1.663193580604288115e+02 3.470258470773283221e+01 1.546601488402492786e+00 1.546601488402492786e+00 1.567453944422598333e+00 3.935441164276963555e+00 3.935441164276963555e+00 4.510519593253968118e+00 3.379066566886324452e+00 1.956392687344679082e+00 1.678110552146205858e+00 1.396955483262673381e+00 1.171223513775203173e+00 4.497633744855966675e-01 7.563271604938271997e-01 4.497633744855966675e-01 4.497633744855966675e-01
7.563271604938271997e-01 1.873585341955712735e+01 1.103030876253132675e+02 1.663763100038982543e+02 1.670733713375701086e+02 1.651181394903353521e+02 1.663193580604288115e+02 6.653995145294763347e+01 8.701040352631146391e+01 1.072142475092050944e+02 5.554239303643735326e+01 1.072142475092050944e+02 6.271313725789642035e+01 9.868196986912462165e+00 1.180891528733458706e+00 1.269838793999868765e+00 1.709975255147622386e+00 1.361572140077200288e+00 4.497633744855966675e-01 4.497633744855966675e-01 4.497633744855966675e-01 4.497633744855966675e-01
1.034546938447011621e+00 1.138229436814600604e+01 7.080831298381254157e+01 1.664244236540424993e+02 1.557078093751281642e+02 1.670733713375701086e+02 1.651181394903353521e+02 1.665733579608744037e+02 1.503590053383170755e+02 1.462634030869999151e+02 9.676542025931367164e+01 9.955868839520297797e+01 1.533682700840913959e+01 1.269838793999868765e+00 1.033120940420809708e+00 1.546601488402492786e+00 1.283958385341307906e+00 4.497633744855966675e-01 4.497633744855966675e-01 4.497633744855966675e-01 4.497633744855966675e-01 4.497633744855966675e-01
4.497633744855966675e-01 4.497633744855966675e-01 1.405159803696035770e+00 4.055332182744831648e+00 1.956392687344679082e+00 1.664244236540424993e+02 1.654496282961733300e+02 1.666855389534793517e+02 1.654496282961733300e+02 1.366317879028462983e+02 6.038983921780340580e+01 1.180891528733458706e+00 9.542336628736156623e-01 4.497633744855966675e-01 1.094513261071400567e+00 4.497633744855966675e-01 4.497633744855966675e-01 4.497633744855966675e-01 4.497633744855966675e-01 4.497633744855966675e-01 4.497633744855966675e-01 4.497633744855966675e-01
4.497633744855966675e-01 4.497633744855966675e-01 5.476234567901234751e-01 1.180891528733458706e+00 1.056318377522725616e+00 1.180891528733458706e+00 5.917642017396183007e+01 1.180891528733458706e+00 1.180891528733458706e+00 1.180891528733458706e+00 1.180891528733458706e+00 9.542336628736156623e-01 4.497633744855966675e-01 4.497633744855966675e-01 4.497633744855966675e-01 4.497633744855966675e-01 4.497633744855966675e-01 4.497633744855966675e-01 4.497633744855966675e-01 4.497633744855966675e-01 4.497633744855966675e-01 4.497633744855966675e-01
