1.079755084719428027e+01 1.079755084719428027e+01 1.079755084719428027e+01 1.079755084719428027e+01 1.079755084719428027e+01 1.079755084719428027e+01 1.079755084719428027e+01 1.079755084719428027e+01 1.079755084719428027e+01 1.079755084719428027e+01 1.079755084719428027e+01 1.079755084719428027e+01 1.079755084719428027e+01 1.079755084719428027e+01 1.636701138774119002e+01 2.031691990254294922e+01 2.031691990254294922e+01 1.665967201206148474e+01 1.665967201206148474e+01 1.079755084719428027e+01 1.079755084719428027e+01 1.079755084719428027e+01
1.079755084719428027e+01 1.079755084719428027e+01 1.079755084719428027e+01 1.079755084719428027e+01 1.079755084719428027e+01 1.079755084719428027e+01 1.079755084719428027e+01 1.079755084719428027e+01 1.079755084719428027e+01 1.079755084719428027e+01 1.079755084719428027e+01 1.079755084719428027e+01 1.079755084719428027e+01 2.050493429340830076e+01 2.031691990254294922e+01 2.583231071241663201e+01 3.085068105621343904e+01 2.754246553861381841e+01 2.433127930678195128e+01 1.665967201206148474e+01 1.079755084719428027e+01 1.079755084719428027e+01
1.079755084719428027e+01 1.079755084719428027e+01 1.079755084719428027e+01 1.079755084719428027e+01 1.079755084719428027e+01 1.079755084719428027e+01 1.079755084719428027e+01 1.079755084719428027e+01 1.079755084719428027e+01 1.079755084719428027e+01 1.079755084719428027e+01 1.079755084719428027e+01 1.079755084719428027e+01 2.236581022882087666e+01 2.967883713856680927e+01 4.476753795029097915e+01 5.177428879110920690e+01 5.177428879110920690e+01 3.986152823693383596e+01 2.787129211445240173e+01 1.665967201206148474e+01 1.079755084719428027e+01
1.079755084719428027e+01 1.079755084719428027e+01 1.079755084719428027e+01 1.079755084719428027e+01 1.079755084719428027e+01 1.079755084719428027e+01 1.079755084719428027e+01 1.079755084719428027e+01 1.079755084719428027e+01 1.079755084719428027e+01 1.079755084719428027e+01 1.079755084719428027e+01 1.079755084719428027e+01 2.236581022882087666e+01 3.554912690624065874e+01 5.924630572569486020e+01 7.318885386567679063e+01 8.495249512773409606e+01 6.524542418453975756e+01 3.986152823693383596e+01 1.975711444369411041e+01 1.079755084719428027e+01
1.079755084719428027e+01 1.079755084719428027e+01 1.079755084719428027e+01 1.079755084719428027e+01 1.079755084719428027e+01 1.079755084719428027e+01 1.079755084719428027e+01 1.079755084719428027e+01 1.079755084719428027e+01 1.079755084719428027e+01 1.079755084719428027e+01 1.079755084719428027e+01 1.079755084719428027e+01 2.236581022882087666e+01 4.950422337390023131e+01 8.123982030814583766e+01 9.974425403983417482e+01 1.051611037510328117e+02 8.467499928512181384e+01 5.119003149689577725e+01 3.181994233636210723e+01 1.079755084719428027e+01
1.079755084719428027e+01 1.079755084719428027e+01 1.079755084719428027e+01 1.079755084719428027e+01 1.079755084719428027e+01 1.079755084719428027e+01 1.079755084719428027e+01 1.079755084719428027e+01 1.079755084719428027e+01 1.079755084719428027e+01 1.079755084719428027e+01 1.079755084719428027e+01 2.031691990254294922e+01 3.478912428802515677e+01 6.080315409467037568e+01 9.651524669189342376e+01 1.116266793638526167e+02 1.226539947356620104e+02 9.674353725081851962e+01 5.889337366098781246e+01 2.354492525521909485e+01 1.656824373414208296e+01
1.079755084719428027e+01 1.079755084719428027e+01 1.079755084719428027e+01 1.079755084719428027e+01 1.079755084719428027e+01 1.079755084719428027e+01 1.079755084719428027e+01 1.079755084719428027e+01 1.079755084719428027e+01 1.079755084719428027e+01 1.079755084719428027e+01 2.031691990254294922e+01 2.950163369822144688e+01 5.559198386433747885e+01 8.123982030814583766e+01 1.088221390271501150e+02 1.187224872198644903e+02 1.182827644967853047e+02 8.134658936811453600e+01 6.053924751424319339e+01 3.024664980669132319e+01 1.656824373414208296e+01
1.079755084719428027e+01 1.079755084719428027e+01 1.079755084719428027e+01 1.079755084719428027e+01 1.079755084719428027e+01 1.079755084719428027e+01 1.079755084719428027e+01 1.079755084719428027e+01 1.079755084719428027e+01 1.079755084719428027e+01 2.031691990254294922e+01 3.495059705482336909e+01 5.559198386433747885e+01 8.410010645808688423e+01 1.026079531314010467e+02 1.175559273097848916e+02 1.154183903980348163e+02 9.314655023732053962e+01 6.777249888936229638e+01 3.882350826782019482e+01 2.058317529991039407e+01 1.079755084719428027e+01
1.079755084719428027e+01 1.079755084719428027e+01 1.079755084719428027e+01 1.079755084719428027e+01 1.079755084719428027e+01 1.079755084719428027e+01 1.079755084719428027e+01 1.079755084719428027e+01 1.079755084719428027e+01 2.031691990254294922e+01 2.950163369822144688e+01 5.559198386433747885e+01 8.410010645808688423e+01 1.001597433036132827e+02 1.175559273097848916e+02 1.124782972615963104e+02 9.314655023732053962e+01 6.777249888936229638e+01 4.094616485398863404e+01 2.476057882029489221e+01 1.656824373414208296e+01 1.079755084719428027e+01
1.079755084719428027e+01 1.079755084719428027e+01 1.079755084719428027e+01 1.079755084719428027e+01 1.079755084719428027e+01 1.079755084719428027e+01 1.079755084719428027e+01 1.079755084719428027e+01 2.031691990254294922e+01 2.950163369822144688e+01 5.559198386433747885e+01 7.956606431568596349e+01 1.001597433036132827e+02 1.187224872198644903e+02 1.112535331985656768e+02 8.757251443776908673e+01 7.051091893994666293e+01 4.094616485398863404e+01 2.902103027502615973e+01 1.656824373414208296e+01 1.079755084719428027e+01 1.079755084719428027e+01
1.079755084719428027e+01 1.079755084719428027e+01 1.079755084719428027e+01 1.079755084719428027e+01 1.079755084719428027e+01 1.079755084719428027e+01 1.079755084719428027e+01 2.031691990254294922e+01 2.950163369822144688e+01 5.559198386433747885e+01 7.956606431568596349e+01 1.001597433036132827e+02 1.187224872198644903e+02 1.112535331985656768e+02 9.314655023732053962e+01 7.051091893994666293e+01 4.094616485398863404e+01 3.024664980669132319e+01 1.656824373414208296e+01 1.079755084719428027e+01 1.079755084719428027e+01 1.079755084719428027e+01
1.079755084719428027e+01 1.079755084719428027e+01 1.079755084719428027e+01 1.079755084719428027e+01 1.079755084719428027e+01 1.079755084719428027e+01 2.031691990254294922e+01 2.950163369822144688e+01 5.559198386433747885e+01 8.055162237781613044e+01 1.001597433036132827e+02 1.140881152405689392e+02 1.046971025533632087e+02 8.757251443776908673e+01 5.641391028050965417e+01 4.094616485398863404e+01 2.058317529991039407e+01 1.656824373414208296e+01 1.079755084719428027e+01 1.079755084719428027e+01 1.079755084719428027e+01 1.079755084719428027e+01
1.079755084719428027e+01 1.079755084719428027e+01 1.079755084719428027e+01 1.079755084719428027e+01 1.079755084719428027e+01 1.636701138774119002e+01 2.236581022882087666e+01 4.579467003790500712e+01 7.956606431568596349e+01 1.001597433036132827e+02 1.187224872198644903e+02 1.046971025533632087e+02 8.757251443776908673e+01 5.641391028050965417e+01 4.094616485398863404e+01 2.058317529991039407e+01 1.656824373414208296e+01 1.079755084719428027e+01 1.079755084719428027e+01 1.079755084719428027e+01 1.079755084719428027e+01 1.079755084719428027e+01
1.079755084719428027e+01 1.079755084719428027e+01 1.079755084719428027e+01 1.079755084719428027e+01 1.079755084719428027e+01 2.236581022882087666e+01 3.478912428802515677e+01 6.691771389574537920e+01 9.651524669189342376e+01 1.175559273097848916e+02 1.112535331985656768e+02 9.314655023732053962e+01 5.641391028050965417e+01 4.094616485398863404e+01 2.058317529991039407e+01 1.656824373414208296e+01 1.079755084719428027e+01 1.079755084719428027e+01 1.079755084719428027e+01 1.079755084719428027e+01 1.079755084719428027e+01 1.079755084719428027e+01
1.079755084719428027e+01 1.079755084719428027e+01 1.079755084719428027e+01 1.079755084719428027e+01 2.031691990254294922e+01 3.190192228233975769e+01 6.080315409467037568e+01 9.015727235241143944e+01 1.116266793638526167e+02 1.112535331985656768e+02 9.581042004467332163e+01 6.777249888936229638e+01 4.094616485398863404e+01 2.058317529991039407e+01 1.656824373414208296e+01 1.079755084719428027e+01 1.079755084719428027e+01 1.079755084719428027e+01 1.079755084719428027e+01 1.079755084719428027e+01 1.079755084719428027e+01 1.079755084719428027e+01
1.079755084719428027e+01 1.079755084719428027e+01 1.079755084719428027e+01 1.636701138774119002e+01 2.236581022882087666e+01 4.579467003790500712e+01 7.956606431568596349e+01 1.088221390271501150e+02 1.187224872198644903e+02 1.046971025533632087e+02 7.719865504536582534e+01 4.685255031067617182e+01 2.058317529991039407e+01 1.656824373414208296e+01 1.079755084719428027e+01 1.079755084719428027e+01 1.079755084719428027e+01 1.079755084719428027e+01 1.079755084719428027e+01 1.079755084719428027e+01 1.079755084719428027e+01 1.079755084719428027e+01
1.079755084719428027e+01 1.079755084719428027e+01 1.079755084719428027e+01 2.050493429340830076e+01 3.478912428802515677e+01 6.691771389574537920e+01 1.026079531314010467e+02 1.175559273097848916e+02 1.148407614638458938e+02 8.757251443776908673e+01 5.641391028050965417e+01 3.024664980669132319e+01 1.656824373414208296e+01 1.079755084719428027e+01 1.079755084719428027e+01 1.079755084719428027e+01 1.079755084719428027e+01 1.079755084719428027e+01 1.079755084719428027e+01 1.079755084719428027e+01 1.079755084719428027e+01 1.079755084719428027e+01
1.079755084719428027e+01 1.079755084719428027e+01 1.079755084719428027e+01 2.236581022882087666e+01 5.559198386433747885e+01 8.123982030814583766e+01 1.105154188983722889e+02 1.112535331985656768e+02 1.004064924351802119e+02 6.777249888936229638e+01 3.882350826782019482e+01 2.058317529991039407e+01 1.079755084719428027e+01 1.079755084719428027e+01 1.079755084719428027e+01 1.079755084719428027e+01 1.079755084719428027e+01 1.079755084719428027e+01 1.079755084719428027e+01 1.079755084719428027e+01 1.079755084719428027e+01 1.079755084719428027e+01
1.079755084719428027e+01 1.079755084719428027e+01 1.079755084719428027e+01 3.478912428802515677e+01 6.650081158689665983e+01 1.026079531314010467e+02 1.162487362786456373e+02 1.046971025533632087e+02 7.719865504536582534e+01 4.685255031067617182e+01 2.058317529991039407e+01 1.656824373414208296e+01 1.079755084719428027e+01 1.079755084719428027e+01 1.079755084719428027e+01 1.079755084719428027e+01 1.079755084719428027e+01 1.079755084719428027e+01 1.079755084719428027e+01 1.079755084719428027e+01 1.079755084719428027e+01 1.079755084719428027e+01
1.079755084719428027e+01 1.079755084719428027e+01 2.050493429340830076e+01 3.478912428802515677e+01 7.997620735131849301e+01 1.020412337891359300e+02 1.009394645919377638e+02 8.757251443776908673e+01 5.641391028050965417e+01 3.024664980669132319e+01 1.656824373414208296e+01 1.079755084719428027e+01 1.079755084719428027e+01 1.079755084719428027e+01 1.079755084719428027e+01 1.079755084719428027e+01 1.079755084719428027e+01 1.079755084719428027e+01 1.079755084719428027e+01 1.079755084719428027e+01 1.079755084719428027e+01 1.079755084719428027e+01
1.079755084719428027e+01 1.079755084719428027e+01 2.050493429340830076e+01 3.375711712272399012e+01 6.469057194781667874e+01 8.905032758124245618e+01 8.612282183997808716e+01 6.777249888936229638e+01 3.882350826782019482e+01 2.058317529991039407e+01 1.079755084719428027e+01 1.079755084719428027e+01 1.079755084719428027e+01 1.079755084719428027e+01 1.079755084719428027e+01 1.079755084719428027e+01 1.079755084719428027e+01 1.079755084719428027e+01 1.079755084719428027e+01 1.079755084719428027e+01 1.079755084719428027e+01 1.079755084719428027e+01
1.079755084719428027e+01 1.079755084719428027e+01 1.603223559861159941e+01 3.375711712272399012e+01 4.819953866221149497e+01 5.378090217065236800e+01 5.292429304164376447e+01 4.094616485398863404e+01 2.673690154378915551e+01 1.656824373414208296e+01 1.079755084719428027e+01 1.079755084719428027e+01 1.079755084719428027e+01 1.079755084719428027e+01 1.079755084719428027e+01 1.079755084719428027e+01 1.079755084719428027e+01 1.079755084719428027e+01 1.079755084719428027e+01 1.079755084719428027e+01 1.079755084719428027e+01 1.079755084719428027e+01
