7.563271604938271997e-01 7.563271604938271997e-01 7.563271604938271997e-01 7.563271604938271997e-01 7.563271604938271997e-01 7.563271604938271997e-01 7.563271604938271997e-01 7.563271604938271997e-01 7.563271604938271997e-01 7.563271604938271997e-01 7.563271604938271997e-01 7.563271604938271997e-01 7.563271604938271997e-01 7.563271604938271997e-01 7.563271604938271997e-01 9.809957314487123270e-01 1.009623094175419622e+00 9.809957314487123270e-01 1.043843496472663279e+00 1.009623094175419622e+00 9.809957314487123270e-01 7.563271604938271997e-01
7.563271604938271997e-01 7.563271604938271997e-01 7.563271604938271997e-01 7.563271604938271997e-01 7.563271604938271997e-01 7.563271604938271997e-01 7.563271604938271997e-01 7.563271604938271997e-01 7.563271604938271997e-01 7.563271604938271997e-01 7.563271604938271997e-01 7.563271604938271997e-01 7.563271604938271997e-01 7.563271604938271997e-01 7.563271604938271997e-01 1.460679930128857551e+00 1.405159803696035770e+00 9.809957314487123270e-01 1.056318377522725616e+00 1.297438915607981302e+00 9.246575543797767027e-01 7.563271604938271997e-01
7.563271604938271997e-01 7.563271604938271997e-01 7.563271604938271997e-01 7.563271604938271997e-01 7.563271604938271997e-01 7.563271604938271997e-01 7.563271604938271997e-01 7.563271604938271997e-01 7.563271604938271997e-01 7.563271604938271997e-01 7.563271604938271997e-01 7.563271604938271997e-01 7.563271604938271997e-01 7.563271604938271997e-01 7.563271604938271997e-01 1.441901485619116796e+00 1.394860076800541027e+00 1.394860076800541027e+00 1.447207943193033142e+00 1.171223513775203173e+00 9.246575543797767027e-01 7.563271604938271997e-01
7.563271604938271997e-01 7.563271604938271997e-01 7.563271604938271997e-01 7.563271604938271997e-01 7.563271604938271997e-01 7.563271604938271997e-01 7.563271604938271997e-01 7.563271604938271997e-01 7.563271604938271997e-01 7.563271604938271997e-01 7.563271604938271997e-01 7.563271604938271997e-01 7.563271604938271997e-01 7.563271604938271997e-01 1.043843496472663279e+00 3.935441164276963555e+00 4.510519593253968118e+00 1.546601488402492786e+00 1.278120361142396133e+00 1.173069761025371083e+00 9.809957314487123270e-01 7.563271604938271997e-01
7.563271604938271997e-01 7.563271604938271997e-01 7.563271604938271997e-01 7.563271604938271997e-01 7.563271604938271997e-01 7.563271604938271997e-01 7.563271604938271997e-01 9.809957314487123270e-01 7.563271604938271997e-01 7.563271604938271997e-01 9.809957314487123270e-01 9.809957314487123270e-01 9.809957314487123270e-01 2.142369143956200972e+01 4.510519593253968118e+00 6.856223671602512582e+01 1.270831225749558797e+02 4.864767124699314138e+01 1.333487143273757169e+00 1.283958385341307906e+00 1.173069761025371083e+00 7.563271604938271997e-01
7.563271604938271997e-01 7.563271604938271997e-01 7.563271604938271997e-01 7.563271604938271997e-01 7.563271604938271997e-01 7.563271604938271997e-01 7.563271604938271997e-01 9.809957314487123270e-01 1.424769300411522366e+01 3.935441164276963555e+00 4.510519593253968118e+00 4.510519593253968118e+00 6.653995145294763347e+01 1.021981888483083480e+02 1.072142475092050944e+02 9.765531050311840033e+01 6.038983921780340580e+01 3.543222223856761843e+01 1.171223513775203173e+00 1.173069761025371083e+00 9.246575543797767027e-01 7.563271604938271997e-01
7.563271604938271997e-01 7.563271604938271997e-01 7.563271604938271997e-01 1.687043876602058345e+00 1.407521515255036659e+00 1.715544144554230543e+00 2.142369143956200972e+01 3.470258470773283221e+01 9.809957314487123270e-01 1.424769300411522366e+01 1.729188700459163641e+01 4.159759690990593839e+01 1.171780249845993893e+02 1.522603758758005768e+02 1.462634030869999151e+02 9.830381640443701485e+01 1.594453974118653417e+00 1.056318377522725616e+00 1.333487143273757169e+00 1.009623094175419622e+00 1.283958385341307906e+00 7.563271604938271997e-01
7.563271604938271997e-01 7.563271604938271997e-01 7.563271604938271997e-01 7.563271604938271997e-01 1.372165173707753594e+00 1.873585341955712735e+01 1.873585341955712735e+01 4.631176886514941771e+01 8.598632411667739461e+01 4.371622454395516399e+01 2.254349324626969775e+01 6.103287049285125931e+01 8.242647251257653807e+01 1.384511438735552247e+02 1.042307544626359430e+02 4.779785623378530346e+01 1.447207943193033142e+00 1.171223513775203173e+00 9.809957314487123270e-01 1.043843496472663279e+00 9.246575543797767027e-01 7.563271604938271997e-01
7.563271604938271997e-01 7.563271604938271997e-01 7.563271604938271997e-01 1.546601488402492786e+00 1.801964472879553414e+00 1.687043876602058345e+00 1.687043876602058345e+00 1.687043876602058345e+00 1.687043876602058345e+00 1.956392687344679082e+00 2.515287937370628946e+00 3.114071111311895734e+00 8.242647251257653807e+01 1.240423044432419317e+02 8.598632411667739461e+01 2.889550611311936912e+00 1.333487143273757169e+00 1.405159803696035770e+00 1.009623094175419622e+00 7.563271604938271997e-01 9.246575543797767027e-01 7.563271604938271997e-01
7.563271604938271997e-01 7.563271604938271997e-01 7.563271604938271997e-01 7.563271604938271997e-01 7.563271604938271997e-01 1.056318377522725616e+00 1.056318377522725616e+00 1.056318377522725616e+00 1.594453974118653417e+00 9.868196986912462165e+00 9.380721504040012704e+00 7.563271604938271997e-01 1.873585341955712735e+01 8.598632411667739461e+01 1.533682700840913959e+01 2.912571942522335977e+00 1.278120361142396133e+00 1.687043876602058345e+00 9.809957314487123270e-01 1.043843496472663279e+00 1.171223513775203173e+00 7.563271604938271997e-01
7.563271604938271997e-01 7.563271604938271997e-01 7.563271604938271997e-01 7.563271604938271997e-01 7.563271604938271997e-01 7.563271604938271997e-01 1.043843496472663279e+00 7.563271604938271997e-01 1.207789152015342315e+00 1.333487143273757169e+00 1.297438915607981302e+00 1.873585341955712735e+01 3.722793270767845542e+01 2.142935653568970977e+01 2.727584022178018319e+00 1.396955483262673381e+00 1.333487143273757169e+00 1.502196808250048976e+00 1.635438938740562120e+00 1.171223513775203173e+00 9.246575543797767027e-01 7.563271604938271997e-01
7.563271604938271997e-01 7.563271604938271997e-01 7.563271604938271997e-01 7.563271604938271997e-01 7.563271604938271997e-01 7.563271604938271997e-01 7.563271604938271997e-01 9.809957314487123270e-01 7.563271604938271997e-01 9.809957314487123270e-01 1.709975255147622386e+00 3.882304711502136030e+01 4.371622454395516399e+01 4.436961468029340772e+00 5.448841390323864609e+00 1.056318377522725616e+00 1.056318377522725616e+00 1.171223513775203173e+00 1.546601488402492786e+00 1.394860076800541027e+00 1.171223513775203173e+00 7.563271604938271997e-01
7.563271604938271997e-01 7.563271604938271997e-01 7.563271604938271997e-01 7.563271604938271997e-01 7.563271604938271997e-01 7.563271604938271997e-01 7.563271604938271997e-01 7.563271604938271997e-01 7.563271604938271997e-01 2.142369143956200972e+01 4.159759690990593839e+01 5.514436444631179057e+01 3.714829423925278462e+01 2.222367324845778924e+00 1.396955483262673381e+00 1.056318377522725616e+00 1.171223513775203173e+00 1.009623094175419622e+00 1.283958385341307906e+00 1.043843496472663279e+00 9.246575543797767027e-01 9.246575543797767027e-01
7.563271604938271997e-01 7.563271604938271997e-01 7.563271604938271997e-01 7.563271604938271997e-01 7.563271604938271997e-01 7.563271604938271997e-01 7.563271604938271997e-01 9.809957314487123270e-01 3.589672646981912685e+00 4.283696269351256092e+01 1.171780249845993893e+02 1.364624764802322829e+02 5.845704507929594484e+01 1.333487143273757169e+00 1.278120361142396133e+00 1.173069761025371083e+00 9.809957314487123270e-01 9.809957314487123270e-01 9.809957314487123270e-01 9.809957314487123270e-01 9.809957314487123270e-01 7.563271604938271997e-01
7.563271604938271997e-01 7.563271604938271997e-01 7.563271604938271997e-01 7.563271604938271997e-01 7.563271604938271997e-01 7.563271604938271997e-01 7.563271604938271997e-01 7.563271604938271997e-01 4.283696269351256092e+01 1.072142475092050944e+02 1.585620494268077323e+02 1.462634030869999151e+02 5.757255908180768245e+01 3.593523530575943870e+00 1.594453974118653417e+00 1.956392687344679082e+00 1.687043876602058345e+00 1.687043876602058345e+00 1.171223513775203173e+00 1.171223513775203173e+00 9.246575543797767027e-01 7.563271604938271997e-01
7.563271604938271997e-01 7.563271604938271997e-01 7.563271604938271997e-01 7.563271604938271997e-01 7.563271604938271997e-01 7.563271604938271997e-01 1.488330166746833161e+00 5.627598883439882371e+01 1.522603758758005768e+02 1.667209739295718975e+02 1.659800634450567713e+02 5.246460840340154164e+01 1.956392687344679082e+00 1.956392687344679082e+00 1.594453974118653417e+00 1.819399392899718082e+00 1.709975255147622386e+00 1.594453974118653417e+00 1.405159803696035770e+00 1.171223513775203173e+00 9.246575543797767027e-01 7.563271604938271997e-01
7.563271604938271997e-01 7.563271604938271997e-01 7.563271604938271997e-01 7.563271604938271997e-01 7.563271604938271997e-01 1.447207943193033142e+00 1.297438915607981302e+00 2.637598450055835286e+01 1.340896254057221029e+02 1.667190403157364074e+02 5.042946879588058096e+01 2.030136870622944123e+00 2.207196779168923317e+00 1.665947957444457561e+00 1.678110552146205858e+00 1.709975255147622386e+00 1.546601488402492786e+00 1.546601488402492786e+00 1.394860076800541027e+00 1.173069761025371083e+00 9.246575543797767027e-01 7.563271604938271997e-01
7.563271604938271997e-01 7.563271604938271997e-01 7.563271604938271997e-01 7.563271604938271997e-01 7.563271604938271997e-01 1.396955483262673381e+00 1.405159803696035770e+00 1.873585341955712735e+01 8.930913613246896432e+01 5.042946879588058096e+01 1.594453974118653417e+00 1.477966288113567561e+00 1.952660257346079620e+00 1.665947957444457561e+00 1.171223513775203173e+00 1.477966288113567561e+00 1.593848482766635044e+00 1.171223513775203173e+00 1.333487143273757169e+00 1.173069761025371083e+00 1.171223513775203173e+00 7.563271604938271997e-01
7.563271604938271997e-01 7.563271604938271997e-01 7.563271604938271997e-01 7.563271604938271997e-01 7.563271604938271997e-01 1.333487143273757169e+00 1.709975255147622386e+00 1.873585341955712735e+01 3.722793270767845542e+01 3.593523530575943870e+00 1.594453974118653417e+00 1.448284394189816027e+00 1.687043876602058345e+00 1.396955483262673381e+00 1.171223513775203173e+00 1.297438915607981302e+00 1.546601488402492786e+00 1.709975255147622386e+00 9.809957314487123270e-01 1.043843496472663279e+00 9.809957314487123270e-01 7.563271604938271997e-01
7.563271604938271997e-01 7.563271604938271997e-01 7.563271604938271997e-01 7.563271604938271997e-01 7.563271604938271997e-01 9.809957314487123270e-01 4.888828308154519853e+00 2.450863949681300724e+00 3.878687720374117909e+00 1.396955483262673381e+00 1.447207943193033142e+00 1.594453974118653417e+00 1.605779799721876566e+00 1.333487143273757169e+00 1.394860076800541027e+00 1.372165173707753594e+00 1.546601488402492786e+00 1.283958385341307906e+00 7.563271604938271997e-01 7.563271604938271997e-01 9.809957314487123270e-01 7.563271604938271997e-01
7.563271604938271997e-01 7.563271604938271997e-01 7.563271604938271997e-01 7.563271604938271997e-01 7.563271604938271997e-01 7.563271604938271997e-01 7.563271604938271997e-01 4.426495452401460362e+00 3.837956676505829279e+00 1.503160061726307672e+00 1.447207943193033142e+00 1.297438915607981302e+00 1.056318377522725616e+00 1.283958385341307906e+00 1.283958385341307906e+00 7.563271604938271997e-01 7.563271604938271997e-01 7.563271604938271997e-01 7.563271604938271997e-01 7.563271604938271997e-01 7.563271604938271997e-01 7.563271604938271997e-01
7.563271604938271997e-01 7.563271604938271997e-01 7.563271604938271997e-01 7.563271604938271997e-01 7.563271604938271997e-01 7.563271604938271997e-01 7.563271604938271997e-01 1.687043876602058345e+00 1.594453974118653417e+00 1.477375116086301343e+00 1.333487143273757169e+00 1.361572140077200288e+00 1.297438915607981302e+00 9.246575543797767027e-01 7.563271604938271997e-01 7.563271604938271997e-01 7.563271604938271997e-01 7.563271604938271997e-01 7.563271604938271997e-01 7.563271604938271997e-01 7.563271604938271997e-01 7.563271604938271997e-01
