7.563271604938271997e-01 7.563271604938271997e-01 7.563271604938271997e-01 7.563271604938271997e-01 7.563271604938271997e-01 1.278120361142396133e+00 1.448284394189816027e+00 9.809957314487123270e-01 7.563271604938271997e-01 7.563271604938271997e-01 9.809957314487123270e-01 9.809957314487123270e-01 9.809957314487123270e-01 9.809957314487123270e-01 9.809957314487123270e-01 9.809957314487123270e-01 9.809957314487123270e-01 7.563271604938271997e-01 1.396955483262673381e+00 1.525829526853016649e+00 9.246575543797767027e-01 7.563271604938271997e-01
7.563271604938271997e-01 7.563271604938271997e-01 7.563271604938271997e-01 7.563271604938271997e-01 7.563271604938271997e-01 1.333487143273757169e+00 1.297438915607981302e+00 1.749377906645638703e+01 9.809957314487123270e-01 9.809957314487123270e-01 4.283696269351256092e+01 8.363830309538388974e+01 8.388047959735146719e+01 3.414734310334638678e+01 3.414734310334638678e+01 4.510519593253968118e+00 9.809957314487123270e-01 9.246575543797767027e-01 1.207789152015342315e+00 1.196645292442568564e+00 9.246575543797767027e-01 7.563271604938271997e-01
7.563271604938271997e-01 7.563271604938271997e-01 7.563271604938271997e-01 7.563271604938271997e-01 7.563271604938271997e-01 1.278120361142396133e+00 1.394860076800541027e+00 4.283696269351256092e+01 1.148436336334053465e+02 1.654229331033899086e+02 1.663193580604288115e+02 1.553640171029425403e+02 1.553640171029425403e+02 1.663193580604288115e+02 1.663193580604288115e+02 3.414734310334638678e+01 1.514792010508462017e+00 9.809957314487123270e-01 9.809957314487123270e-01 9.246575543797767027e-01 9.246575543797767027e-01 7.563271604938271997e-01
7.563271604938271997e-01 7.563271604938271997e-01 7.563271604938271997e-01 7.563271604938271997e-01 7.563271604938271997e-01 9.809957314487123270e-01 7.563271604938271997e-01 1.148436336334053465e+02 1.660781367359932119e+02 1.662378642367306441e+02 1.662295408320312617e+02 1.665802249125970889e+02 1.665802249125970889e+02 1.666145754432377259e+02 1.654229331033899086e+02 1.663193580604288115e+02 8.577897949380196962e+01 1.546601488402492786e+00 9.809957314487123270e-01 1.278120361142396133e+00 9.246575543797767027e-01 9.246575543797767027e-01
7.563271604938271997e-01 7.563271604938271997e-01 7.563271604938271997e-01 7.563271604938271997e-01 7.563271604938271997e-01 7.563271604938271997e-01 4.415853451543681985e+01 1.098233314501167683e+02 1.652708795686811811e+02 1.663763100038982543e+02 1.662295408320312617e+02 1.666855389534793517e+02 1.666855389534793517e+02 1.653336615748709448e+02 1.666855389534793517e+02 1.458062364035809537e+02 1.658814482519402418e+02 5.845704507929594484e+01 1.460679930128857551e+00 1.396955483262673381e+00 1.297438915607981302e+00 9.246575543797767027e-01
7.563271604938271997e-01 7.563271604938271997e-01 7.563271604938271997e-01 7.563271604938271997e-01 7.563271604938271997e-01 7.563271604938271997e-01 6.116351621048082876e+01 7.537297677722457934e+01 1.557078093751281642e+02 1.666855389534793517e+02 1.352095610209589438e+02 1.170845121490903722e+02 2.447568025151449334e+01 1.687043876602058345e+00 1.557078093751281642e+02 1.662326582194432376e+02 1.578747708965977381e+02 1.658814482519402418e+02 1.477375116086301343e+00 1.333487143273757169e+00 1.297438915607981302e+00 9.246575543797767027e-01
7.563271604938271997e-01 7.563271604938271997e-01 7.563271604938271997e-01 7.563271604938271997e-01 7.563271604938271997e-01 7.563271604938271997e-01 1.687043876602058345e+00 1.687043876602058345e+00 3.977849555901900658e+01 1.687043876602058345e+00 1.938862402377423777e+01 1.687043876602058345e+00 1.927770312046157386e+01 1.593848482766635044e+00 1.819399392899718082e+00 1.219657902706993156e+02 1.665848197556454693e+02 1.666145754432377259e+02 1.014617723423580316e+02 1.333487143273757169e+00 1.431338366473970281e+00 9.246575543797767027e-01
7.563271604938271997e-01 7.563271604938271997e-01 7.563271604938271997e-01 7.563271604938271997e-01 7.563271604938271997e-01 7.563271604938271997e-01 7.563271604938271997e-01 1.405159803696035770e+00 1.593848482766635044e+00 1.687043876602058345e+00 1.687043876602058345e+00 1.396955483262673381e+00 1.333487143273757169e+00 1.333487143273757169e+00 1.405159803696035770e+00 8.378546141975307648e+01 1.665848197556454693e+02 1.666145754432377259e+02 9.930795990867586909e+01 1.278120361142396133e+00 1.173069761025371083e+00 9.246575543797767027e-01
7.563271604938271997e-01 7.563271604938271997e-01 7.563271604938271997e-01 7.563271604938271997e-01 7.563271604938271997e-01 7.563271604938271997e-01 9.809957314487123270e-01 9.809957314487123270e-01 7.563271604938271997e-01 1.396955483262673381e+00 1.278120361142396133e+00 9.246575543797767027e-01 9.809957314487123270e-01 1.278120361142396133e+00 1.448284394189816027e+00 5.630875314953348010e+01 1.665802249125970889e+02 1.662326582194432376e+02 1.666145754432377259e+02 1.333487143273757169e+00 1.297438915607981302e+00 9.246575543797767027e-01
7.563271604938271997e-01 7.563271604938271997e-01 7.563271604938271997e-01 7.563271604938271997e-01 7.563271604938271997e-01 7.563271604938271997e-01 7.563271604938271997e-01 7.563271604938271997e-01 1.278120361142396133e+00 9.246575543797767027e-01 9.809957314487123270e-01 1.396955483262673381e+00 1.173069761025371083e+00 1.173069761025371083e+00 1.709975255147622386e+00 9.252505643157064696e+01 1.662326582194432376e+02 1.666855389534793517e+02 1.661203201035906147e+02 1.278120361142396133e+00 1.173069761025371083e+00 9.246575543797767027e-01
7.563271604938271997e-01 7.563271604938271997e-01 7.563271604938271997e-01 7.563271604938271997e-01 7.563271604938271997e-01 7.563271604938271997e-01 7.563271604938271997e-01 7.563271604938271997e-01 7.563271604938271997e-01 1.546601488402492786e+00 9.809957314487123270e-01 1.441901485619116796e+00 1.441901485619116796e+00 1.394860076800541027e+00 4.283696269351256092e+01 1.268625764728178638e+02 1.665802249125970889e+02 1.658814482519402418e+02 9.254919391582963328e+01 1.278120361142396133e+00 9.246575543797767027e-01 7.563271604938271997e-01
7.563271604938271997e-01 7.563271604938271997e-01 7.563271604938271997e-01 7.563271604938271997e-01 7.563271604938271997e-01 9.809957314487123270e-01 9.809957314487123270e-01 9.809957314487123270e-01 2.142369143956200972e+01 4.510519593253968118e+00 3.817988516136803412e+01 3.414734310334638678e+01 1.546601488402492786e+00 1.709975255147622386e+00 6.708998834270948919e+01 1.654229331033899086e+02 1.662295408320312617e+02 1.658814482519402418e+02 1.014617723423580316e+02 1.278120361142396133e+00 9.809957314487123270e-01 9.246575543797767027e-01
7.563271604938271997e-01 7.563271604938271997e-01 9.809957314487123270e-01 9.809957314487123270e-01 3.194960020972146708e+01 6.653995145294763347e+01 8.577897949380196962e+01 6.653995145294763347e+01 1.013669084090451378e+02 1.443520241069347492e+02 1.650094887602845404e+02 1.299516207206086449e+02 1.299516207206086449e+02 1.013669084090451378e+02 1.660781367359932119e+02 1.665848197556454693e+02 1.665848197556454693e+02 1.662295408320312617e+02 9.930795990867586909e+01 1.333487143273757169e+00 9.809957314487123270e-01 9.246575543797767027e-01
7.563271604938271997e-01 7.563271604938271997e-01 6.653995145294763347e+01 1.013669084090451378e+02 1.443520241069347492e+02 1.443520241069347492e+02 1.650094887602845404e+02 1.654229331033899086e+02 1.539739009656342148e+02 1.662378642367306441e+02 1.662295408320312617e+02 1.663193580604288115e+02 1.659995020827531391e+02 1.663193580604288115e+02 1.662295408320312617e+02 1.666145754432377259e+02 1.666855389534793517e+02 1.662295408320312617e+02 9.930795990867586909e+01 3.714829423925278462e+01 1.278120361142396133e+00 9.246575543797767027e-01
7.563271604938271997e-01 4.671971575403154020e+01 1.458062364035809537e+02 1.654229331033899086e+02 1.659995020827531391e+02 1.662378642367306441e+02 1.662295408320312617e+02 1.654229331033899086e+02 1.662326582194432376e+02 1.665802249125970889e+02 1.662326582194432376e+02 1.661203201035906147e+02 1.666145754432377259e+02 1.666855389534793517e+02 1.666855389534793517e+02 1.653336615748709448e+02 1.666855389534793517e+02 1.597207505323493990e+02 1.658814482519402418e+02 6.772271363554408197e+01 1.196645292442568564e+00 9.246575543797767027e-01
7.563271604938271997e-01 8.080501261131927038e+01 1.662326582194432376e+02 1.653336615748709448e+02 1.652708795686811811e+02 1.666855389534793517e+02 1.646829350872040436e+02 1.665802249125970889e+02 1.660781367359932119e+02 1.663763100038982543e+02 1.665802249125970889e+02 1.666145754432377259e+02 1.540571743146797701e+02 1.540571743146797701e+02 1.557078093751281642e+02 1.687043876602058345e+00 1.557078093751281642e+02 1.103030876253132675e+02 1.455203835978836082e+02 3.593523530575943870e+00 1.278120361142396133e+00 9.246575543797767027e-01
1.547729106521664555e+01 6.212879063652395928e+01 1.496892906701939978e+02 1.663763100038982543e+02 1.666145754432377259e+02 1.658814482519402418e+02 1.653336615748709448e+02 1.627017669521024743e+02 1.653336615748709448e+02 1.639928460747163967e+02 1.540571743146797701e+02 1.653336615748709448e+02 1.027652564578672099e+02 3.878687720374117909e+00 1.832741781761381139e+00 1.687043876602058345e+00 1.819399392899718082e+00 6.103287049285125931e+01 1.843475183062624723e+01 1.396955483262673381e+00 1.278120361142396133e+00 9.246575543797767027e-01
3.114071111311895734e+00 4.537299327342180533e+01 7.537297677722457934e+01 1.557078093751281642e+02 1.653336615748709448e+02 1.653336615748709448e+02 1.666855389534793517e+02 1.170845121490903722e+02 1.557078093751281642e+02 1.956392687344679082e+00 1.687043876602058345e+00 1.956392687344679082e+00 1.956392687344679082e+00 1.717794143866484102e+00 1.835447828868607356e+00 1.488330166746833161e+00 1.687043876602058345e+00 1.687043876602058345e+00 1.717794143866484102e+00 1.333487143273757169e+00 9.809957314487123270e-01 9.246575543797767027e-01
7.563271604938271997e-01 1.687043876602058345e+00 1.687043876602058345e+00 1.687043876602058345e+00 1.687043876602058345e+00 1.687043876602058345e+00 1.687043876602058345e+00 1.687043876602058345e+00 1.832741781761381139e+00 1.593848482766635044e+00 1.593848482766635044e+00 1.665947957444457561e+00 1.635438938740562120e+00 1.396955483262673381e+00 1.447207943193033142e+00 1.514792010508462017e+00 1.295167102871019438e+00 1.405159803696035770e+00 1.405159803696035770e+00 1.333487143273757169e+00 9.809957314487123270e-01 9.246575543797767027e-01
1.405159803696035770e+00 1.593848482766635044e+00 1.635438938740562120e+00 1.593848482766635044e+00 1.635438938740562120e+00 9.868196986912462165e+00 1.635438938740562120e+00 1.447207943193033142e+00 1.605779799721876566e+00 1.709975255147622386e+00 1.646166307098127612e+00 1.447207943193033142e+00 1.196645292442568564e+00 1.295167102871019438e+00 1.207789152015342315e+00 1.207789152015342315e+00 1.196645292442568564e+00 1.295167102871019438e+00 1.297300669028409903e+00 1.278120361142396133e+00 9.246575543797767027e-01 9.246575543797767027e-01
9.809957314487123270e-01 9.809957314487123270e-01 7.563271604938271997e-01 1.196645292442568564e+00 9.809957314487123270e-01 9.809957314487123270e-01 9.809957314487123270e-01 9.809957314487123270e-01 1.196645292442568564e+00 1.546601488402492786e+00 1.196645292442568564e+00 9.809957314487123270e-01 7.563271604938271997e-01 9.809957314487123270e-01 7.563271604938271997e-01 9.809957314487123270e-01 9.809957314487123270e-01 7.563271604938271997e-01 7.563271604938271997e-01 9.809957314487123270e-01 9.809957314487123270e-01 9.809957314487123270e-01
7.563271604938271997e-01 7.563271604938271997e-01 7.563271604938271997e-01 7.563271604938271997e-01 7.563271604938271997e-01 7.563271604938271997e-01 7.563271604938271997e-01 9.809957314487123270e-01 7.563271604938271997e-01 9.809957314487123270e-01 7.563271604938271997e-01 9.809957314487123270e-01 7.563271604938271997e-01 7.563271604938271997e-01 7.563271604938271997e-01 7.563271604938271997e-01 7.563271604938271997e-01 7.563271604938271997e-01 7.563271604938271997e-01 7.563271604938271997e-01 7.563271604938271997e-01 7.563271604938271997e-01
