1.051251411748665099e+01 1.051251411748665099e+01 1.051251411748665099e+01 1.051251411748665099e+01 1.051251411748665099e+01 1.051251411748665099e+01 1.051251411748665099e+01 1.051251411748665099e+01 1.808725856700849022e+01 2.733660330410323525e+01 4.626611670281576494e+01 5.821088498948612511e+01 5.560801958488017505e+01 2.935098832648340306e+01 1.906548892319178989e+01 1.051251411748665099e+01 1.051251411748665099e+01 1.051251411748665099e+01 1.051251411748665099e+01 1.051251411748665099e+01 1.051251411748665099e+01 1.051251411748665099e+01
1.051251411748665099e+01 1.051251411748665099e+01 1.051251411748665099e+01 1.051251411748665099e+01 1.051251411748665099e+01 1.051251411748665099e+01 1.051251411748665099e+01 1.051251411748665099e+01 2.234525990375084348e+01 4.670315461909069654e+01 7.114358560107324081e+01 8.054193878593450506e+01 7.303715295658162177e+01 4.446664353507483014e+01 2.521322112677976790e+01 1.051251411748665099e+01 1.051251411748665099e+01 1.051251411748665099e+01 1.051251411748665099e+01 1.051251411748665099e+01 1.051251411748665099e+01 1.051251411748665099e+01
1.051251411748665099e+01 1.051251411748665099e+01 1.051251411748665099e+01 1.051251411748665099e+01 1.051251411748665099e+01 1.051251411748665099e+01 1.051251411748665099e+01 1.051251411748665099e+01 2.533488636311268394e+01 4.944524398532483644e+01 8.380582997038192161e+01 1.004969364288636484e+02 8.480290049394676544e+01 5.563493727363151464e+01 2.521322112677976790e+01 1.051251411748665099e+01 1.051251411748665099e+01 1.051251411748665099e+01 1.051251411748665099e+01 1.051251411748665099e+01 1.051251411748665099e+01 1.051251411748665099e+01
1.051251411748665099e+01 1.051251411748665099e+01 1.051251411748665099e+01 1.051251411748665099e+01 1.051251411748665099e+01 1.051251411748665099e+01 1.051251411748665099e+01 1.745615111683760290e+01 3.346520083799553902e+01 6.061283552388957219e+01 9.098065443204625069e+01 1.040229393877406636e+02 8.137091400200536384e+01 5.097697484139959556e+01 2.690765125659171630e+01 1.051251411748665099e+01 1.051251411748665099e+01 1.051251411748665099e+01 1.051251411748665099e+01 1.051251411748665099e+01 1.051251411748665099e+01 1.051251411748665099e+01
1.051251411748665099e+01 1.051251411748665099e+01 1.051251411748665099e+01 1.051251411748665099e+01 1.051251411748665099e+01 1.051251411748665099e+01 1.051251411748665099e+01 2.204192074890253394e+01 3.785191008777426447e+01 6.980948091781502285e+01 1.005785173513789488e+02 9.590691651046786603e+01 7.649356468368729622e+01 4.437105395090923565e+01 2.265888902225694324e+01 1.051251411748665099e+01 1.051251411748665099e+01 1.051251411748665099e+01 1.051251411748665099e+01 1.051251411748665099e+01 1.051251411748665099e+01 1.051251411748665099e+01
1.051251411748665099e+01 1.051251411748665099e+01 1.051251411748665099e+01 1.051251411748665099e+01 1.051251411748665099e+01 1.051251411748665099e+01 1.051251411748665099e+01 2.234525990375084348e+01 4.793588098912375273e+01 7.790386979332021156e+01 1.028228159586397084e+02 9.312102142027202945e+01 6.683493845984837378e+01 3.334662995605850000e+01 1.985808619830547173e+01 1.051251411748665099e+01 1.051251411748665099e+01 1.051251411748665099e+01 1.051251411748665099e+01 1.051251411748665099e+01 1.051251411748665099e+01 1.051251411748665099e+01
1.051251411748665099e+01 1.051251411748665099e+01 1.051251411748665099e+01 1.051251411748665099e+01 1.051251411748665099e+01 1.051251411748665099e+01 1.745615111683760290e+01 2.964090235024836417e+01 6.076263038747750755e+01 9.655382975796892708e+01 1.040229393877406636e+02 9.307014381107003942e+01 6.616659472262693953e+01 3.375626554058978002e+01 1.906548892319178989e+01 1.051251411748665099e+01 1.051251411748665099e+01 1.051251411748665099e+01 1.051251411748665099e+01 1.051251411748665099e+01 1.051251411748665099e+01 1.051251411748665099e+01
1.051251411748665099e+01 1.051251411748665099e+01 1.051251411748665099e+01 1.051251411748665099e+01 1.051251411748665099e+01 1.051251411748665099e+01 1.991310736778258672e+01 3.592354097194406393e+01 6.980948091781502285e+01 9.889320879486335514e+01 1.159791137053915264e+02 1.022215173366967349e+02 7.324171881884836921e+01 4.128821503151289107e+01 2.423729898187377785e+01 1.051251411748665099e+01 1.051251411748665099e+01 1.051251411748665099e+01 1.051251411748665099e+01 1.051251411748665099e+01 1.051251411748665099e+01 1.051251411748665099e+01
1.051251411748665099e+01 1.051251411748665099e+01 1.051251411748665099e+01 1.051251411748665099e+01 1.051251411748665099e+01 1.051251411748665099e+01 2.234525990375084348e+01 4.793588098912375273e+01 8.380582997038192161e+01 1.126535843073046976e+02 1.340814685888377653e+02 1.119107333594147917e+02 8.467499928512181384e+01 6.659787043424640274e+01 4.142679520490807477e+01 2.423729898187377785e+01 1.051251411748665099e+01 1.051251411748665099e+01 1.051251411748665099e+01 1.051251411748665099e+01 1.051251411748665099e+01 1.051251411748665099e+01
1.051251411748665099e+01 1.051251411748665099e+01 1.051251411748665099e+01 1.051251411748665099e+01 1.051251411748665099e+01 1.051251411748665099e+01 2.669306894195586466e+01 6.076263038747750755e+01 9.889320879486335514e+01 1.209010301798637101e+02 1.355526485201838796e+02 1.317394912107045570e+02 1.101107541278961151e+02 8.467499928512181384e+01 5.936752361456566973e+01 3.957638272137710089e+01 1.906548892319178989e+01 1.051251411748665099e+01 1.051251411748665099e+01 1.051251411748665099e+01 1.051251411748665099e+01 1.051251411748665099e+01
1.051251411748665099e+01 1.051251411748665099e+01 1.051251411748665099e+01 1.051251411748665099e+01 1.051251411748665099e+01 1.745615111683760290e+01 3.346520083799553902e+01 6.061283552388957219e+01 9.889320879486335514e+01 1.219555005975601034e+02 1.262068206012274203e+02 1.272384443420621665e+02 1.119837381509712202e+02 1.101107541278961151e+02 8.467499928512181384e+01 4.628944932260192502e+01 2.521322112677976790e+01 1.051251411748665099e+01 1.051251411748665099e+01 1.051251411748665099e+01 1.051251411748665099e+01 1.051251411748665099e+01
1.051251411748665099e+01 1.051251411748665099e+01 1.051251411748665099e+01 1.051251411748665099e+01 1.051251411748665099e+01 2.204192074890253394e+01 3.621845238151016133e+01 6.980948091781502285e+01 1.005785173513789488e+02 1.101816711259983919e+02 1.112646968057098888e+02 1.008103163898088326e+02 1.074505028081019162e+02 1.119837381509712202e+02 9.152611139522825567e+01 6.032705468510187075e+01 2.521322112677976790e+01 1.051251411748665099e+01 1.051251411748665099e+01 1.051251411748665099e+01 1.051251411748665099e+01 1.051251411748665099e+01
1.051251411748665099e+01 1.051251411748665099e+01 1.051251411748665099e+01 1.051251411748665099e+01 1.051251411748665099e+01 2.234525990375084348e+01 4.793588098912375273e+01 7.790386979332021156e+01 1.040229393877406636e+02 9.334100825966541493e+01 7.984312988441578796e+01 9.105918778449346007e+01 9.992815782085959597e+01 1.088042606009485951e+02 9.152611139522825567e+01 6.032705468510187075e+01 2.521322112677976790e+01 1.051251411748665099e+01 1.051251411748665099e+01 1.051251411748665099e+01 1.051251411748665099e+01 1.051251411748665099e+01
1.051251411748665099e+01 1.051251411748665099e+01 1.051251411748665099e+01 1.051251411748665099e+01 1.051251411748665099e+01 2.669306894195586466e+01 5.431123113993275098e+01 8.503175448552464388e+01 9.712258285992129458e+01 8.082945681250760117e+01 7.361973835598747939e+01 6.914307303127056059e+01 9.992815782085959597e+01 1.088042606009485951e+02 9.152611139522825567e+01 5.889337366098781246e+01 2.782745922775130509e+01 1.051251411748665099e+01 1.051251411748665099e+01 1.051251411748665099e+01 1.051251411748665099e+01 1.051251411748665099e+01
1.051251411748665099e+01 1.051251411748665099e+01 1.051251411748665099e+01 1.051251411748665099e+01 1.051251411748665099e+01 3.061792750819590125e+01 6.178430909246556979e+01 8.943794164532629054e+01 9.921679365827903041e+01 7.269321644345205868e+01 6.174143867132873709e+01 6.852837158193207756e+01 9.098065443204625069e+01 1.088042606009485951e+02 9.152611139522825567e+01 5.889337366098781246e+01 2.690765125659171630e+01 1.051251411748665099e+01 1.051251411748665099e+01 1.051251411748665099e+01 1.051251411748665099e+01 1.051251411748665099e+01
1.051251411748665099e+01 1.051251411748665099e+01 1.051251411748665099e+01 1.051251411748665099e+01 1.051251411748665099e+01 2.435920895946700071e+01 6.146258126951845924e+01 8.503175448552464388e+01 9.921679365827903041e+01 7.081821036787457047e+01 6.018261120800902120e+01 7.350414531752647918e+01 9.889320879486335514e+01 1.040229393877406636e+02 8.480290049394676544e+01 5.097697484139959556e+01 2.501380604808408847e+01 1.051251411748665099e+01 1.051251411748665099e+01 1.051251411748665099e+01 1.051251411748665099e+01 1.051251411748665099e+01
1.051251411748665099e+01 1.051251411748665099e+01 1.051251411748665099e+01 1.051251411748665099e+01 1.051251411748665099e+01 2.440327033244665955e+01 4.735107366498647963e+01 8.203267464890822680e+01 9.745095961194766687e+01 9.118238354928705292e+01 8.686998516069078846e+01 8.977148482000016827e+01 1.028228159586397084e+02 1.027037850100975476e+02 7.649356468368729622e+01 4.437105395090923565e+01 2.265888902225694324e+01 1.051251411748665099e+01 1.051251411748665099e+01 1.051251411748665099e+01 1.051251411748665099e+01 1.051251411748665099e+01
1.051251411748665099e+01 1.051251411748665099e+01 1.051251411748665099e+01 1.051251411748665099e+01 1.051251411748665099e+01 2.115673337070694515e+01 4.363721486251355941e+01 6.838791021356854571e+01 9.344078755717345075e+01 9.745095961194766687e+01 1.119837381509712202e+02 1.028228159586397084e+02 1.040229393877406636e+02 8.788248763071776182e+01 6.443409132973967246e+01 3.057274840746227440e+01 1.985808619830547173e+01 1.051251411748665099e+01 1.051251411748665099e+01 1.051251411748665099e+01 1.051251411748665099e+01 1.051251411748665099e+01
1.051251411748665099e+01 1.051251411748665099e+01 1.051251411748665099e+01 1.051251411748665099e+01 1.051251411748665099e+01 2.115673337070694515e+01 3.218847632818508231e+01 5.961319197637604361e+01 8.071193698427848062e+01 9.606407020538088659e+01 1.049039880288428037e+02 1.052333821813460304e+02 9.583069483576340986e+01 7.229001247537168240e+01 4.517490336729686362e+01 2.554709563449646481e+01 1.051251411748665099e+01 1.051251411748665099e+01 1.051251411748665099e+01 1.051251411748665099e+01 1.051251411748665099e+01 1.051251411748665099e+01
1.051251411748665099e+01 1.051251411748665099e+01 1.051251411748665099e+01 1.051251411748665099e+01 1.051251411748665099e+01 1.051251411748665099e+01 2.115673337070694515e+01 3.766159943656627007e+01 4.777802127879250804e+01 7.706757663340836473e+01 8.891750993061160102e+01 8.474905925470936552e+01 6.802219923331432483e+01 5.082409935864987460e+01 3.185174047389404706e+01 1.985808619830547173e+01 1.051251411748665099e+01 1.051251411748665099e+01 1.051251411748665099e+01 1.051251411748665099e+01 1.051251411748665099e+01 1.051251411748665099e+01
1.051251411748665099e+01 1.051251411748665099e+01 1.051251411748665099e+01 1.051251411748665099e+01 1.051251411748665099e+01 1.051251411748665099e+01 1.051251411748665099e+01 2.115673337070694515e+01 3.333209788241450866e+01 4.726934305659359126e+01 5.297175540365222446e+01 5.530747119206352380e+01 4.352539073803197311e+01 3.022485694734229611e+01 2.131223752851666120e+01 1.051251411748665099e+01 1.051251411748665099e+01 1.051251411748665099e+01 1.051251411748665099e+01 1.051251411748665099e+01 1.051251411748665099e+01 1.051251411748665099e+01
1.051251411748665099e+01 1.051251411748665099e+01 1.051251411748665099e+01 1.051251411748665099e+01 1.051251411748665099e+01 1.051251411748665099e+01 1.051251411748665099e+01 1.051251411748665099e+01 2.021653688714377139e+01 2.579756240116949328e+01 2.863306196066779208e+01 2.702634116493158345e+01 2.131223752851666120e+01 2.059707135203418460e+01 1.051251411748665099e+01 1.051251411748665099e+01 1.051251411748665099e+01 1.051251411748665099e+01 1.051251411748665099e+01 1.051251411748665099e+01 1.051251411748665099e+01 1.051251411748665099e+01
