4.206342992077785503e+00 4.206342992077785503e+00 3.161053132044286507e+00 2.399060279800578233e+00 7.563271604938271997e-01 7.563271604938271997e-01 7.563271604938271997e-01 7.563271604938271997e-01 1.835447828868607356e+00 1.819399392899718082e+00 1.997328622435447842e+00 1.546601488402492786e+00 9.246575543797767027e-01 7.563271604938271997e-01 7.563271604938271997e-01 1.728023305383751707e+00 1.605779799721876566e+00 1.715544144554230543e+00 9.246575543797767027e-01 7.563271604938271997e-01 7.563271604938271997e-01 7.563271604938271997e-01
4.206342992077785503e+00 4.206342992077785503e+00 3.161053132044286507e+00 2.399060279800578233e+00 7.563271604938271997e-01 9.809957314487123270e-01 7.563271604938271997e-01 1.678110552146205858e+00 1.639913881767250503e+00 1.682625380166022033e+00 1.546601488402492786e+00 9.246575543797767027e-01 7.563271604938271997e-01 7.563271604938271997e-01 1.546601488402492786e+00 1.447207943193033142e+00 1.449996672695011313e+00 1.431338366473970281e+00 1.173069761025371083e+00 7.563271604938271997e-01 7.563271604938271997e-01 7.563271604938271997e-01
3.161053132044286507e+00 3.161053132044286507e+00 2.287591746303710316e+00 2.055462447120667946e+00 7.563271604938271997e-01 7.563271604938271997e-01 9.809957314487123270e-01 1.372165173707753594e+00 1.509463392156568995e+00 1.405159803696035770e+00 9.246575543797767027e-01 9.809957314487123270e-01 9.809957314487123270e-01 9.809957314487123270e-01 9.809957314487123270e-01 9.809957314487123270e-01 1.333487143273757169e+00 1.173069761025371083e+00 1.405159803696035770e+00 7.563271604938271997e-01 7.563271604938271997e-01 7.563271604938271997e-01
2.222367324845778924e+00 2.222367324845778924e+00 1.959148127084417546e+00 9.246575543797767027e-01 7.563271604938271997e-01 9.809957314487123270e-01 7.563271604938271997e-01 1.402525222055918119e+00 1.394860076800541027e+00 1.394860076800541027e+00 1.898740411604672573e+01 1.546601488402492786e+00 2.287591746303710316e+00 9.809957314487123270e-01 2.142369143956200972e+01 1.546601488402492786e+00 9.809957314487123270e-01 1.333487143273757169e+00 1.394860076800541027e+00 9.246575543797767027e-01 7.563271604938271997e-01 7.563271604938271997e-01
7.563271604938271997e-01 7.563271604938271997e-01 7.563271604938271997e-01 7.563271604938271997e-01 7.563271604938271997e-01 9.809957314487123270e-01 9.809957314487123270e-01 1.509463392156568995e+00 1.709975255147622386e+00 3.747418962025478972e+00 1.956392687344679082e+00 1.956392687344679082e+00 1.956392687344679082e+00 1.729188700459163641e+01 2.388686108892002125e+01 3.470258470773283221e+01 2.440406191776899902e+01 1.488831689590789598e+00 9.809957314487123270e-01 9.246575543797767027e-01 7.563271604938271997e-01 7.563271604938271997e-01
7.563271604938271997e-01 7.563271604938271997e-01 7.563271604938271997e-01 7.563271604938271997e-01 1.956392687344679082e+00 4.318522400072498435e+00 2.287591746303710316e+00 4.265465194705802432e+00 1.956392687344679082e+00 1.687043876602058345e+00 2.030136870622944123e+00 1.832741781761381139e+00 1.832741781761381139e+00 1.819399392899718082e+00 6.906752302438844993e+01 1.233197696687370666e+02 3.714829423925278462e+01 1.460679930128857551e+00 1.333487143273757169e+00 9.809957314487123270e-01 7.563271604938271997e-01 7.563271604938271997e-01
7.563271604938271997e-01 7.563271604938271997e-01 7.563271604938271997e-01 7.563271604938271997e-01 1.405159803696035770e+00 1.687043876602058345e+00 4.360521635145005348e+00 1.687043876602058345e+00 1.660272833157842021e+00 1.819399392899718082e+00 1.447207943193033142e+00 1.555789022702824154e+00 1.682625380166022033e+00 1.709975255147622386e+00 5.889885634460811303e+01 1.087991969948018038e+02 3.543222223856761843e+01 1.333487143273757169e+00 1.709975255147622386e+00 1.431338366473970281e+00 7.563271604938271997e-01 7.563271604938271997e-01
7.563271604938271997e-01 7.563271604938271997e-01 7.563271604938271997e-01 7.563271604938271997e-01 2.222367324845778924e+00 1.635438938740562120e+00 3.551314208462960753e+00 1.687043876602058345e+00 1.660272833157842021e+00 1.333487143273757169e+00 1.394860076800541027e+00 1.372165173707753594e+00 1.514792010508462017e+00 1.488330166746833161e+00 5.889885634460811303e+01 1.142211631794131677e+02 1.350537913812131876e+02 3.543222223856761843e+01 1.449996672695011313e+00 1.173069761025371083e+00 9.246575543797767027e-01 7.563271604938271997e-01
7.563271604938271997e-01 7.563271604938271997e-01 7.563271604938271997e-01 7.563271604938271997e-01 7.563271604938271997e-01 1.546601488402492786e+00 1.835447828868607356e+00 1.593848482766635044e+00 1.604981028584429703e+00 1.477375116086301343e+00 1.405159803696035770e+00 9.809957314487123270e-01 1.407521515255036659e+00 1.604172947171978114e+00 5.889885634460811303e+01 9.417552095819414149e+01 6.369962134987754609e+01 4.942689667891932714e+01 9.868196986912462165e+00 1.431338366473970281e+00 9.246575543797767027e-01 7.563271604938271997e-01
7.563271604938271997e-01 7.563271604938271997e-01 7.563271604938271997e-01 7.563271604938271997e-01 7.563271604938271997e-01 7.563271604938271997e-01 1.956392687344679082e+00 1.546601488402492786e+00 1.717794143866484102e+00 1.546601488402492786e+00 1.394860076800541027e+00 1.173069761025371083e+00 1.239707957668229055e+00 1.715544144554230543e+00 5.889885634460811303e+01 9.765531050311840033e+01 3.543222223856761843e+01 1.665947957444457561e+00 1.333487143273757169e+00 1.394860076800541027e+00 7.563271604938271997e-01 7.563271604938271997e-01
7.563271604938271997e-01 7.563271604938271997e-01 7.563271604938271997e-01 7.563271604938271997e-01 7.563271604938271997e-01 7.563271604938271997e-01 1.835447828868607356e+00 1.728023305383751707e+00 1.477375116086301343e+00 1.431338366473970281e+00 1.297438915607981302e+00 1.514792010508462017e+00 1.682625380166022033e+00 4.283696269351256092e+01 1.585620494268077323e+02 5.827039785102990521e+01 3.593523530575943870e+00 1.858739182545980917e+00 1.333487143273757169e+00 1.431338366473970281e+00 7.563271604938271997e-01 7.563271604938271997e-01
7.563271604938271997e-01 7.563271604938271997e-01 7.563271604938271997e-01 7.563271604938271997e-01 7.563271604938271997e-01 1.207789152015342315e+00 1.604981028584429703e+00 1.546601488402492786e+00 1.555789022702824154e+00 1.488831689590789598e+00 1.717794143866484102e+00 1.372165173707753594e+00 4.873687137716461848e+01 9.262823200550174363e+01 9.676542025931367164e+01 2.534098876463323879e+00 1.687043876602058345e+00 1.717794143866484102e+00 1.687043876602058345e+00 1.173069761025371083e+00 7.563271604938271997e-01 7.563271604938271997e-01
7.563271604938271997e-01 7.563271604938271997e-01 7.563271604938271997e-01 7.563271604938271997e-01 7.563271604938271997e-01 9.809957314487123270e-01 1.333487143273757169e+00 1.394860076800541027e+00 1.354621370247917511e+00 1.509463392156568995e+00 1.709975255147622386e+00 1.715544144554230543e+00 5.889885634460811303e+01 9.765531050311840033e+01 3.543222223856761843e+01 1.832741781761381139e+00 1.593848482766635044e+00 1.819399392899718082e+00 1.460679930128857551e+00 1.405159803696035770e+00 9.246575543797767027e-01 7.563271604938271997e-01
7.563271604938271997e-01 7.563271604938271997e-01 7.563271604938271997e-01 9.246575543797767027e-01 7.563271604938271997e-01 9.809957314487123270e-01 9.809957314487123270e-01 1.333487143273757169e+00 1.509463392156568995e+00 1.514792010508462017e+00 1.709975255147622386e+00 1.709975255147622386e+00 1.352095610209589438e+02 4.371622454395516399e+01 1.447207943193033142e+00 1.555789022702824154e+00 1.546601488402492786e+00 1.447207943193033142e+00 1.546601488402492786e+00 1.709975255147622386e+00 9.809957314487123270e-01 7.563271604938271997e-01
7.563271604938271997e-01 7.563271604938271997e-01 9.246575543797767027e-01 9.809957314487123270e-01 9.809957314487123270e-01 7.563271604938271997e-01 7.563271604938271997e-01 1.207789152015342315e+00 1.297438915607981302e+00 1.372165173707753594e+00 4.283696269351256092e+01 1.585620494268077323e+02 1.042307544626359430e+02 1.533682700840913959e+01 1.333487143273757169e+00 1.448284394189816027e+00 1.546601488402492786e+00 1.333487143273757169e+00 1.372165173707753594e+00 1.297438915607981302e+00 9.246575543797767027e-01 7.563271604938271997e-01
7.563271604938271997e-01 7.563271604938271997e-01 7.563271604938271997e-01 7.563271604938271997e-01 7.563271604938271997e-01 7.563271604938271997e-01 7.563271604938271997e-01 7.563271604938271997e-01 1.509463392156568995e+00 4.283696269351256092e+01 9.262823200550174363e+01 6.290914066739252775e+01 2.142935653568970977e+01 1.665947957444457561e+00 1.333487143273757169e+00 1.394860076800541027e+00 9.809957314487123270e-01 1.207789152015342315e+00 1.207789152015342315e+00 9.809957314487123270e-01 7.563271604938271997e-01 7.563271604938271997e-01
7.563271604938271997e-01 7.563271604938271997e-01 7.563271604938271997e-01 7.563271604938271997e-01 7.563271604938271997e-01 7.563271604938271997e-01 7.563271604938271997e-01 2.142369143956200972e+01 4.283696269351256092e+01 1.134345976759660033e+02 9.676542025931367164e+01 2.142935653568970977e+01 1.447207943193033142e+00 1.333487143273757169e+00 1.295167102871019438e+00 9.809957314487123270e-01 9.809957314487123270e-01 9.809957314487123270e-01 1.239707957668229055e+00 9.809957314487123270e-01 7.563271604938271997e-01 7.563271604938271997e-01
7.563271604938271997e-01 7.563271604938271997e-01 7.563271604938271997e-01 7.563271604938271997e-01 9.246575543797767027e-01 7.563271604938271997e-01 7.563271604938271997e-01 4.671971575403154020e+01 1.047529024779248630e+02 1.340896254057221029e+02 4.371622454395516399e+01 1.447207943193033142e+00 1.449996672695011313e+00 1.207789152015342315e+00 9.246575543797767027e-01 7.563271604938271997e-01 7.563271604938271997e-01 7.563271604938271997e-01 9.246575543797767027e-01 9.246575543797767027e-01 7.563271604938271997e-01 7.563271604938271997e-01
7.563271604938271997e-01 7.563271604938271997e-01 1.173069761025371083e+00 1.239707957668229055e+00 9.246575543797767027e-01 2.151350733298675877e+00 4.873687137716461848e+01 1.047529024779248630e+02 9.676542025931367164e+01 1.938862402377423777e+01 1.956392687344679082e+00 1.333487143273757169e+00 1.394860076800541027e+00 9.809957314487123270e-01 7.563271604938271997e-01 7.563271604938271997e-01 7.563271604938271997e-01 7.563271604938271997e-01 7.563271604938271997e-01 7.563271604938271997e-01 7.563271604938271997e-01 7.563271604938271997e-01
1.447207943193033142e+00 1.333487143273757169e+00 1.354621370247917511e+00 1.297438915607981302e+00 1.239707957668229055e+00 4.159759690990593839e+01 1.047529024779248630e+02 1.340896254057221029e+02 4.371622454395516399e+01 1.832741781761381139e+00 1.819399392899718082e+00 1.333487143273757169e+00 9.809957314487123270e-01 7.563271604938271997e-01 7.563271604938271997e-01 7.563271604938271997e-01 7.563271604938271997e-01 7.563271604938271997e-01 7.563271604938271997e-01 7.563271604938271997e-01 7.563271604938271997e-01 7.563271604938271997e-01
1.207789152015342315e+00 1.207789152015342315e+00 1.333487143273757169e+00 1.405159803696035770e+00 7.563271604938271997e-01 5.889885634460811303e+01 9.676542025931367164e+01 6.089295889064457157e+01 3.935461622938892390e+01 1.447207943193033142e+00 1.593848482766635044e+00 1.431338366473970281e+00 9.246575543797767027e-01 7.563271604938271997e-01 7.563271604938271997e-01 7.563271604938271997e-01 7.563271604938271997e-01 7.563271604938271997e-01 7.563271604938271997e-01 7.563271604938271997e-01 7.563271604938271997e-01 7.563271604938271997e-01
9.809957314487123270e-01 9.809957314487123270e-01 9.809957314487123270e-01 1.448284394189816027e+00 1.003330764767527938e+01 6.005902460317459202e+01 4.371622454395516399e+01 1.956392687344679082e+00 1.956392687344679082e+00 9.868196986912462165e+00 1.604172947171978114e+00 9.246575543797767027e-01 7.563271604938271997e-01 7.563271604938271997e-01 7.563271604938271997e-01 7.563271604938271997e-01 9.809957314487123270e-01 7.563271604938271997e-01 7.563271604938271997e-01 7.563271604938271997e-01 7.563271604938271997e-01 7.563271604938271997e-01
