1.077494941915239401e+01 1.077494941915239401e+01 1.077494941915239401e+01 1.077494941915239401e+01 1.077494941915239401e+01 1.077494941915239401e+01 1.077494941915239401e+01 1.077494941915239401e+01 1.077494941915239401e+01 1.077494941915239401e+01 1.077494941915239401e+01 1.077494941915239401e+01 1.077494941915239401e+01 1.077494941915239401e+01 1.077494941915239401e+01 1.077494941915239401e+01 1.077494941915239401e+01 1.077494941915239401e+01 1.077494941915239401e+01 1.077494941915239401e+01 1.077494941915239401e+01 1.077494941915239401e+01
1.077494941915239401e+01 1.077494941915239401e+01 1.077494941915239401e+01 1.077494941915239401e+01 1.077494941915239401e+01 1.077494941915239401e+01 1.077494941915239401e+01 1.077494941915239401e+01 1.077494941915239401e+01 1.647612302162817954e+01 1.647612302162817954e+01 1.647612302162817954e+01 1.647612302162817954e+01 1.647612302162817954e+01 1.647612302162817954e+01 1.647612302162817954e+01 1.647612302162817954e+01 1.647612302162817954e+01 1.077494941915239401e+01 1.077494941915239401e+01 1.077494941915239401e+01 1.077494941915239401e+01
1.077494941915239401e+01 1.077494941915239401e+01 1.077494941915239401e+01 1.077494941915239401e+01 1.077494941915239401e+01 1.647612302162817954e+01 2.030319941046169063e+01 2.480478181883121991e+01 2.480478181883121991e+01 2.480478181883121991e+01 2.480478181883121991e+01 2.480478181883121991e+01 2.480478181883121991e+01 2.480478181883121991e+01 2.480478181883121991e+01 2.480478181883121991e+01 2.480478181883121991e+01 2.480478181883121991e+01 2.480478181883121991e+01 2.480478181883121991e+01 1.665967201206148474e+01 1.077494941915239401e+01
1.077494941915239401e+01 1.077494941915239401e+01 1.077494941915239401e+01 1.647612302162817954e+01 2.030319941046169063e+01 2.583231071241663201e+01 3.639744619475175114e+01 5.177428879110920690e+01 5.177428879110920690e+01 5.177428879110920690e+01 5.177428879110920690e+01 5.177428879110920690e+01 5.177428879110920690e+01 5.177428879110920690e+01 5.485130879355803302e+01 5.485130879355803302e+01 5.485130879355803302e+01 5.177428879110920690e+01 5.485130879355803302e+01 4.244088494513212595e+01 2.787129211445240173e+01 1.665967201206148474e+01
1.077494941915239401e+01 1.077494941915239401e+01 1.077494941915239401e+01 2.236252373296595408e+01 3.201528742034219732e+01 5.272149014198081574e+01 6.928031950261026850e+01 8.405624414644593401e+01 8.495249512773409606e+01 8.495249512773409606e+01 8.495249512773409606e+01 8.495249512773409606e+01 8.495249512773409606e+01 8.495249512773409606e+01 8.495249512773409606e+01 7.857356563291813245e+01 8.495249512773409606e+01 8.495249512773409606e+01 8.467499928512181384e+01 6.524542418453975756e+01 3.975441349932542323e+01 1.975711444369411041e+01
1.077494941915239401e+01 1.077494941915239401e+01 1.077494941915239401e+01 2.236252373296595408e+01 4.631201787600229380e+01 6.280681974623880137e+01 8.977148482000016827e+01 1.038493214672111407e+02 1.020412337891359300e+02 9.525298046874408442e+01 9.525298046874408442e+01 8.629186049575979212e+01 8.905032758124245618e+01 7.518839806447329011e+01 6.672608175155826871e+01 9.110548367566907757e+01 1.038493214672111407e+02 1.096589127768731373e+02 9.434889964967004516e+01 8.467499928512181384e+01 5.119003149689577725e+01 2.404206348565354290e+01
1.077494941915239401e+01 1.077494941915239401e+01 1.077494941915239401e+01 2.436932733918592930e+01 4.814313686563958328e+01 6.672608175155826871e+01 8.905032758124245618e+01 8.629186049575979212e+01 8.629186049575979212e+01 7.518839806447329011e+01 6.805701681367797562e+01 6.805701681367797562e+01 5.378090217065236800e+01 5.378090217065236800e+01 5.378090217065236800e+01 6.672608175155826871e+01 8.844806095342228502e+01 1.081242451775763840e+02 1.135090164635792860e+02 8.134658936811453600e+01 5.314043535137182772e+01 2.901969148627785700e+01
1.077494941915239401e+01 1.077494941915239401e+01 1.077494941915239401e+01 2.436932733918592930e+01 3.860866767180628756e+01 3.461360102871131517e+01 5.378090217065236800e+01 5.378090217065236800e+01 5.078507798258104344e+01 4.110631595869350008e+01 3.061094545194017158e+01 3.061094545194017158e+01 3.061094545194017158e+01 2.468110849245117322e+01 3.622550916134373722e+01 4.814313686563958328e+01 8.123982030814583766e+01 1.081242451775763840e+02 1.075291767650050332e+02 8.134658936811453600e+01 4.323998736967988066e+01 2.196882726471068636e+01
1.077494941915239401e+01 1.077494941915239401e+01 1.077494941915239401e+01 1.998262005443538314e+01 2.468110849245117322e+01 2.468110849245117322e+01 2.554225807220190347e+01 2.554225807220190347e+01 2.059467260839531733e+01 1.578192826130200821e+01 1.578192826130200821e+01 1.578192826130200821e+01 1.603223559861159941e+01 2.177404871383432905e+01 3.475507716969386252e+01 6.280681974623880137e+01 9.000947273749751787e+01 1.020412337891359300e+02 8.715081913735026831e+01 6.235733420292871898e+01 3.360887077606189166e+01 1.839152414168383132e+01
1.077494941915239401e+01 1.077494941915239401e+01 1.077494941915239401e+01 1.077494941915239401e+01 1.077494941915239401e+01 1.578192826130200821e+01 1.578192826130200821e+01 1.077494941915239401e+01 1.077494941915239401e+01 1.077494941915239401e+01 1.077494941915239401e+01 1.529932666898567284e+01 1.647612302162817954e+01 3.147382399078936999e+01 5.272149014198081574e+01 7.122392979906078381e+01 9.744039262810701985e+01 8.981096576561932920e+01 6.777249888936229638e+01 4.526202741768808124e+01 2.196882726471068636e+01 1.077494941915239401e+01
1.077494941915239401e+01 1.077494941915239401e+01 1.077494941915239401e+01 1.077494941915239401e+01 1.077494941915239401e+01 1.077494941915239401e+01 1.077494941915239401e+01 1.077494941915239401e+01 1.077494941915239401e+01 1.077494941915239401e+01 1.647612302162817954e+01 2.030319941046169063e+01 3.201528742034219732e+01 5.272149014198081574e+01 7.122392979906078381e+01 9.744039262810701985e+01 8.715081913735026831e+01 6.777249888936229638e+01 4.526202741768808124e+01 2.371596567296936087e+01 1.839152414168383132e+01 1.077494941915239401e+01
1.077494941915239401e+01 1.077494941915239401e+01 1.077494941915239401e+01 1.077494941915239401e+01 1.077494941915239401e+01 1.077494941915239401e+01 1.077494941915239401e+01 1.077494941915239401e+01 1.077494941915239401e+01 1.647612302162817954e+01 2.236252373296595408e+01 3.201528742034219732e+01 5.272149014198081574e+01 8.405624414644593401e+01 1.001597433036132827e+02 8.866141319820485478e+01 6.887920551591564333e+01 4.526202741768808124e+01 2.476057882029489221e+01 2.059467260839531733e+01 1.077494941915239401e+01 1.077494941915239401e+01
1.077494941915239401e+01 1.077494941915239401e+01 1.077494941915239401e+01 1.077494941915239401e+01 1.077494941915239401e+01 1.077494941915239401e+01 1.077494941915239401e+01 1.077494941915239401e+01 1.077494941915239401e+01 2.236252373296595408e+01 3.201528742034219732e+01 5.924630572569486020e+01 8.405624414644593401e+01 1.001597433036132827e+02 1.046971025533632087e+02 7.718937773911142131e+01 5.632245934017656452e+01 2.498012452505738068e+01 2.059467260839531733e+01 1.077494941915239401e+01 1.077494941915239401e+01 1.077494941915239401e+01
1.077494941915239401e+01 1.077494941915239401e+01 1.077494941915239401e+01 1.077494941915239401e+01 1.077494941915239401e+01 1.077494941915239401e+01 1.077494941915239401e+01 1.529932666898567284e+01 2.050493429340830076e+01 3.201528742034219732e+01 5.559198386433747885e+01 8.405624414644593401e+01 1.001597433036132827e+02 1.009394645919377638e+02 8.672386409757240244e+01 5.632245934017656452e+01 3.674652217300830870e+01 2.059467260839531733e+01 1.077494941915239401e+01 1.077494941915239401e+01 1.077494941915239401e+01 1.077494941915239401e+01
1.077494941915239401e+01 1.077494941915239401e+01 1.077494941915239401e+01 1.077494941915239401e+01 1.077494941915239401e+01 1.077494941915239401e+01 1.077494941915239401e+01 2.050493429340830076e+01 3.147382399078936999e+01 5.272149014198081574e+01 8.405624414644593401e+01 1.001597433036132827e+02 1.009394645919377638e+02 8.672386409757240244e+01 5.632245934017656452e+01 4.006359711208418872e+01 2.196882726471068636e+01 1.077494941915239401e+01 1.077494941915239401e+01 1.077494941915239401e+01 1.077494941915239401e+01 1.077494941915239401e+01
1.077494941915239401e+01 1.077494941915239401e+01 1.077494941915239401e+01 1.077494941915239401e+01 1.077494941915239401e+01 1.077494941915239401e+01 1.647612302162817954e+01 3.147382399078936999e+01 5.272149014198081574e+01 7.122392979906078381e+01 1.001597433036132827e+02 9.449548685117693481e+01 7.518839806447329011e+01 4.915395137884345900e+01 3.674652217300830870e+01 2.196882726471068636e+01 1.077494941915239401e+01 1.077494941915239401e+01 1.077494941915239401e+01 1.077494941915239401e+01 1.077494941915239401e+01 1.077494941915239401e+01
1.077494941915239401e+01 1.077494941915239401e+01 1.077494941915239401e+01 1.077494941915239401e+01 1.647612302162817954e+01 2.030319941046169063e+01 3.147382399078936999e+01 5.272149014198081574e+01 7.122392979906078381e+01 9.744039262810701985e+01 9.449548685117693481e+01 7.518839806447329011e+01 4.915395137884345900e+01 3.022568909714552987e+01 2.059467260839531733e+01 1.077494941915239401e+01 1.077494941915239401e+01 1.077494941915239401e+01 1.077494941915239401e+01 1.077494941915239401e+01 1.077494941915239401e+01 1.077494941915239401e+01
1.077494941915239401e+01 1.077494941915239401e+01 1.077494941915239401e+01 1.647612302162817954e+01 2.209684472610525319e+01 3.201528742034219732e+01 5.924630572569486020e+01 8.405624414644593401e+01 9.744039262810701985e+01 9.449548685117693481e+01 7.518839806447329011e+01 5.632245934017656452e+01 3.674652217300830870e+01 2.059467260839531733e+01 1.077494941915239401e+01 1.077494941915239401e+01 1.077494941915239401e+01 1.077494941915239401e+01 1.077494941915239401e+01 1.077494941915239401e+01 1.077494941915239401e+01 1.077494941915239401e+01
1.077494941915239401e+01 1.077494941915239401e+01 1.647612302162817954e+01 2.209684472610525319e+01 3.843151923946223292e+01 5.924630572569486020e+01 8.405624414644593401e+01 1.001597433036132827e+02 9.449548685117693481e+01 7.518839806447329011e+01 5.632245934017656452e+01 3.674652217300830870e+01 2.059467260839531733e+01 1.077494941915239401e+01 1.077494941915239401e+01 1.077494941915239401e+01 1.077494941915239401e+01 1.077494941915239401e+01 1.077494941915239401e+01 1.077494941915239401e+01 1.077494941915239401e+01 1.077494941915239401e+01
1.077494941915239401e+01 1.647612302162817954e+01 2.583231071241663201e+01 4.476753795029097915e+01 6.928031950261026850e+01 8.405624414644593401e+01 1.051085910828831942e+02 9.449548685117693481e+01 7.518839806447329011e+01 5.632245934017656452e+01 3.674652217300830870e+01 2.059467260839531733e+01 1.077494941915239401e+01 1.077494941915239401e+01 1.077494941915239401e+01 1.077494941915239401e+01 1.077494941915239401e+01 1.077494941915239401e+01 1.077494941915239401e+01 1.077494941915239401e+01 1.077494941915239401e+01 1.077494941915239401e+01
1.647612302162817954e+01 2.236252373296595408e+01 4.579467003790500712e+01 6.928031950261026850e+01 9.346584361617702541e+01 1.051085910828831942e+02 9.449548685117693481e+01 7.051091893994666293e+01 4.915395137884345900e+01 3.674652217300830870e+01 2.059467260839531733e+01 1.077494941915239401e+01 1.077494941915239401e+01 1.077494941915239401e+01 1.077494941915239401e+01 1.077494941915239401e+01 1.077494941915239401e+01 1.077494941915239401e+01 1.077494941915239401e+01 1.077494941915239401e+01 1.077494941915239401e+01 1.077494941915239401e+01
2.236252373296595408e+01 3.497060782925672129e+01 6.280681974623880137e+01 8.977148482000016827e+01 1.038493214672111407e+02 9.315398884779818900e+01 7.051091893994666293e+01 4.915395137884345900e+01 2.476057882029489221e+01 2.059467260839531733e+01 1.077494941915239401e+01 1.077494941915239401e+01 1.077494941915239401e+01 1.077494941915239401e+01 1.077494941915239401e+01 1.077494941915239401e+01 1.077494941915239401e+01 1.077494941915239401e+01 1.077494941915239401e+01 1.077494941915239401e+01 1.077494941915239401e+01 1.077494941915239401e+01
