8.059156269534017980e+00 8.059156269534017980e+00 8.059156269534017980e+00 8.059156269534017980e+00 8.059156269534017980e+00 8.059156269534017980e+00 8.059156269534017980e+00 8.059156269534017980e+00 8.059156269534017980e+00 8.059156269534017980e+00 1.634001988949217221e+01 1.634001988949217221e+01 1.900563667261281608e+01 2.304248700624660273e+01 2.304248700624660273e+01 1.900563667261281608e+01 1.900563667261281608e+01 8.059156269534017980e+00 8.059156269534017980e+00 8.059156269534017980e+00 8.059156269534017980e+00 8.059156269534017980e+00
8.059156269534017980e+00 8.059156269534017980e+00 8.059156269534017980e+00 8.059156269534017980e+00 8.059156269534017980e+00 8.059156269534017980e+00 8.059156269534017980e+00 1.655531723467708005e+01 2.179582289431901643e+01 2.511941430769709882e+01 3.088186798516805354e+01 3.639744619475175114e+01 3.639744619475175114e+01 4.226119165025854585e+01 3.668917225327861331e+01 3.639744619475175114e+01 2.814246665213499554e+01 2.446380806349958803e+01 1.900563667261281608e+01 8.059156269534017980e+00 8.059156269534017980e+00 8.059156269534017980e+00
8.059156269534017980e+00 8.059156269534017980e+00 8.059156269534017980e+00 8.059156269534017980e+00 8.059156269534017980e+00 1.108074375513036358e+01 2.179582289431901643e+01 2.525311125617150765e+01 3.907887300165633349e+01 5.197332624794070455e+01 5.670634964716585813e+01 7.321425083654708033e+01 7.542310173340568724e+01 7.542310173340568724e+01 7.542310173340568724e+01 7.542310173340568724e+01 5.560801958488017505e+01 5.010839998994202915e+01 3.668917225327861331e+01 2.112100310091644317e+01 1.108074375513036358e+01 8.059156269534017980e+00
8.059156269534017980e+00 8.059156269534017980e+00 8.059156269534017980e+00 8.059156269534017980e+00 1.108074375513036358e+01 2.179582289431901643e+01 3.068724849374920538e+01 4.475207663108216138e+01 6.928031950261026850e+01 7.980317986468796221e+01 1.010916716714649084e+02 1.035552420320568672e+02 1.202340611812947913e+02 1.202340611812947913e+02 1.051323318731005827e+02 1.051323318731005827e+02 9.434889964967004516e+01 7.542310173340568724e+01 5.483424525774733382e+01 4.167470252386293339e+01 2.112100310091644317e+01 1.900563667261281608e+01
8.059156269534017980e+00 8.059156269534017980e+00 8.059156269534017980e+00 1.108074375513036358e+01 2.179582289431901643e+01 3.147382399078936999e+01 5.272149014198081574e+01 7.123321647226035225e+01 9.744039262810701985e+01 1.093912803629454942e+02 1.215014677426248255e+02 1.248876722944637265e+02 1.248876722944637265e+02 1.248876722944637265e+02 1.196037249042863806e+02 1.213519110877325318e+02 1.098599347117368694e+02 9.923829047299591366e+01 8.272895325339746364e+01 6.524542418453975756e+01 3.986152823693383596e+01 2.237491250416224986e+01
8.059156269534017980e+00 8.059156269534017980e+00 1.108074375513036358e+01 2.179582289431901643e+01 3.201528742034219732e+01 5.387411399918161692e+01 7.812615969989629150e+01 1.001562787429639627e+02 9.762895758804376101e+01 1.095347812652294266e+02 1.056331118742211004e+02 1.183398031530065140e+02 1.183398031530065140e+02 1.183398031530065140e+02 1.112786030984885457e+02 1.095347812652294266e+02 1.040249010767994662e+02 1.040249010767994662e+02 9.923829047299591366e+01 7.913631582986586466e+01 5.061618106221789049e+01 2.846290027583545879e+01
8.059156269534017980e+00 1.108074375513036358e+01 2.179582289431901643e+01 3.147382399078936999e+01 5.272149014198081574e+01 7.812615969989629150e+01 1.001562787429639627e+02 9.762895758804376101e+01 9.449548685117693481e+01 8.629186049575979212e+01 7.461030726255977186e+01 8.176175320668738777e+01 8.629186049575979212e+01 8.629186049575979212e+01 7.741166856663227236e+01 7.283836740547998545e+01 7.741166856663227236e+01 8.867818257388033487e+01 1.020412337891359300e+02 9.659756387682502066e+01 6.792673333843237060e+01 3.556695058455257907e+01
8.059156269534017980e+00 1.746103199047492893e+01 3.068724849374920538e+01 5.387411399918161692e+01 8.399173636046521096e+01 1.001562787429639627e+02 9.800059538869595599e+01 9.329797271193744734e+01 7.524836072726211000e+01 5.259808325520390326e+01 4.973204693512880681e+01 4.721726423287114471e+01 4.721726423287114471e+01 4.908544529942793133e+01 4.353671457798574806e+01 3.746203278496507494e+01 4.973204693512880681e+01 6.302307396218854052e+01 9.169328567036720301e+01 9.123631858461834554e+01 6.792673333843237060e+01 4.047374110711054840e+01
1.746103199047492893e+01 2.486936033010498193e+01 4.957854982188078452e+01 7.956606431568596349e+01 1.001562787429639627e+02 1.141599525798268928e+02 9.329797271193744734e+01 7.047514697313451393e+01 4.753789964726387041e+01 3.109340669190046569e+01 2.292651241626865755e+01 2.550435017240578972e+01 2.703685485521691945e+01 2.292651241626865755e+01 2.059631469967584039e+01 1.580435394600263166e+01 3.207241544461427907e+01 4.946052944489136394e+01 8.203267464890822680e+01 8.403032843992511403e+01 6.792673333843237060e+01 4.339360056312791869e+01
2.204200947813555089e+01 3.843151923946223292e+01 6.587502352873488576e+01 9.655382975796892708e+01 1.147462866455597208e+02 1.046095375213686225e+02 7.718937773911142131e+01 4.753789964726387041e+01 3.109340669190046569e+01 2.059631469967584039e+01 1.580435394600263166e+01 1.580435394600263166e+01 8.059156269534017980e+00 8.059156269534017980e+00 8.059156269534017980e+00 1.412338107129637521e+01 2.436660503380706899e+01 4.803904253953125902e+01 7.262139152702894762e+01 8.403032843992511403e+01 6.792673333843237060e+01 4.339360056312791869e+01
2.952181692409752500e+01 5.436578134272118490e+01 8.503973497174716556e+01 1.117884330858385766e+02 1.077508629564751317e+02 8.672386409757240244e+01 5.243584373516112151e+01 3.109340669190046569e+01 2.059631469967584039e+01 8.059156269534017980e+00 8.059156269534017980e+00 8.059156269534017980e+00 8.059156269534017980e+00 8.059156269534017980e+00 8.059156269534017980e+00 1.746103199047492893e+01 2.952181692409752500e+01 5.436578134272118490e+01 8.503973497174716556e+01 8.403032843992511403e+01 6.792673333843237060e+01 4.437105395090923565e+01
3.478912428802515677e+01 6.587502352873488576e+01 9.655382975796892708e+01 9.800059538869595599e+01 8.878914915516438100e+01 5.725657934563680129e+01 3.185174047389404706e+01 2.059631469967584039e+01 8.059156269534017980e+00 8.059156269534017980e+00 8.059156269534017980e+00 8.059156269534017980e+00 8.059156269534017980e+00 8.059156269534017980e+00 8.059156269534017980e+00 2.179582289431901643e+01 3.931776404752616116e+01 6.634852645776632585e+01 9.000298540345708886e+01 9.077117241269945680e+01 6.616659472262693953e+01 3.334662995605850000e+01
4.634129787921236243e+01 6.980963016254013098e+01 9.848237507082110653e+01 9.529898007630016821e+01 8.085890981424391555e+01 3.882350826782019482e+01 2.196687863508688565e+01 8.059156269534017980e+00 8.059156269534017980e+00 8.059156269534017980e+00 8.059156269534017980e+00 8.059156269534017980e+00 8.059156269534017980e+00 8.059156269534017980e+00 1.746103199047492893e+01 3.189899771131404549e+01 5.924630572569486020e+01 8.742075231107814659e+01 1.043443816196074181e+02 9.077117241269945680e+01 6.055497633049544248e+01 3.364658919707996176e+01
4.803904253953125902e+01 7.616250887174561512e+01 9.848237507082110653e+01 9.529898007630016821e+01 6.616659472262693953e+01 3.334662995605850000e+01 1.997456266036907735e+01 8.059156269534017980e+00 8.059156269534017980e+00 8.059156269534017980e+00 8.059156269534017980e+00 8.059156269534017980e+00 8.059156269534017980e+00 1.655531723467708005e+01 2.450972669612315968e+01 4.957854982188078452e+01 7.956606431568596349e+01 1.022847783426080639e+02 1.141599525798268928e+02 9.203038049998525594e+01 5.597171502925541375e+01 2.722589265402040581e+01
4.946052944489136394e+01 8.203267464890822680e+01 9.603651088692656401e+01 9.923829047299591366e+01 6.792673333843237060e+01 4.047374110711054840e+01 2.237491250416224986e+01 8.059156269534017980e+00 8.059156269534017980e+00 8.059156269534017980e+00 8.059156269534017980e+00 1.655531723467708005e+01 2.179582289431901643e+01 2.525311125617150765e+01 4.475207663108216138e+01 7.123321647226035225e+01 1.022847783426080639e+02 1.131915255363524722e+02 1.046095375213686225e+02 6.888317473894264253e+01 4.395411711245060360e+01 2.196687863508688565e+01
4.214838218974768580e+01 7.220423080533313964e+01 9.987655328100076702e+01 9.923829047299591366e+01 8.467499928512181384e+01 5.010839998994202915e+01 2.603240406073612334e+01 2.304248700624660273e+01 2.304248700624660273e+01 2.535741861672342878e+01 2.619207513488977312e+01 3.088186798516805354e+01 3.907887300165633349e+01 5.690534462295025975e+01 7.123321647226035225e+01 9.744039262810701985e+01 1.174544413156549325e+02 1.123033073518704725e+02 9.037004583243701461e+01 5.597171502925541375e+01 3.048237874309962336e+01 1.580435394600263166e+01
3.218945633540184303e+01 6.667537697573112609e+01 9.169328567036720301e+01 1.096589127768731373e+02 9.923829047299591366e+01 8.467499928512181384e+01 5.560801958488017505e+01 4.708055465951832730e+01 4.708055465951832730e+01 4.808348317122771931e+01 5.643303532610476481e+01 6.903832455378487509e+01 7.331521318036098478e+01 7.980317986468796221e+01 1.010916716714649084e+02 1.174544413156549325e+02 1.167199747869326814e+02 9.827625783003466609e+01 6.836198586862660420e+01 3.915454611116302175e+01 2.196687863508688565e+01 8.059156269534017980e+00
2.436660503380706899e+01 4.946052944489136394e+01 7.548157082825299824e+01 1.020412337891359300e+02 1.098599347117368694e+02 9.923829047299591366e+01 9.434889964967004516e+01 7.542310173340568724e+01 7.321425083654708033e+01 8.688729523718323833e+01 9.000298540345708886e+01 1.010916716714649084e+02 1.035552420320568672e+02 1.169468317978335392e+02 1.178024712669495671e+02 1.150539480660322624e+02 1.009394645919377638e+02 7.718937773911142131e+01 5.243584373516112151e+01 2.730456362592222774e+01 2.009397188794036637e+01 8.059156269534017980e+00
2.116666946119428871e+01 3.550256102698680394e+01 5.986805291352521152e+01 8.766901598615110913e+01 1.040249010767994662e+02 1.148036803065429012e+02 1.096589127768731373e+02 1.051323318731005827e+02 1.093912803629454942e+02 1.093912803629454942e+02 1.169468317978335392e+02 1.196037249042863806e+02 1.176229069255928721e+02 1.150539480660322624e+02 1.095347812652294266e+02 9.449548685117693481e+01 7.524836072726211000e+01 5.082026078621999687e+01 3.185174047389404706e+01 2.059631469967584039e+01 8.059156269534017980e+00 8.059156269534017980e+00
8.059156269534017980e+00 2.116666946119428871e+01 3.925299389526331595e+01 6.068765116182591157e+01 7.581444056738621384e+01 1.020412337891359300e+02 1.020412337891359300e+02 1.056331118742211004e+02 1.056331118742211004e+02 1.183398031530065140e+02 1.183398031530065140e+02 1.183398031530065140e+02 1.009394645919377638e+02 8.981096576561932920e+01 8.629186049575979212e+01 6.222008278464129916e+01 4.315129067329726809e+01 2.730456362592222774e+01 2.059631469967584039e+01 8.059156269534017980e+00 8.059156269534017980e+00 8.059156269534017980e+00
8.059156269534017980e+00 8.059156269534017980e+00 2.116666946119428871e+01 3.550256102698680394e+01 4.721726423287114471e+01 6.173758456449556320e+01 7.581444056738621384e+01 8.176175320668738777e+01 8.176175320668738777e+01 8.176175320668738777e+01 8.629186049575979212e+01 8.629186049575979212e+01 6.222008278464129916e+01 6.222008278464129916e+01 4.353671457798574806e+01 3.188185523178569625e+01 2.059631469967584039e+01 1.580435394600263166e+01 8.059156269534017980e+00 8.059156269534017980e+00 8.059156269534017980e+00 8.059156269534017980e+00
8.059156269534017980e+00 8.059156269534017980e+00 8.059156269534017980e+00 1.580435394600263166e+01 2.254587298193364830e+01 3.550256102698680394e+01 4.721726423287114471e+01 4.721726423287114471e+01 4.721726423287114471e+01 4.721726423287114471e+01 4.908544529942793133e+01 4.353671457798574806e+01 3.188185523178569625e+01 2.863306196066779208e+01 2.059631469967584039e+01 1.580435394600263166e+01 8.059156269534017980e+00 8.059156269534017980e+00 8.059156269534017980e+00 8.059156269534017980e+00 8.059156269534017980e+00 8.059156269534017980e+00
