1.054700414614822712e+01 1.054700414614822712e+01 1.054700414614822712e+01 1.054700414614822712e+01 1.054700414614822712e+01 1.054700414614822712e+01 1.054700414614822712e+01 1.054700414614822712e+01 1.054700414614822712e+01 1.054700414614822712e+01 1.054700414614822712e+01 1.054700414614822712e+01 1.643731153058638839e+01 2.020631289401081432e+01 2.135024088547363164e+01 2.538858151164794563e+01 2.446380806349958803e+01 2.119360727617175044e+01 2.027178568909749501e+01 1.054700414614822712e+01 1.054700414614822712e+01 1.054700414614822712e+01
1.054700414614822712e+01 1.054700414614822712e+01 1.054700414614822712e+01 1.054700414614822712e+01 1.054700414614822712e+01 1.054700414614822712e+01 1.054700414614822712e+01 2.020631289401081432e+01 2.135024088547363164e+01 2.135024088547363164e+01 2.538858151164794563e+01 3.017579980843416010e+01 3.017579980843416010e+01 3.604258471189580604e+01 4.755882317879782306e+01 4.941279296947872979e+01 4.707763008116838677e+01 4.011522022180008662e+01 2.878179404432587773e+01 1.906683777408682090e+01 1.054700414614822712e+01 1.054700414614822712e+01
1.054700414614822712e+01 1.054700414614822712e+01 1.054700414614822712e+01 1.054700414614822712e+01 1.054700414614822712e+01 1.054700414614822712e+01 2.300754592466191895e+01 3.146485717344659605e+01 4.159784653436095425e+01 5.452577586694403777e+01 5.643303532610476481e+01 5.534715119741370160e+01 6.607589180596177414e+01 7.331484543287757560e+01 7.331484543287757560e+01 7.579559967287273992e+01 7.377551761425247889e+01 5.939773456390830120e+01 3.532237521148315551e+01 1.935397328083085355e+01 1.054700414614822712e+01 1.054700414614822712e+01
1.054700414614822712e+01 1.054700414614822712e+01 1.054700414614822712e+01 1.054700414614822712e+01 1.054700414614822712e+01 2.204192074890253394e+01 3.394492903278604956e+01 5.390231621194758560e+01 6.944894883599411628e+01 8.197480627824124610e+01 9.778274080596905549e+01 9.778274080596905549e+01 9.778274080596905549e+01 1.010916716714649084e+02 9.486164939905009419e+01 9.154648095463747381e+01 8.525820998986030474e+01 5.686090711444680323e+01 3.805493535226329982e+01 1.935397328083085355e+01 1.054700414614822712e+01 1.054700414614822712e+01
1.054700414614822712e+01 1.054700414614822712e+01 1.054700414614822712e+01 1.054700414614822712e+01 1.054700414614822712e+01 2.319684739390132577e+01 4.670315461909069654e+01 7.350414531752647918e+01 1.002887732504829614e+02 1.096503135423803599e+02 1.142706978789881589e+02 1.132495093087917866e+02 1.093102638116723710e+02 1.024642989574734742e+02 9.329797271193744734e+01 8.716422882741258604e+01 6.861368486112557719e+01 4.753789964726387041e+01 2.957998669133371550e+01 1.935397328083085355e+01 1.054700414614822712e+01 1.054700414614822712e+01
1.054700414614822712e+01 1.054700414614822712e+01 1.054700414614822712e+01 1.054700414614822712e+01 1.746341801597319687e+01 3.478596223621899242e+01 6.587502352873488576e+01 9.639202930946946424e+01 1.132495093087917866e+02 1.093102638116723710e+02 9.868036232457166079e+01 8.557873596647132786e+01 8.250853467910826566e+01 7.581138759358364609e+01 6.222008278464129916e+01 5.530132948171566909e+01 4.683339823386025813e+01 2.851794978520594270e+01 2.132170013376791573e+01 1.476751140409130691e+01 1.054700414614822712e+01 1.054700414614822712e+01
1.054700414614822712e+01 1.054700414614822712e+01 1.054700414614822712e+01 1.054700414614822712e+01 1.932813826801839241e+01 4.302597914696107750e+01 7.790121804594747346e+01 1.028228159586397084e+02 1.083692758431241430e+02 9.329797271193744734e+01 7.581138759358364609e+01 6.598004956872136972e+01 4.908865236562887446e+01 4.901437079502679239e+01 3.700030992227245008e+01 2.665700094415997867e+01 2.080300722428707516e+01 2.021653688714377139e+01 1.476751140409130691e+01 1.054700414614822712e+01 1.054700414614822712e+01 1.054700414614822712e+01
1.054700414614822712e+01 1.054700414614822712e+01 1.054700414614822712e+01 1.054700414614822712e+01 2.432440471747656829e+01 4.735107366498647963e+01 8.504534361797354336e+01 1.085763437601861625e+02 9.465368824152768923e+01 7.537434021959226982e+01 5.445721262675766638e+01 5.193353628221058926e+01 5.003804868758724211e+01 3.431723930628865560e+01 2.479223629683771080e+01 2.191317793440153849e+01 1.588028431364130455e+01 1.054700414614822712e+01 1.054700414614822712e+01 1.054700414614822712e+01 1.054700414614822712e+01 1.054700414614822712e+01
1.054700414614822712e+01 1.054700414614822712e+01 1.054700414614822712e+01 1.054700414614822712e+01 2.669306894195586466e+01 5.431123113993275098e+01 8.724990224384166027e+01 1.096503135423803599e+02 1.007301868990298885e+02 8.548492221620793430e+01 6.599968489750945366e+01 6.607589180596177414e+01 6.599968489750945366e+01 5.560801958488017505e+01 4.011522022180008662e+01 2.878179404432587773e+01 2.119360727617175044e+01 1.054700414614822712e+01 1.054700414614822712e+01 1.054700414614822712e+01 1.054700414614822712e+01 1.054700414614822712e+01
1.054700414614822712e+01 1.054700414614822712e+01 1.054700414614822712e+01 1.746341801597319687e+01 2.965542249945050557e+01 6.061283552388957219e+01 8.724990224384166027e+01 1.102817691935394464e+02 1.101107541278961151e+02 1.036412152220773777e+02 9.778274080596905549e+01 9.778274080596905549e+01 9.778274080596905549e+01 8.996627041103823785e+01 6.524335237553847833e+01 4.163359849031019166e+01 2.521322112677976790e+01 1.054700414614822712e+01 1.054700414614822712e+01 1.054700414614822712e+01 1.054700414614822712e+01 1.054700414614822712e+01
1.054700414614822712e+01 1.054700414614822712e+01 1.054700414614822712e+01 1.054700414614822712e+01 2.438858320812009950e+01 6.183365341168811824e+01 8.844806095342228502e+01 1.074505028081019162e+02 1.165221043540110912e+02 1.098080770848963823e+02 1.132495093087917866e+02 1.024642989574734742e+02 1.088290956469559063e+02 9.103275909647470598e+01 8.275388559669688959e+01 6.524335237553847833e+01 3.955455334013480240e+01 2.112100310091644317e+01 1.054700414614822712e+01 1.054700414614822712e+01 1.054700414614822712e+01 1.054700414614822712e+01
1.054700414614822712e+01 1.054700414614822712e+01 1.054700414614822712e+01 1.054700414614822712e+01 2.115673337070694515e+01 4.363721486251355941e+01 6.528522965349816332e+01 8.702413022458304681e+01 1.008103163898088326e+02 9.868036232457166079e+01 8.557873596647132786e+01 8.557873596647132786e+01 8.110464370130063116e+01 9.021945326150768096e+01 9.103275909647470598e+01 7.595329049831804014e+01 5.114420120664814107e+01 3.555236649106497993e+01 2.119360727617175044e+01 1.054700414614822712e+01 1.054700414614822712e+01 1.054700414614822712e+01
1.054700414614822712e+01 1.054700414614822712e+01 1.054700414614822712e+01 1.054700414614822712e+01 2.032859971265484589e+01 2.937356560691632978e+01 4.777802127879250804e+01 5.906737726124801213e+01 6.534287611327877698e+01 6.598004956872136972e+01 6.222008278464129916e+01 5.530132948171566909e+01 5.522345943391182743e+01 6.324191401819631153e+01 7.759593677471207229e+01 7.647961763405841396e+01 7.079384033857019176e+01 5.114420120664814107e+01 2.521322112677976790e+01 1.054700414614822712e+01 1.054700414614822712e+01 1.054700414614822712e+01
1.054700414614822712e+01 1.054700414614822712e+01 1.054700414614822712e+01 1.054700414614822712e+01 1.054700414614822712e+01 2.115673337070694515e+01 2.324321849530623751e+01 3.466321226492966900e+01 4.460768019189728761e+01 3.188185523178569625e+01 2.863306196066779208e+01 2.863306196066779208e+01 2.804995354159927956e+01 4.403459868819304290e+01 5.745317212735775314e+01 6.999714707165901473e+01 8.275388559669688959e+01 6.187075258725183602e+01 3.555236649106497993e+01 1.906683777408682090e+01 1.054700414614822712e+01 1.054700414614822712e+01
1.054700414614822712e+01 1.054700414614822712e+01 1.054700414614822712e+01 1.054700414614822712e+01 1.054700414614822712e+01 1.054700414614822712e+01 1.054700414614822712e+01 2.217073822413723150e+01 1.588028431364130455e+01 2.059756021920894398e+01 1.588028431364130455e+01 1.588028431364130455e+01 1.588028431364130455e+01 2.900275072502974183e+01 5.030158609100872980e+01 7.262139152702894762e+01 8.275388559669688959e+01 6.850800299104827218e+01 4.047374110711054840e+01 2.046724206577894023e+01 1.054700414614822712e+01 1.054700414614822712e+01
1.054700414614822712e+01 1.054700414614822712e+01 1.054700414614822712e+01 1.054700414614822712e+01 1.054700414614822712e+01 1.054700414614822712e+01 1.643731153058638839e+01 2.020631289401081432e+01 2.027178568909749501e+01 2.027178568909749501e+01 1.054700414614822712e+01 1.054700414614822712e+01 1.054700414614822712e+01 2.374539159577686220e+01 5.030158609100872980e+01 7.686980701091836465e+01 8.797386269657279456e+01 7.269321644345205868e+01 4.513085708133893803e+01 1.935397328083085355e+01 1.054700414614822712e+01 1.054700414614822712e+01
1.054700414614822712e+01 1.054700414614822712e+01 1.054700414614822712e+01 1.054700414614822712e+01 1.054700414614822712e+01 2.020631289401081432e+01 2.694048906991777415e+01 3.639744619475175114e+01 3.670259630888821079e+01 2.878179404432587773e+01 2.112100310091644317e+01 1.054700414614822712e+01 1.643731153058638839e+01 3.347254265532355078e+01 6.076222602503586501e+01 8.227362489469881268e+01 9.077077700577319774e+01 7.269321644345205868e+01 4.437105395090923565e+01 1.935397328083085355e+01 1.054700414614822712e+01 1.054700414614822712e+01
1.054700414614822712e+01 1.054700414614822712e+01 1.054700414614822712e+01 1.054700414614822712e+01 1.746341801597319687e+01 2.733660330410323525e+01 4.633192310790022361e+01 6.607589180596177414e+01 6.907262832763767335e+01 5.560801958488017505e+01 3.769266979682478080e+01 2.785128993693309951e+01 2.694048906991777415e+01 4.664923363530878930e+01 7.350414531752647918e+01 9.238021529817797273e+01 9.077077700577319774e+01 6.683493845984837378e+01 3.334662995605850000e+01 1.985808619830547173e+01 1.054700414614822712e+01 1.054700414614822712e+01
1.054700414614822712e+01 1.054700414614822712e+01 1.054700414614822712e+01 1.054700414614822712e+01 2.234525990375084348e+01 3.785191008777426447e+01 6.855702430113990431e+01 9.238021529817797273e+01 9.434889964967004516e+01 8.548492221620793430e+01 6.524335237553847833e+01 5.560801958488017505e+01 5.534715119741370160e+01 7.439968506770806300e+01 9.238021529817797273e+01 9.712622040446645144e+01 8.083342615065269854e+01 5.459352565471165519e+01 2.782745922775130509e+01 1.476751140409130691e+01 1.054700414614822712e+01 1.054700414614822712e+01
1.054700414614822712e+01 1.054700414614822712e+01 1.054700414614822712e+01 1.054700414614822712e+01 2.284194855665514723e+01 4.735107366498647963e+01 7.599295858235142020e+01 1.074505028081019162e+02 1.119855352892146669e+02 1.036412152220773777e+02 9.452480211629273299e+01 8.448826993091901727e+01 8.851791971838589745e+01 1.001445700022941594e+02 9.712622040446645144e+01 9.255070614601717693e+01 7.649356468368729622e+01 4.191674276752204520e+01 2.266333497470513691e+01 1.054700414614822712e+01 1.054700414614822712e+01 1.054700414614822712e+01
1.054700414614822712e+01 1.054700414614822712e+01 1.054700414614822712e+01 1.054700414614822712e+01 2.115673337070694515e+01 3.766159943656627007e+01 6.528522965349816332e+01 9.606407020538088659e+01 1.088290956469559063e+02 1.088290956469559063e+02 1.029515090092769185e+02 1.029515090092769185e+02 1.029515090092769185e+02 1.024642989574734742e+02 9.583069483576340986e+01 7.654659586350038580e+01 5.693323320372491736e+01 3.057274840746227440e+01 1.985808619830547173e+01 1.054700414614822712e+01 1.054700414614822712e+01 1.054700414614822712e+01
1.054700414614822712e+01 1.054700414614822712e+01 1.054700414614822712e+01 1.054700414614822712e+01 2.032859971265484589e+01 2.678216657604514950e+01 4.777802127879250804e+01 6.520853516644879733e+01 8.250853467910826566e+01 9.461186052697142657e+01 9.461186052697142657e+01 9.461186052697142657e+01 8.557873596647132786e+01 8.557873596647132786e+01 7.581138759358364609e+01 5.665476014420391238e+01 3.557171126031925468e+01 2.132170013376791573e+01 1.054700414614822712e+01 1.054700414614822712e+01 1.054700414614822712e+01 1.054700414614822712e+01
