1.336587110643361553e+00 1.336587110643361553e+00 1.336587110643361553e+00 1.336587110643361553e+00 4.497633744855966675e-01 4.497633744855966675e-01 6.945760262336684310e-01 9.071791495912098213e-01 1.194479276895943354e+00 1.292349314835508967e+00 9.348875041229920413e-01 1.354921863446387764e+00 1.304195358939185923e+00 1.072453979276895675e+00 1.333656663109014096e+00 1.421058955315390504e+00 1.801964472879553414e+00 1.980062172558184841e+00 1.694052209162490996e+00 1.531800555023214772e+00 1.472856846958441546e+00 4.497633744855966675e-01
1.336587110643361553e+00 1.336587110643361553e+00 1.336587110643361553e+00 1.336587110643361553e+00 5.072189153439152776e-01 4.497633744855966675e-01 9.935548053633974641e-01 1.071660523593004122e+00 1.297191209066208994e+00 1.198074345750271830e+00 1.227063718355905886e+00 1.401280161806324642e+00 1.297191209066208994e+00 1.071660523593004122e+00 1.085526462308869622e+00 1.415173716450336627e+00 1.796394991142466813e+00 1.887289727180906151e+00 1.980062172558184841e+00 1.546601488402492786e+00 1.171223513775203173e+00 4.497633744855966675e-01
1.336587110643361553e+00 1.336587110643361553e+00 1.336587110643361553e+00 1.336587110643361553e+00 5.072189153439152776e-01 4.497633744855966675e-01 1.036437669782039883e+00 1.304195358939185923e+00 1.632600388386092671e+00 1.394860076800541027e+00 1.394680549990166440e+00 1.342696858857270303e+00 1.173069761025371083e+00 1.297191209066208994e+00 1.071660523593004122e+00 9.369671274679511885e-01 1.546601488402492786e+00 1.514792010508462017e+00 1.796394991142466813e+00 1.493365465960169391e+00 1.171223513775203173e+00 4.497633744855966675e-01
1.336587110643361553e+00 1.336587110643361553e+00 1.336587110643361553e+00 1.336587110643361553e+00 5.072189153439152776e-01 5.072189153439152776e-01 1.040010443945629026e+00 1.469837826770610700e+00 1.400556891155800399e+00 3.208985706673937788e+00 1.546601488402492786e+00 1.336587110643361553e+00 1.342696858857270303e+00 1.304195358939185923e+00 9.246575543797767027e-01 4.283696269351256092e+01 1.867992560852577810e+01 4.603759645375487963e+01 1.546601488402492786e+00 1.493365465960169391e+00 1.171223513775203173e+00 4.497633744855966675e-01
1.336587110643361553e+00 1.336587110643361553e+00 1.336587110643361553e+00 6.945760262336684310e-01 4.497633744855966675e-01 9.348875041229920413e-01 9.369671274679511885e-01 1.477153684107387566e+00 1.546601488402492786e+00 4.510519593253968118e+00 1.546601488402492786e+00 1.342696858857270303e+00 1.179127508804178381e+00 1.394860076800541027e+00 1.283958385341307906e+00 7.982917914460884390e+01 5.554239303643735326e+01 2.142935653568970977e+01 1.617992501898121827e+00 1.402554207794499019e+00 9.542336628736156623e-01 9.369671274679511885e-01
1.336587110643361553e+00 1.336587110643361553e+00 1.336587110643361553e+00 5.072189153439152776e-01 6.945760262336684310e-01 8.381692325522982490e-01 1.297191209066208994e+00 2.806668582945412105e+00 4.510519593253968118e+00 3.714829423925278462e+01 1.119177216167768441e+00 1.617992501898121827e+00 1.354921863446387764e+00 1.633953637566137429e+00 6.339863973015424392e+01 1.285669322415385807e+02 6.282350668043153519e+01 1.493365465960169391e+00 1.421058955315390504e+00 1.354921863446387764e+00 1.065050942333714001e+00 9.369671274679511885e-01
1.336587110643361553e+00 1.336587110643361553e+00 1.336587110643361553e+00 5.072189153439152776e-01 6.945760262336684310e-01 2.654468436661466590e+00 1.189266507669285433e+00 1.509772506682844195e+01 1.449456256785542507e+02 9.153117069148565577e+01 1.493365465960169391e+00 1.694052209162490996e+00 3.601765567196518525e+00 2.806668582945412105e+00 1.144679858384505877e+02 1.220706361619874514e+02 1.617992501898121827e+00 1.401280161806324642e+00 1.065050942333714001e+00 1.094513261071400567e+00 9.369671274679511885e-01 5.072189153439152776e-01
1.336587110643361553e+00 1.336587110643361553e+00 1.336587110643361553e+00 5.072189153439152776e-01 4.497633744855966675e-01 1.342696858857270303e+00 1.071660523593004122e+00 5.889885634460811303e+01 1.233197696687370666e+02 4.681086948237775403e+01 1.342696858857270303e+00 1.394860076800541027e+00 2.911515626318692895e+01 7.982917914460884390e+01 1.259919907807245352e+02 6.282350668043153519e+01 2.817319749106012239e+01 1.342696858857270303e+00 1.037620383731494789e+00 1.072453979276895675e+00 9.369671274679511885e-01 9.071791495912098213e-01
1.336587110643361553e+00 1.336587110643361553e+00 1.336587110643361553e+00 6.945760262336684310e-01 4.497633744855966675e-01 1.098625110229276558e+00 1.034546938447011621e+00 1.297191209066208994e+00 7.509211726104581430e+01 1.110244123554771676e+02 8.577897949380196962e+01 8.388047959735146719e+01 5.554239303643735326e+01 1.023769558399300053e+02 9.765531050311840033e+01 1.617992501898121827e+00 1.401280161806324642e+00 1.336587110643361553e+00 1.037620383731494789e+00 9.369671274679511885e-01 1.039122446918629539e+00 4.497633744855966675e-01
1.336587110643361553e+00 1.336587110643361553e+00 1.336587110643361553e+00 1.336587110643361553e+00 4.497633744855966675e-01 6.945760262336684310e-01 8.381692325522982490e-01 1.264293660930103869e+00 5.072189153439152776e-01 7.599277039524261568e+01 1.278627833265191498e+02 1.281295348020549056e+02 1.436564640971114386e+02 1.594519949074073679e+02 2.142935653568970977e+01 1.946498289191095665e+01 1.333656663109014096e+00 1.405159803696035770e+00 9.246575543797767027e-01 1.094513261071400567e+00 1.065050942333714001e+00 4.497633744855966675e-01
1.336587110643361553e+00 1.336587110643361553e+00 1.336587110643361553e+00 1.336587110643361553e+00 6.945760262336684310e-01 6.945760262336684310e-01 6.945760262336684310e-01 7.025718694885362270e-01 5.072189153439152776e-01 1.593848482766635044e+00 6.103287049285125931e+01 1.272700783329527070e+02 1.622575432852226243e+02 1.285142045978697638e+02 1.493365465960169391e+00 1.283476738375510795e+00 1.171223513775203173e+00 1.283958385341307906e+00 1.094513261071400567e+00 1.100056925644604444e+00 5.072189153439152776e-01 5.072189153439152776e-01
1.336587110643361553e+00 1.336587110643361553e+00 1.336587110643361553e+00 1.336587110643361553e+00 5.072189153439152776e-01 6.945760262336684310e-01 6.945760262336684310e-01 4.497633744855966675e-01 8.381692325522982490e-01 1.039122446918629539e+00 2.637598450055835286e+01 1.343465484917795720e+02 1.557078093751281642e+02 3.714829423925278462e+01 1.354921863446387764e+00 1.342696858857270303e+00 6.945760262336684310e-01 7.025718694885362270e-01 5.072189153439152776e-01 4.497633744855966675e-01 4.497633744855966675e-01 4.497633744855966675e-01
1.336587110643361553e+00 1.336587110643361553e+00 1.336587110643361553e+00 6.945760262336684310e-01 4.497633744855966675e-01 6.945760262336684310e-01 4.497633744855966675e-01 9.838274337348410503e-01 9.935548053633974641e-01 1.071660523593004122e+00 2.806668582945412105e+00 6.116351621048082876e+01 9.765531050311840033e+01 1.617992501898121827e+00 1.100056925644604444e+00 1.179127508804178381e+00 6.945760262336684310e-01 8.381692325522982490e-01 7.025718694885362270e-01 4.497633744855966675e-01 5.072189153439152776e-01 1.336587110643361553e+00
1.336587110643361553e+00 1.336587110643361553e+00 1.336587110643361553e+00 5.072189153439152776e-01 4.497633744855966675e-01 9.935548053633974641e-01 9.935548053633974641e-01 1.547816311747288731e+00 1.694052209162490996e+00 1.304195358939185923e+00 4.873687137716461848e+01 9.765531050311840033e+01 2.142935653568970977e+01 1.100056925644604444e+00 4.497633744855966675e-01 4.497633744855966675e-01 6.945760262336684310e-01 9.071791495912098213e-01 4.497633744855966675e-01 5.072189153439152776e-01 5.072189153439152776e-01 1.336587110643361553e+00
1.336587110643361553e+00 1.336587110643361553e+00 1.336587110643361553e+00 5.072189153439152776e-01 5.072189153439152776e-01 1.832741781761381139e+00 1.832741781761381139e+00 1.493365465960169391e+00 1.472515883792801183e+00 2.806668582945412105e+00 5.889885634460811303e+01 6.282350668043153519e+01 1.493365465960169391e+00 1.171223513775203173e+00 4.497633744855966675e-01 6.945760262336684310e-01 6.945760262336684310e-01 9.369671274679511885e-01 4.497633744855966675e-01 4.497633744855966675e-01 6.945760262336684310e-01 1.336587110643361553e+00
1.336587110643361553e+00 1.336587110643361553e+00 1.336587110643361553e+00 5.072189153439152776e-01 4.497633744855966675e-01 1.617992501898121827e+00 1.547816311747288731e+00 1.569115990699413876e+00 1.462422677639158897e+00 1.509772506682844195e+01 5.007785094285969052e+01 1.617992501898121827e+00 1.632600388386092671e+00 1.336587110643361553e+00 1.297191209066208994e+00 1.297191209066208994e+00 1.065050942333714001e+00 4.497633744855966675e-01 5.072189153439152776e-01 5.072189153439152776e-01 5.072189153439152776e-01 1.336587110643361553e+00
1.336587110643361553e+00 1.336587110643361553e+00 1.336587110643361553e+00 5.072189153439152776e-01 4.497633744855966675e-01 1.342696858857270303e+00 1.832741781761381139e+00 1.394860076800541027e+00 1.469837826770610700e+00 4.873687137716461848e+01 4.430099093189613768e+01 1.988271195346387188e+00 2.139977289030583485e+00 1.198074345750271830e+00 1.246340485892284633e+00 1.283476738375510795e+00 1.065050942333714001e+00 4.497633744855966675e-01 4.497633744855966675e-01 5.072189153439152776e-01 4.497633744855966675e-01 6.945760262336684310e-01
1.336587110643361553e+00 1.336587110643361553e+00 1.336587110643361553e+00 5.072189153439152776e-01 6.945760262336684310e-01 1.098625110229276558e+00 1.283958385341307906e+00 2.139977289030583485e+00 1.087710189287132145e+01 1.039878449257789299e+02 3.714829423925278462e+01 1.796394991142466813e+00 1.531800555023214772e+00 1.342696858857270303e+00 1.304195358939185923e+00 1.179127508804178381e+00 1.394860076800541027e+00 4.497633744855966675e-01 8.381692325522982490e-01 1.171223513775203173e+00 4.497633744855966675e-01 4.497633744855966675e-01
1.336587110643361553e+00 1.336587110643361553e+00 1.336587110643361553e+00 5.072189153439152776e-01 4.497633744855966675e-01 1.036437669782039883e+00 1.506061523347361319e+00 1.997328622435447842e+00 5.744697434910300160e+01 1.443520241069347492e+02 6.282350668043153519e+01 1.653663665305725505e+00 1.546601488402492786e+00 1.113292391244989465e+00 5.072189153439152776e-01 5.072189153439152776e-01 4.497633744855966675e-01 8.381692325522982490e-01 1.396955483262673381e+00 1.336587110643361553e+00 1.189266507669285433e+00 5.072189153439152776e-01
1.336587110643361553e+00 1.336587110643361553e+00 6.945760262336684310e-01 4.497633744855966675e-01 1.036437669782039883e+00 1.796394991142466813e+00 1.668614307575027711e+00 2.806668582945412105e+00 1.144679858384505877e+02 5.904196056547618099e+01 3.306619311317624010e+01 6.945760262336684310e-01 7.025718694885362270e-01 5.072189153439152776e-01 4.497633744855966675e-01 4.497633744855966675e-01 4.497633744855966675e-01 5.072189153439152776e-01 1.342696858857270303e+00 1.400556891155800399e+00 4.497633744855966675e-01 4.497633744855966675e-01
1.336587110643361553e+00 1.336587110643361553e+00 6.945760262336684310e-01 5.072189153439152776e-01 1.796394991142466813e+00 1.858739182545980917e+00 2.139977289030583485e+00 2.388686108892002125e+01 4.430099093189613768e+01 1.632600388386092671e+00 1.632600388386092671e+00 1.065050942333714001e+00 4.497633744855966675e-01 4.497633744855966675e-01 4.497633744855966675e-01 4.497633744855966675e-01 4.497633744855966675e-01 4.497633744855966675e-01 4.497633744855966675e-01 4.497633744855966675e-01 4.497633744855966675e-01 5.072189153439152776e-01
1.336587110643361553e+00 1.336587110643361553e+00 1.336587110643361553e+00 4.497633744855966675e-01 5.072189153439152776e-01 1.617992501898121827e+00 1.433140846326874573e+01 1.297191209066208994e+00 2.171396680435081450e+01 1.988271195346387188e+00 1.417730558633464311e+00 1.405159803696035770e+00 1.297191209066208994e+00 4.497633744855966675e-01 5.072189153439152776e-01 6.945760262336684310e-01 1.336587110643361553e+00 1.336587110643361553e+00 1.336587110643361553e+00 6.945760262336684310e-01 1.336587110643361553e+00 1.336587110643361553e+00
