1.405159803696035770e+00 1.546601488402492786e+00 1.686165998955471590e+00 1.546601488402492786e+00 1.504775030918690693e+00 1.546601488402492786e+00 1.546601488402492786e+00 1.676816792420357638e+00 1.895891460811775842e+00 1.746526939330419692e+00 1.780170682355178613e+00 1.819399392899718082e+00 1.405159803696035770e+00 1.405159803696035770e+00 1.405159803696035770e+00 1.405159803696035770e+00 1.405159803696035770e+00 1.405159803696035770e+00 1.405159803696035770e+00 1.405159803696035770e+00 1.405159803696035770e+00 1.405159803696035770e+00
1.546601488402492786e+00 1.503160061726307672e+00 1.504775030918690693e+00 1.546601488402492786e+00 1.405159803696035770e+00 1.546601488402492786e+00 1.503160061726307672e+00 1.504775030918690693e+00 1.780170682355178613e+00 1.895891460811775842e+00 1.819399392899718082e+00 1.676816792420357638e+00 1.676816792420357638e+00 1.504775030918690693e+00 1.405159803696035770e+00 1.405159803696035770e+00 1.405159803696035770e+00 1.405159803696035770e+00 1.405159803696035770e+00 1.405159803696035770e+00 1.405159803696035770e+00 1.405159803696035770e+00
1.780170682355178613e+00 1.504775030918690693e+00 1.546601488402492786e+00 1.546601488402492786e+00 1.546601488402492786e+00 1.546601488402492786e+00 1.546601488402492786e+00 1.858123782130465473e+00 1.405159803696035770e+00 1.749018927370731502e+00 1.546601488402492786e+00 1.696124085660577485e+00 1.546601488402492786e+00 1.405159803696035770e+00 1.546601488402492786e+00 1.503160061726307672e+00 1.405159803696035770e+00 1.405159803696035770e+00 1.405159803696035770e+00 1.405159803696035770e+00 1.405159803696035770e+00 1.405159803696035770e+00
1.819399392899718082e+00 1.749018927370731502e+00 6.495097599197081628e+00 1.546601488402492786e+00 6.495097599197081628e+00 1.546601488402492786e+00 1.546601488402492786e+00 1.800635160951549185e+00 1.348649744462500344e+01 1.546601488402492786e+00 1.546601488402492786e+00 1.546601488402492786e+00 1.546601488402492786e+00 1.546601488402492786e+00 1.546601488402492786e+00 1.503160061726307672e+00 1.405159803696035770e+00 1.405159803696035770e+00 1.405159803696035770e+00 1.405159803696035770e+00 1.405159803696035770e+00 1.405159803696035770e+00
1.749018927370731502e+00 3.506548730282229798e+01 8.863614696649030122e+01 7.297650074134327269e+01 8.577897949380196962e+01 8.863614696649030122e+01 1.455879736315822583e+02 1.455879736315822583e+02 8.863614696649030122e+01 1.455879736315822583e+02 1.455879736315822583e+02 1.546601488402492786e+00 6.495097599197081628e+00 1.546601488402492786e+00 1.546601488402492786e+00 1.546601488402492786e+00 1.546601488402492786e+00 1.546601488402492786e+00 1.503160061726307672e+00 1.504775030918690693e+00 1.405159803696035770e+00 1.405159803696035770e+00
8.048426257285020924e+00 1.848897520983034326e+01 2.999764315513385782e+01 1.287951304968673405e+01 1.780170682355178613e+00 1.634271369099667766e+02 1.634271369099667766e+02 1.470059167057806349e+02 1.634271369099667766e+02 1.617685408527491404e+02 1.648801125081221244e+02 1.617685408527491404e+02 1.538144424689429286e+02 1.455879736315822583e+02 1.546601488402492786e+00 1.546601488402492786e+00 4.320935808802479627e+00 1.546601488402492786e+00 1.546601488402492786e+00 1.503160061726307672e+00 1.504775030918690693e+00 1.504775030918690693e+00
1.780170682355178613e+00 1.780170682355178613e+00 1.840673538692433908e+01 3.798599390273533061e+01 1.780170682355178613e+00 1.780170682355178613e+00 1.840673538692433908e+01 1.840673538692433908e+01 1.780170682355178613e+00 7.182099367159558767e+01 1.630529850436275865e+02 1.557078093751281642e+02 1.634271369099667766e+02 1.648801125081221244e+02 1.538144424689429286e+02 1.058921748445803956e+02 1.053141254340589761e+01 2.131911468588673308e+00 1.780170682355178613e+00 1.895891460811775842e+00 1.503160061726307672e+00 1.504775030918690693e+00
1.780170682355178613e+00 1.780170682355178613e+00 1.780170682355178613e+00 1.780170682355178613e+00 1.895891460811775842e+00 1.819399392899718082e+00 1.819399392899718082e+00 1.780170682355178613e+00 1.780170682355178613e+00 1.819399392899718082e+00 1.780170682355178613e+00 1.780170682355178613e+00 1.840673538692433908e+01 1.630529850436275865e+02 1.630529850436275865e+02 1.213822907909484172e+02 4.822778406740564350e+01 1.746526939330419692e+00 1.746526939330419692e+00 1.696124085660577485e+00 1.780170682355178613e+00 1.546601488402492786e+00
1.819399392899718082e+00 1.819399392899718082e+00 1.676816792420357638e+00 1.405159803696035770e+00 1.696124085660577485e+00 2.131911468588673308e+00 1.895891460811775842e+00 1.746526939330419692e+00 1.819399392899718082e+00 1.780170682355178613e+00 1.780170682355178613e+00 1.780170682355178613e+00 1.819399392899718082e+00 1.848897520983034326e+01 1.663690820404968065e+02 1.533253205399999501e+02 1.252923255268068914e+02 2.953675454859789884e+00 1.546601488402492786e+00 1.696124085660577485e+00 1.546601488402492786e+00 1.405159803696035770e+00
1.546601488402492786e+00 1.676816792420357638e+00 1.546601488402492786e+00 1.696124085660577485e+00 1.504775030918690693e+00 2.131911468588673308e+00 1.912716091551617259e+00 2.083580832728840093e+00 1.819399392899718082e+00 1.819399392899718082e+00 1.405159803696035770e+00 1.696124085660577485e+00 1.405159803696035770e+00 5.744697434910300160e+01 1.648801125081221244e+02 1.656180538250048357e+02 1.252923255268068914e+02 3.024172601188493292e+00 1.546601488402492786e+00 1.780170682355178613e+00 1.546601488402492786e+00 1.405159803696035770e+00
1.546601488402492786e+00 1.676816792420357638e+00 1.504775030918690693e+00 1.405159803696035770e+00 2.131911468588673308e+00 1.867064370991850630e+00 1.749018927370731502e+00 1.895891460811775842e+00 1.746526939330419692e+00 1.546601488402492786e+00 1.676816792420357638e+00 1.546601488402492786e+00 1.405159803696035770e+00 1.848897520983034326e+01 1.648801125081221244e+02 1.631974875384661630e+02 4.822778406740564350e+01 2.131911468588673308e+00 2.131911468588673308e+00 1.546601488402492786e+00 1.780170682355178613e+00 1.504775030918690693e+00
1.546601488402492786e+00 1.546601488402492786e+00 1.405159803696035770e+00 1.504775030918690693e+00 1.895891460811775842e+00 1.746526939330419692e+00 1.696124085660577485e+00 1.546601488402492786e+00 1.858123782130465473e+00 1.546601488402492786e+00 1.405159803696035770e+00 1.503160061726307672e+00 1.504775030918690693e+00 5.568967734848066442e+01 1.585469503018312594e+02 1.634271369099667766e+02 4.822778406740564350e+01 2.131911468588673308e+00 1.780170682355178613e+00 1.912716091551617259e+00 1.819399392899718082e+00 1.405159803696035770e+00
1.546601488402492786e+00 1.503160061726307672e+00 1.504775030918690693e+00 1.405159803696035770e+00 1.912716091551617259e+00 1.819399392899718082e+00 1.819399392899718082e+00 1.546601488402492786e+00 1.800635160951549185e+00 1.546601488402492786e+00 1.503160061726307672e+00 1.676816792420357638e+00 1.504775030918690693e+00 5.568967734848066442e+01 1.533670029840658913e+02 1.329170564653583426e+02 4.864767124699314138e+01 1.696124085660577485e+00 1.780170682355178613e+00 1.858123782130465473e+00 1.696124085660577485e+00 1.504775030918690693e+00
1.546601488402492786e+00 1.405159803696035770e+00 1.546601488402492786e+00 1.546601488402492786e+00 1.546601488402492786e+00 1.746526939330419692e+00 1.696124085660577485e+00 1.686165998955471590e+00 1.819399392899718082e+00 1.546601488402492786e+00 1.405159803696035770e+00 1.546601488402492786e+00 2.813245561298653996e+00 1.273855390799096057e+02 1.501537047574685744e+02 1.052949521208544610e+02 2.131911468588673308e+00 1.867064370991850630e+00 1.819399392899718082e+00 1.503160061726307672e+00 1.546601488402492786e+00 1.546601488402492786e+00
1.405159803696035770e+00 1.546601488402492786e+00 1.405159803696035770e+00 1.405159803696035770e+00 1.546601488402492786e+00 1.546601488402492786e+00 1.746526939330419692e+00 1.696124085660577485e+00 1.405159803696035770e+00 1.686165998955471590e+00 1.696124085660577485e+00 6.495097599197081628e+00 1.047155821009896925e+01 1.221982714664722351e+02 1.470059167057806349e+02 4.822778406740564350e+01 2.048540975225305871e+00 1.746526939330419692e+00 1.696124085660577485e+00 1.749018927370731502e+00 1.546601488402492786e+00 1.546601488402492786e+00
1.405159803696035770e+00 1.405159803696035770e+00 1.405159803696035770e+00 1.405159803696035770e+00 1.405159803696035770e+00 1.405159803696035770e+00 1.546601488402492786e+00 1.546601488402492786e+00 1.546601488402492786e+00 1.546601488402492786e+00 2.813245561298653996e+00 1.174125504540691622e+01 5.744697434910300160e+01 1.637313477814817020e+02 1.501537047574685744e+02 4.864767124699314138e+01 1.746526939330419692e+00 1.676816792420357638e+00 1.546601488402492786e+00 1.696124085660577485e+00 1.546601488402492786e+00 1.546601488402492786e+00
1.405159803696035770e+00 1.405159803696035770e+00 1.405159803696035770e+00 1.405159803696035770e+00 1.405159803696035770e+00 1.405159803696035770e+00 1.405159803696035770e+00 1.503160061726307672e+00 1.504775030918690693e+00 1.405159803696035770e+00 6.495097599197081628e+00 5.568967734848066442e+01 1.648801125081221244e+02 1.501537047574685744e+02 4.371622454395516399e+01 2.597651365058270656e+01 1.503160061726307672e+00 1.546601488402492786e+00 1.503160061726307672e+00 1.504775030918690693e+00 1.405159803696035770e+00 1.503160061726307672e+00
1.405159803696035770e+00 1.405159803696035770e+00 1.405159803696035770e+00 1.405159803696035770e+00 1.405159803696035770e+00 1.405159803696035770e+00 1.504775030918690693e+00 1.546601488402492786e+00 1.405159803696035770e+00 1.405159803696035770e+00 1.504775030918690693e+00 5.568967734848066442e+01 1.585469503018312594e+02 1.470059167057806349e+02 1.052949521208544610e+02 1.746526939330419692e+00 1.503160061726307672e+00 1.503160061726307672e+00 1.895891460811775842e+00 1.780170682355178613e+00 1.504775030918690693e+00 1.503160061726307672e+00
1.405159803696035770e+00 1.405159803696035770e+00 1.405159803696035770e+00 1.405159803696035770e+00 1.546601488402492786e+00 1.546601488402492786e+00 1.546601488402492786e+00 1.546601488402492786e+00 1.676816792420357638e+00 1.504775030918690693e+00 1.405159803696035770e+00 5.744697434910300160e+01 1.585469503018312594e+02 1.252923255268068914e+02 2.597651365058270656e+01 2.684476395653036196e+00 1.503160061726307672e+00 1.746526939330419692e+00 1.696124085660577485e+00 1.546601488402492786e+00 1.405159803696035770e+00 1.504775030918690693e+00
1.405159803696035770e+00 1.405159803696035770e+00 1.405159803696035770e+00 1.405159803696035770e+00 1.546601488402492786e+00 1.503160061726307672e+00 1.405159803696035770e+00 1.895891460811775842e+00 1.819399392899718082e+00 1.676816792420357638e+00 3.506548730282229798e+01 5.744697434910300160e+01 1.437445401413281729e+02 1.252923255268068914e+02 1.746526939330419692e+00 1.800635160951549185e+00 1.405159803696035770e+00 1.546601488402492786e+00 1.696124085660577485e+00 1.405159803696035770e+00 1.749018927370731502e+00 1.546601488402492786e+00
1.405159803696035770e+00 1.405159803696035770e+00 1.405159803696035770e+00 1.405159803696035770e+00 1.405159803696035770e+00 1.503160061726307672e+00 1.746526939330419692e+00 1.696124085660577485e+00 1.676816792420357638e+00 1.749018927370731502e+00 5.568967734848066442e+01 1.221982714664722351e+02 9.765531050311840033e+01 1.535724225257522235e+01 1.746526939330419692e+00 1.503160061726307672e+00 1.405159803696035770e+00 1.405159803696035770e+00 1.546601488402492786e+00 1.546601488402492786e+00 1.405159803696035770e+00 1.546601488402492786e+00
1.405159803696035770e+00 1.405159803696035770e+00 1.405159803696035770e+00 1.405159803696035770e+00 1.405159803696035770e+00 1.503160061726307672e+00 1.503160061726307672e+00 1.504775030918690693e+00 1.819399392899718082e+00 3.506548730282229798e+01 4.630019958446710149e+01 1.501537047574685744e+02 4.822778406740564350e+01 1.746526939330419692e+00 1.696124085660577485e+00 1.546601488402492786e+00 1.546601488402492786e+00 1.503160061726307672e+00 1.405159803696035770e+00 1.405159803696035770e+00 1.405159803696035770e+00 1.405159803696035770e+00
