1.117177101998334443e+01 1.117177101998334443e+01 1.117177101998334443e+01 1.117177101998334443e+01 1.117177101998334443e+01 1.117177101998334443e+01 1.117177101998334443e+01 1.117177101998334443e+01 1.525456075043902260e+01 1.525456075043902260e+01 1.525456075043902260e+01 1.525456075043902260e+01 1.117177101998334443e+01 1.117177101998334443e+01 1.117177101998334443e+01 1.117177101998334443e+01 1.117177101998334443e+01 1.117177101998334443e+01 1.117177101998334443e+01 1.117177101998334443e+01 1.117177101998334443e+01 1.117177101998334443e+01
1.117177101998334443e+01 1.117177101998334443e+01 1.117177101998334443e+01 1.117177101998334443e+01 1.117177101998334443e+01 1.117177101998334443e+01 2.349245159371281488e+01 2.349245159371281488e+01 3.085068105621343904e+01 3.085068105621343904e+01 3.085068105621343904e+01 2.215414536695384129e+01 1.646878378600806414e+01 1.646878378600806414e+01 1.646878378600806414e+01 1.525456075043902260e+01 1.117177101998334443e+01 1.117177101998334443e+01 1.117177101998334443e+01 1.117177101998334443e+01 1.117177101998334443e+01 1.117177101998334443e+01
1.117177101998334443e+01 1.117177101998334443e+01 1.117177101998334443e+01 1.117177101998334443e+01 1.117177101998334443e+01 2.037717642487253045e+01 2.951724077025025039e+01 4.150294799330460194e+01 5.172239996095030534e+01 5.172239996095030534e+01 5.172239996095030534e+01 4.643732365629585246e+01 3.654011781040512119e+01 3.654011781040512119e+01 3.140348218211599018e+01 1.525456075043902260e+01 1.525456075043902260e+01 1.117177101998334443e+01 1.117177101998334443e+01 1.117177101998334443e+01 1.117177101998334443e+01 1.117177101998334443e+01
1.117177101998334443e+01 1.117177101998334443e+01 1.117177101998334443e+01 1.117177101998334443e+01 1.117177101998334443e+01 2.576633043611174045e+01 4.544290467840224323e+01 7.124594806943764524e+01 8.425760365659189688e+01 1.035552420320568672e+02 1.053402904041064687e+02 8.425760365659189688e+01 7.765653910173620034e+01 6.929609649277102790e+01 5.172239996095030534e+01 3.654011781040512119e+01 3.140348218211599018e+01 1.525456075043902260e+01 1.117177101998334443e+01 1.117177101998334443e+01 1.117177101998334443e+01 1.117177101998334443e+01
1.117177101998334443e+01 1.117177101998334443e+01 1.117177101998334443e+01 1.117177101998334443e+01 1.117177101998334443e+01 2.576633043611174045e+01 5.925561778493014486e+01 9.140758723063565583e+01 1.176755625801949634e+02 1.346161068031603634e+02 1.248876722944637265e+02 1.214549468024962522e+02 1.122142036274958059e+02 1.035552420320568672e+02 8.425760365659189688e+01 7.324025443754445064e+01 3.703883681835838360e+01 2.439381968786790367e+01 1.525456075043902260e+01 1.117177101998334443e+01 1.117177101998334443e+01 1.117177101998334443e+01
1.117177101998334443e+01 1.117177101998334443e+01 1.117177101998334443e+01 1.117177101998334443e+01 1.117177101998334443e+01 3.478912428802515677e+01 5.986805291352521152e+01 9.113101735609951959e+01 1.231123111046935890e+02 1.372249479838434922e+02 1.372249479838434922e+02 1.346161068031603634e+02 1.346161068031603634e+02 1.346161068031603634e+02 1.180130325396972069e+02 1.084525492452312392e+02 7.324025443754445064e+01 3.423063199521688915e+01 1.665967201206148474e+01 1.117177101998334443e+01 1.117177101998334443e+01 1.117177101998334443e+01
1.117177101998334443e+01 1.117177101998334443e+01 1.117177101998334443e+01 1.117177101998334443e+01 1.117177101998334443e+01 2.280717398950359609e+01 5.000196720685557494e+01 7.997620735131849301e+01 9.863130931790621503e+01 1.150273096482981856e+02 1.150273096482981856e+02 1.311593938932073229e+02 1.311593938932073229e+02 1.372249479838434922e+02 1.346161068031603634e+02 1.084525492452312392e+02 8.237534600126173245e+01 5.136004114645760410e+01 3.181994233636210723e+01 1.525456075043902260e+01 1.117177101998334443e+01 1.117177101998334443e+01
1.117177101998334443e+01 1.117177101998334443e+01 1.117177101998334443e+01 1.117177101998334443e+01 1.117177101998334443e+01 1.999125270553379607e+01 3.288001695737025898e+01 4.782193352476001991e+01 6.785389067236735627e+01 8.684673049553772728e+01 8.921694999611112564e+01 9.863130931790621503e+01 1.150273096482981856e+02 1.311593938932073229e+02 1.372249479838434922e+02 1.180130325396972069e+02 9.677024073473910448e+01 6.172304038521588154e+01 3.181994233636210723e+01 1.525456075043902260e+01 1.117177101998334443e+01 1.117177101998334443e+01
1.117177101998334443e+01 1.117177101998334443e+01 1.117177101998334443e+01 1.117177101998334443e+01 1.117177101998334443e+01 1.117177101998334443e+01 1.999125270553379607e+01 2.804995354159927956e+01 3.461360102871131517e+01 3.461360102871131517e+01 4.782193352476001991e+01 5.986805291352521152e+01 9.113101735609951959e+01 1.222500139695009977e+02 1.276798488127038951e+02 1.321334711732760070e+02 1.061443606170878837e+02 7.324025443754445064e+01 3.181994233636210723e+01 1.665967201206148474e+01 1.117177101998334443e+01 1.117177101998334443e+01
1.117177101998334443e+01 1.117177101998334443e+01 1.117177101998334443e+01 1.117177101998334443e+01 1.117177101998334443e+01 1.117177101998334443e+01 1.117177101998334443e+01 1.576916489444050029e+01 1.576916489444050029e+01 1.576916489444050029e+01 2.804995354159927956e+01 4.782193352476001991e+01 7.997620735131849301e+01 1.108220546138201712e+02 1.276798488127038951e+02 1.321334711732760070e+02 9.677024073473910448e+01 6.172304038521588154e+01 2.354492525521909485e+01 1.525456075043902260e+01 1.117177101998334443e+01 1.117177101998334443e+01
1.117177101998334443e+01 1.117177101998334443e+01 1.117177101998334443e+01 1.117177101998334443e+01 1.117177101998334443e+01 1.117177101998334443e+01 1.117177101998334443e+01 1.117177101998334443e+01 1.117177101998334443e+01 1.117177101998334443e+01 2.419781324283522750e+01 4.544290467840224323e+01 7.997620735131849301e+01 1.088221390271501150e+02 1.269132693320712235e+02 1.182827644967853047e+02 9.225983893433739524e+01 6.172304038521588154e+01 2.354492525521909485e+01 1.525456075043902260e+01 1.117177101998334443e+01 1.117177101998334443e+01
1.117177101998334443e+01 1.117177101998334443e+01 1.117177101998334443e+01 1.117177101998334443e+01 1.117177101998334443e+01 1.117177101998334443e+01 1.117177101998334443e+01 1.117177101998334443e+01 1.117177101998334443e+01 1.117177101998334443e+01 3.197818169839567659e+01 5.925561778493014486e+01 9.140758723063565583e+01 1.231123111046935890e+02 1.289603881768512110e+02 1.182827644967853047e+02 8.074509051059655462e+01 5.054953087764619113e+01 2.222109346788754891e+01 1.117177101998334443e+01 1.117177101998334443e+01 1.117177101998334443e+01
1.117177101998334443e+01 1.117177101998334443e+01 1.117177101998334443e+01 1.117177101998334443e+01 1.117177101998334443e+01 1.117177101998334443e+01 1.117177101998334443e+01 1.117177101998334443e+01 1.604969362477619654e+01 2.576633043611174045e+01 4.544290467840224323e+01 7.997620735131849301e+01 1.092454990340157224e+02 1.269132693320712235e+02 1.226826005142027327e+02 1.004096120639376153e+02 6.172304038521588154e+01 4.060106926754843215e+01 1.665967201206148474e+01 1.117177101998334443e+01 1.117177101998334443e+01 1.117177101998334443e+01
1.117177101998334443e+01 1.117177101998334443e+01 1.117177101998334443e+01 1.117177101998334443e+01 1.117177101998334443e+01 1.117177101998334443e+01 1.117177101998334443e+01 1.117177101998334443e+01 2.037717642487253045e+01 3.478912428802515677e+01 5.925561778493014486e+01 9.765704226600495019e+01 1.176755625801949634e+02 1.289603881768512110e+02 1.047576300415255588e+02 8.074509051059655462e+01 5.054953087764619113e+01 2.675895064546863367e+01 1.117177101998334443e+01 1.117177101998334443e+01 1.117177101998334443e+01 1.117177101998334443e+01
1.117177101998334443e+01 1.117177101998334443e+01 1.117177101998334443e+01 1.117177101998334443e+01 1.117177101998334443e+01 1.117177101998334443e+01 1.117177101998334443e+01 2.037717642487253045e+01 2.576633043611174045e+01 5.925561778493014486e+01 9.140758723063565583e+01 1.092454990340157224e+02 1.289603881768512110e+02 1.182827644967853047e+02 9.525298046874408442e+01 6.172304038521588154e+01 3.364700513977228979e+01 1.665967201206148474e+01 1.117177101998334443e+01 1.117177101998334443e+01 1.117177101998334443e+01 1.117177101998334443e+01
1.117177101998334443e+01 1.117177101998334443e+01 1.117177101998334443e+01 1.117177101998334443e+01 1.117177101998334443e+01 1.117177101998334443e+01 1.117177101998334443e+01 2.576633043611174045e+01 4.544290467840224323e+01 7.124594806943764524e+01 1.088221390271501150e+02 1.269132693320712235e+02 1.182827644967853047e+02 1.004096120639376153e+02 6.851759071353048114e+01 4.060106926754843215e+01 2.675895064546863367e+01 1.117177101998334443e+01 1.117177101998334443e+01 1.117177101998334443e+01 1.117177101998334443e+01 1.117177101998334443e+01
1.117177101998334443e+01 1.117177101998334443e+01 1.117177101998334443e+01 1.117177101998334443e+01 1.117177101998334443e+01 1.117177101998334443e+01 2.037717642487253045e+01 3.478912428802515677e+01 5.925561778493014486e+01 9.765704226600495019e+01 1.176755625801949634e+02 1.226826005142027327e+02 1.047576300415255588e+02 7.518839806447329011e+01 4.690348834788726862e+01 2.675895064546863367e+01 1.604969362477619654e+01 1.117177101998334443e+01 1.117177101998334443e+01 1.117177101998334443e+01 1.117177101998334443e+01 1.117177101998334443e+01
1.117177101998334443e+01 1.117177101998334443e+01 1.117177101998334443e+01 1.117177101998334443e+01 1.117177101998334443e+01 1.604969362477619654e+01 2.576633043611174045e+01 5.925561778493014486e+01 9.140758723063565583e+01 1.088221390271501150e+02 1.289603881768512110e+02 1.154661308449449990e+02 8.812280027398119842e+01 6.172304038521588154e+01 3.024183590589346338e+01 1.697814344825927080e+01 1.117177101998334443e+01 1.117177101998334443e+01 1.117177101998334443e+01 1.117177101998334443e+01 1.117177101998334443e+01 1.117177101998334443e+01
1.117177101998334443e+01 1.117177101998334443e+01 1.117177101998334443e+01 1.117177101998334443e+01 1.117177101998334443e+01 2.037717642487253045e+01 3.554912690624065874e+01 7.124594806943764524e+01 9.765704226600495019e+01 1.176755625801949634e+02 1.226826005142027327e+02 1.004096120639376153e+02 6.172304038521588154e+01 4.060106926754843215e+01 2.058666973254727850e+01 1.117177101998334443e+01 1.117177101998334443e+01 1.117177101998334443e+01 1.117177101998334443e+01 1.117177101998334443e+01 1.117177101998334443e+01 1.117177101998334443e+01
1.117177101998334443e+01 1.117177101998334443e+01 1.117177101998334443e+01 1.117177101998334443e+01 1.117177101998334443e+01 2.576633043611174045e+01 5.575960984669398357e+01 9.140758723063565583e+01 1.077042379594686281e+02 1.112535331985656768e+02 1.047576300415255588e+02 7.030713812471009305e+01 4.060106926754843215e+01 2.675895064546863367e+01 1.604969362477619654e+01 1.117177101998334443e+01 1.117177101998334443e+01 1.117177101998334443e+01 1.117177101998334443e+01 1.117177101998334443e+01 1.117177101998334443e+01 1.117177101998334443e+01
1.117177101998334443e+01 1.117177101998334443e+01 1.117177101998334443e+01 1.117177101998334443e+01 1.117177101998334443e+01 3.478912428802515677e+01 5.925561778493014486e+01 9.765704226600495019e+01 1.112535331985656768e+02 1.047576300415255588e+02 7.518839806447329011e+01 4.690348834788726862e+01 2.675895064546863367e+01 1.604969362477619654e+01 1.117177101998334443e+01 1.117177101998334443e+01 1.117177101998334443e+01 1.117177101998334443e+01 1.117177101998334443e+01 1.117177101998334443e+01 1.117177101998334443e+01 1.117177101998334443e+01
1.117177101998334443e+01 1.117177101998334443e+01 1.117177101998334443e+01 1.117177101998334443e+01 2.037717642487253045e+01 3.554912690624065874e+01 6.477711456476845342e+01 9.113101735609951959e+01 9.863130931790621503e+01 7.518839806447329011e+01 5.054953087764619113e+01 2.222109346788754891e+01 1.604969362477619654e+01 1.117177101998334443e+01 1.117177101998334443e+01 1.117177101998334443e+01 1.117177101998334443e+01 1.117177101998334443e+01 1.117177101998334443e+01 1.117177101998334443e+01 1.117177101998334443e+01 1.117177101998334443e+01
