1.076822800774095157e+01 1.076822800774095157e+01 1.076822800774095157e+01 1.076822800774095157e+01 1.076822800774095157e+01 1.076822800774095157e+01 1.076822800774095157e+01 1.076822800774095157e+01 1.076822800774095157e+01 1.076822800774095157e+01 1.076822800774095157e+01 1.076822800774095157e+01 1.076822800774095157e+01 1.076822800774095157e+01 1.076822800774095157e+01 1.076822800774095157e+01 1.076822800774095157e+01 1.076822800774095157e+01 1.076822800774095157e+01 1.076822800774095157e+01 1.076822800774095157e+01 1.076822800774095157e+01
1.076822800774095157e+01 1.076822800774095157e+01 1.076822800774095157e+01 1.076822800774095157e+01 1.076822800774095157e+01 1.076822800774095157e+01 1.076822800774095157e+01 1.076822800774095157e+01 1.076822800774095157e+01 1.076822800774095157e+01 1.076822800774095157e+01 1.076822800774095157e+01 1.634052858631064709e+01 1.634052858631064709e+01 1.076822800774095157e+01 1.076822800774095157e+01 1.076822800774095157e+01 1.076822800774095157e+01 1.076822800774095157e+01 1.076822800774095157e+01 1.076822800774095157e+01 1.076822800774095157e+01
1.076822800774095157e+01 1.076822800774095157e+01 1.076822800774095157e+01 1.654713746148710385e+01 2.032024780318599610e+01 2.480478181883121991e+01 2.480478181883121991e+01 2.480478181883121991e+01 2.480478181883121991e+01 2.480478181883121991e+01 2.579588006004116352e+01 2.579588006004116352e+01 2.830120131461937660e+01 2.830120131461937660e+01 2.446380806349958803e+01 2.145374076571610900e+01 1.902858187653263400e+01 1.076822800774095157e+01 1.076822800774095157e+01 1.076822800774095157e+01 1.076822800774095157e+01 1.076822800774095157e+01
1.076822800774095157e+01 1.076822800774095157e+01 1.746286157327055832e+01 2.592512126555483931e+01 3.384692374235737589e+01 4.226119165025854585e+01 4.808348317122771931e+01 5.164159715322153943e+01 5.164159715322153943e+01 4.808348317122771931e+01 4.808348317122771931e+01 5.560900289945907815e+01 5.468192159319770695e+01 5.560900289945907815e+01 5.781830867378369021e+01 4.167470252386293339e+01 2.785563717741541012e+01 2.145374076571610900e+01 1.076822800774095157e+01 1.076822800774095157e+01 1.076822800774095157e+01 1.076822800774095157e+01
1.076822800774095157e+01 1.746286157327055832e+01 2.450435583765317915e+01 4.475207663108216138e+01 6.928031950261026850e+01 7.321425083654708033e+01 8.688729523718323833e+01 8.688729523718323833e+01 8.688729523718323833e+01 8.688729523718323833e+01 8.688729523718323833e+01 9.351572617957522482e+01 1.035552420320568672e+02 1.066968118175049369e+02 9.423355664581472979e+01 8.051937075894625195e+01 4.300261498891103429e+01 3.177088456233487435e+01 1.665967201206148474e+01 1.076822800774095157e+01 1.076822800774095157e+01 1.076822800774095157e+01
1.076822800774095157e+01 2.334865732325364363e+01 3.536048863166180212e+01 6.280681974623880137e+01 9.744039262810701985e+01 1.066968118175049369e+02 1.240581687786764462e+02 1.240581687786764462e+02 1.240581687786764462e+02 1.240581687786764462e+02 1.240581687786764462e+02 1.333602029551422277e+02 1.333602029551422277e+02 1.333602029551422277e+02 1.240581687786764462e+02 1.017775445358055322e+02 6.659787043424640274e+01 3.177088456233487435e+01 1.902858187653263400e+01 1.076822800774095157e+01 1.076822800774095157e+01 1.076822800774095157e+01
1.076822800774095157e+01 2.236252373296595408e+01 4.629264368032425381e+01 7.795059429731784917e+01 1.104466078683552865e+02 1.229315751807285153e+02 1.352162959287543060e+02 1.352162959287543060e+02 1.352162959287543060e+02 1.286470993822680100e+02 1.286470993822680100e+02 1.352162959287543060e+02 1.352162959287543060e+02 1.445862602298658430e+02 1.445862602298658430e+02 1.246357590554663943e+02 8.134658936811453600e+01 3.837954943437781452e+01 1.977093414255954684e+01 1.076822800774095157e+01 1.076822800774095157e+01 1.076822800774095157e+01
1.076822800774095157e+01 2.348606706422670243e+01 3.622550916134373722e+01 7.220423080533313964e+01 8.907929458861546834e+01 1.020412337891359300e+02 1.232792899914090157e+02 1.232792899914090157e+02 1.232792899914090157e+02 1.232792899914090157e+02 1.095347812652294266e+02 1.056331118742211004e+02 1.232792899914090157e+02 1.309847668534814602e+02 1.374294257164659712e+02 1.246357590554663943e+02 8.818581342595742001e+01 5.098952280263048209e+01 1.977093414255954684e+01 1.076822800774095157e+01 1.076822800774095157e+01 1.076822800774095157e+01
1.076822800774095157e+01 1.746286157327055832e+01 2.348606706422670243e+01 4.785223708661521869e+01 6.411129156920353012e+01 6.864661875761005660e+01 6.864661875761005660e+01 8.629186049575979212e+01 8.629186049575979212e+01 6.864661875761005660e+01 6.864661875761005660e+01 7.460921624836737465e+01 8.867818257388033487e+01 1.145560837975101549e+02 1.309847668534814602e+02 1.246357590554663943e+02 8.818581342595742001e+01 5.889337366098781246e+01 1.977093414255954684e+01 1.076822800774095157e+01 1.076822800774095157e+01 1.076822800774095157e+01
1.076822800774095157e+01 1.076822800774095157e+01 1.996668874766171342e+01 2.805585277308383851e+01 3.467483102355900826e+01 4.494844636469003518e+01 4.699448989352818984e+01 4.104466968598050869e+01 4.104466968598050869e+01 4.104466968598050869e+01 4.104466968598050869e+01 4.494844636469003518e+01 7.220423080533313964e+01 1.104466078683552865e+02 1.231036652372341251e+02 1.246357590554663943e+02 9.583514750919628966e+01 5.684871274836054766e+01 2.542259155378406632e+01 1.076822800774095157e+01 1.076822800774095157e+01 1.076822800774095157e+01
1.076822800774095157e+01 1.076822800774095157e+01 1.076822800774095157e+01 1.578192826130200821e+01 1.578192826130200821e+01 2.515177752063080163e+01 2.515177752063080163e+01 2.515177752063080163e+01 2.515177752063080163e+01 2.059467260839531733e+01 2.330718314065151020e+01 3.681851027804462717e+01 5.732141053195510239e+01 9.287170373619495933e+01 1.229315751807285153e+02 1.246357590554663943e+02 8.134658936811453600e+01 5.314043535137182772e+01 1.977093414255954684e+01 1.076822800774095157e+01 1.076822800774095157e+01 1.076822800774095157e+01
1.076822800774095157e+01 1.076822800774095157e+01 1.076822800774095157e+01 1.076822800774095157e+01 1.076822800774095157e+01 1.076822800774095157e+01 1.076822800774095157e+01 1.076822800774095157e+01 1.076822800774095157e+01 1.076822800774095157e+01 1.746286157327055832e+01 3.842431903670242832e+01 7.687551388861021451e+01 1.104466078683552865e+02 1.266740065313541805e+02 1.106984072280222478e+02 8.134658936811453600e+01 4.323998736967988066e+01 1.977093414255954684e+01 1.076822800774095157e+01 1.076822800774095157e+01 1.076822800774095157e+01
1.076822800774095157e+01 1.076822800774095157e+01 1.076822800774095157e+01 1.076822800774095157e+01 1.076822800774095157e+01 1.076822800774095157e+01 1.076822800774095157e+01 1.076822800774095157e+01 1.076822800774095157e+01 1.076822800774095157e+01 2.450435583765317915e+01 4.646286337496625407e+01 8.504146644543048694e+01 1.126988708127875611e+02 1.243954650720609862e+02 1.030374414242142365e+02 6.683493845984837378e+01 3.364658919707996176e+01 2.059467260839531733e+01 1.076822800774095157e+01 1.076822800774095157e+01 1.076822800774095157e+01
1.076822800774095157e+01 1.076822800774095157e+01 1.076822800774095157e+01 1.076822800774095157e+01 1.076822800774095157e+01 1.076822800774095157e+01 1.076822800774095157e+01 1.076822800774095157e+01 1.076822800774095157e+01 1.746286157327055832e+01 3.842431903670242832e+01 6.587524517296323268e+01 1.022847783426080639e+02 1.231036652372341251e+02 1.246357590554663943e+02 9.583514750919628966e+01 6.034727457021126185e+01 2.690176691435991430e+01 1.076822800774095157e+01 1.076822800774095157e+01 1.076822800774095157e+01 1.076822800774095157e+01
1.076822800774095157e+01 1.076822800774095157e+01 1.076822800774095157e+01 1.076822800774095157e+01 1.076822800774095157e+01 1.076822800774095157e+01 1.076822800774095157e+01 1.076822800774095157e+01 1.076822800774095157e+01 2.450435583765317915e+01 4.646286337496625407e+01 8.123982030814583766e+01 1.126988708127875611e+02 1.266740065313541805e+02 1.106984072280222478e+02 8.087931793331547681e+01 4.323998736967988066e+01 2.373597497170734982e+01 1.076822800774095157e+01 1.076822800774095157e+01 1.076822800774095157e+01 1.076822800774095157e+01
1.076822800774095157e+01 1.076822800774095157e+01 1.076822800774095157e+01 1.076822800774095157e+01 1.076822800774095157e+01 1.076822800774095157e+01 1.076822800774095157e+01 1.076822800774095157e+01 1.746286157327055832e+01 3.475507716969386252e+01 6.280681974623880137e+01 1.005828625570896691e+02 1.203210698816197066e+02 1.243954650720609862e+02 1.004096120639376153e+02 6.444825152442939498e+01 3.185174047389404706e+01 2.059467260839531733e+01 1.076822800774095157e+01 1.076822800774095157e+01 1.076822800774095157e+01 1.076822800774095157e+01
1.076822800774095157e+01 1.076822800774095157e+01 1.076822800774095157e+01 1.076822800774095157e+01 1.076822800774095157e+01 1.076822800774095157e+01 1.076822800774095157e+01 1.076822800774095157e+01 2.209684472610525319e+01 4.646286337496625407e+01 8.123982030814583766e+01 1.126988708127875611e+02 1.266740065313541805e+02 1.106984072280222478e+02 8.087931793331547681e+01 4.775855930454473253e+01 2.196882726471068636e+01 1.076822800774095157e+01 1.076822800774095157e+01 1.076822800774095157e+01 1.076822800774095157e+01 1.076822800774095157e+01
1.076822800774095157e+01 1.076822800774095157e+01 1.076822800774095157e+01 1.076822800774095157e+01 1.076822800774095157e+01 1.076822800774095157e+01 1.076822800774095157e+01 1.746286157327055832e+01 2.952181692409752500e+01 5.992511861684114649e+01 9.287170373619495933e+01 1.224192380358357042e+02 1.243954650720609862e+02 1.004096120639376153e+02 6.444825152442939498e+01 3.185174047389404706e+01 2.059467260839531733e+01 1.076822800774095157e+01 1.076822800774095157e+01 1.076822800774095157e+01 1.076822800774095157e+01 1.076822800774095157e+01
1.076822800774095157e+01 1.076822800774095157e+01 1.076822800774095157e+01 1.076822800774095157e+01 1.076822800774095157e+01 1.076822800774095157e+01 1.076822800774095157e+01 1.746286157327055832e+01 3.842431903670242832e+01 8.123982030814583766e+01 1.126988708127875611e+02 1.266740065313541805e+02 1.106984072280222478e+02 8.134658936811453600e+01 5.175868361855789601e+01 2.690176691435991430e+01 1.076822800774095157e+01 1.076822800774095157e+01 1.076822800774095157e+01 1.076822800774095157e+01 1.076822800774095157e+01 1.076822800774095157e+01
1.076822800774095157e+01 1.076822800774095157e+01 1.076822800774095157e+01 1.076822800774095157e+01 1.076822800774095157e+01 1.076822800774095157e+01 1.076822800774095157e+01 2.236252373296595408e+01 5.440489914187316600e+01 8.504146644543048694e+01 1.224192380358357042e+02 1.286470993822680100e+02 1.060495179018770955e+02 8.134658936811453600e+01 4.323998736967988066e+01 1.977093414255954684e+01 1.076822800774095157e+01 1.076822800774095157e+01 1.076822800774095157e+01 1.076822800774095157e+01 1.076822800774095157e+01 1.076822800774095157e+01
1.076822800774095157e+01 1.076822800774095157e+01 1.076822800774095157e+01 1.076822800774095157e+01 1.076822800774095157e+01 1.076822800774095157e+01 1.076822800774095157e+01 2.436660503380706899e+01 4.946052944489136394e+01 9.287170373619495933e+01 1.231036652372341251e+02 1.286470993822680100e+02 1.030374414242142365e+02 6.683493845984837378e+01 3.364658919707996176e+01 1.665967201206148474e+01 1.076822800774095157e+01 1.076822800774095157e+01 1.076822800774095157e+01 1.076822800774095157e+01 1.076822800774095157e+01 1.076822800774095157e+01
1.076822800774095157e+01 1.076822800774095157e+01 1.076822800774095157e+01 1.076822800774095157e+01 1.076822800774095157e+01 1.076822800774095157e+01 1.076822800774095157e+01 2.436660503380706899e+01 4.946052944489136394e+01 8.844806095342228502e+01 1.109277974783094152e+02 1.155221747638669143e+02 9.583514750919628966e+01 6.034727457021126185e+01 2.690176691435991430e+01 1.076822800774095157e+01 1.076822800774095157e+01 1.076822800774095157e+01 1.076822800774095157e+01 1.076822800774095157e+01 1.076822800774095157e+01 1.076822800774095157e+01
