9.369671274679511885e-01 1.493365465960169391e+00 1.283476738375510795e+00 1.334784525332098237e+00 1.334784525332098237e+00 1.415173716450336627e+00 1.546601488402492786e+00 1.514792010508462017e+00 1.477153684107387566e+00 1.342696858857270303e+00 1.397136339059534826e+00 1.397136339059534826e+00 1.297438915607981302e+00 4.497633744855966675e-01 5.072189153439152776e-01 1.334784525332098237e+00 1.334784525332098237e+00 1.334784525332098237e+00 1.334784525332098237e+00 1.334784525332098237e+00 1.334784525332098237e+00 1.334784525332098237e+00
1.088008075826215171e+00 1.354921863446387764e+00 1.283958385341307906e+00 1.342696858857270303e+00 1.394860076800541027e+00 1.087710189287132145e+01 8.388047959735146719e+01 5.554239303643735326e+01 5.554239303643735326e+01 8.388047959735146719e+01 1.546601488402492786e+00 1.531800555023214772e+00 1.212679398148148069e+00 4.497633744855966675e-01 5.072189153439152776e-01 1.334784525332098237e+00 1.334784525332098237e+00 1.334784525332098237e+00 1.334784525332098237e+00 1.334784525332098237e+00 1.334784525332098237e+00 1.334784525332098237e+00
1.405159803696035770e+00 1.071660523593004122e+00 1.088008075826215171e+00 1.473349371289730980e+00 4.283696269351256092e+01 5.554239303643735326e+01 1.462634030869999151e+02 1.293206451028665924e+02 1.622996780764249820e+02 1.293206451028665924e+02 1.058921748445803956e+02 1.531800555023214772e+00 1.212679398148148069e+00 9.369671274679511885e-01 4.497633744855966675e-01 6.945760262336684310e-01 1.334784525332098237e+00 1.334784525332098237e+00 1.334784525332098237e+00 1.334784525332098237e+00 1.334784525332098237e+00 1.334784525332098237e+00
1.433344380402590712e+00 1.194479276895943354e+00 2.388686108892002125e+01 4.873687137716461848e+01 1.144679858384505877e+02 1.085167850143039772e+02 5.904196056547618099e+01 5.904196056547618099e+01 6.115092708333333604e+01 7.599277039524261568e+01 7.509211726104581430e+01 2.440406191776899902e+01 1.119177216167768441e+00 1.297191209066208994e+00 4.497633744855966675e-01 5.072189153439152776e-01 5.072189153439152776e-01 5.072189153439152776e-01 5.072189153439152776e-01 5.072189153439152776e-01 6.801597099745246844e-01 6.945760262336684310e-01
1.668614307575027711e+00 1.175415123456790223e+00 5.889885634460811303e+01 5.007785094285969052e+01 5.904196056547618099e+01 6.115092708333333604e+01 2.030136870622944123e+00 1.832741781761381139e+00 1.593848482766635044e+00 1.673766974229390136e+00 7.582484260461760073e+01 3.714829423925278462e+01 1.401280161806324642e+00 1.297191209066208994e+00 1.171223513775203173e+00 4.497633744855966675e-01 5.072189153439152776e-01 4.497633744855966675e-01 5.072189153439152776e-01 4.497633744855966675e-01 5.072189153439152776e-01 5.072189153439152776e-01
1.842191647227284124e+00 1.486628417107583644e+00 4.055332182744831648e+00 2.289184088496794089e+01 1.926530424089761384e+00 1.333656663109014096e+00 1.694052209162490996e+00 1.633953637566137429e+00 1.477153684107387566e+00 4.089466209658372264e+01 7.982917914460884390e+01 3.714829423925278462e+01 1.493365465960169391e+00 1.212679398148148069e+00 1.175415123456790223e+00 9.935548053633974641e-01 1.171223513775203173e+00 1.171223513775203173e+00 1.171223513775203173e+00 4.497633744855966675e-01 4.497633744855966675e-01 5.072189153439152776e-01
1.796394991142466813e+00 1.980062172558184841e+00 1.297191209066208994e+00 1.803511643946359211e+00 1.283476738375510795e+00 1.682625380166022033e+00 1.415173716450336627e+00 3.276175566554354646e+01 4.510519593253968118e+00 5.554239303643735326e+01 1.651181394903353521e+02 1.058921748445803956e+02 1.342696858857270303e+00 1.394860076800541027e+00 1.179127508804178381e+00 1.212679398148148069e+00 1.198074345750271830e+00 1.632600388386092671e+00 1.632600388386092671e+00 1.171223513775203173e+00 4.497633744855966675e-01 4.497633744855966675e-01
1.803511643946359211e+00 1.668614307575027711e+00 9.542336628736156623e-01 1.033120940420809708e+00 1.114671964752022015e+00 1.283958385341307906e+00 1.087710189287132145e+01 5.554239303643735326e+01 1.195025193486234940e+02 1.376364116562940580e+02 1.665733579608744037e+02 1.625229472494858669e+02 1.280618383291624980e+02 1.546601488402492786e+00 1.546601488402492786e+00 1.394860076800541027e+00 1.546601488402492786e+00 1.988271195346387188e+00 1.842191647227284124e+00 1.212679398148148069e+00 1.297191209066208994e+00 4.497633744855966675e-01
1.333656663109014096e+00 1.472515883792801183e+00 1.283958385341307906e+00 1.354921863446387764e+00 1.037620383731494789e+00 1.175415123456790223e+00 1.297191209066208994e+00 1.354666439559426294e+02 1.293206451028665924e+02 1.669530004738343791e+02 1.662935404852408396e+02 1.510885137426821245e+02 1.502395451793062762e+02 1.280618383291624980e+02 8.577897949380196962e+01 4.162079859095558731e+01 1.546601488402492786e+00 1.796394991142466813e+00 1.531800555023214772e+00 1.401280161806324642e+00 1.297191209066208994e+00 4.497633744855966675e-01
1.297191209066208994e+00 1.171223513775203173e+00 1.194479276895943354e+00 1.481574737733978520e+00 1.333656663109014096e+00 1.119177216167768441e+00 1.297191209066208994e+00 5.360201608073906243e+01 5.246460840340154164e+01 8.432515455170009488e+01 8.432515455170009488e+01 5.883788217750495164e+01 5.883788217750495164e+01 3.937030621693121191e+01 7.509211726104581430e+01 7.509211726104581430e+01 9.396583517506485350e+01 2.299246216513732222e+01 1.395154207147901992e+01 1.477375116086301343e+00 1.472856846958441546e+00 4.497633744855966675e-01
1.212679398148148069e+00 1.297191209066208994e+00 1.297191209066208994e+00 1.212679398148148069e+00 1.212679398148148069e+00 1.421058955315390504e+00 1.246340485892284633e+00 1.832741781761381139e+00 1.926530424089761384e+00 1.832741781761381139e+00 1.988271195346387188e+00 1.957776864088232482e+00 1.988271195346387188e+00 1.593848482766635044e+00 1.203907633004745215e+01 7.599277039524261568e+01 7.509211726104581430e+01 4.681086948237775403e+01 1.796394991142466813e+00 1.675283689907904883e+00 1.171223513775203173e+00 1.297191209066208994e+00
1.394680549990166440e+00 1.194479276895943354e+00 1.297191209066208994e+00 1.212679398148148069e+00 1.283958385341307906e+00 1.072453979276895675e+00 1.175415123456790223e+00 1.486628417107583644e+00 1.988271195346387188e+00 1.842191647227284124e+00 1.832741781761381139e+00 1.796394991142466813e+00 1.616615617603053279e+00 1.593848482766635044e+00 1.686165998955471590e+00 1.593848482766635044e+00 5.072189153439152776e-01 7.509211726104581430e+01 2.642381151224940439e+01 1.675283689907904883e+00 1.632600388386092671e+00 1.155848961395257835e+00
1.333656663109014096e+00 1.431338366473970281e+00 1.037620383731494789e+00 9.838274337348410503e-01 1.072453979276895675e+00 1.175415123456790223e+00 1.297191209066208994e+00 2.030136870622944123e+00 1.832741781761381139e+00 1.832741781761381139e+00 1.980062172558184841e+00 1.842191647227284124e+00 1.401280161806324642e+00 1.405159803696035770e+00 1.682625380166022033e+00 1.793828834488985668e+00 1.405159803696035770e+00 1.933179274571729422e+01 1.286296538544358192e+01 1.342696858857270303e+00 1.477375116086301343e+00 1.668614307575027711e+00
1.367752784920592823e+00 1.171223513775203173e+00 1.094513261071400567e+00 6.945760262336684310e-01 1.098625110229276558e+00 1.119177216167768441e+00 1.264293660930103869e+00 1.617992501898121827e+00 1.675283689907904883e+00 1.333656663109014096e+00 1.796394991142466813e+00 1.605779799721876566e+00 1.569115990699413876e+00 1.401280161806324642e+00 1.212679398148148069e+00 1.283476738375510795e+00 1.448284394189816027e+00 1.297191209066208994e+00 8.450707595053524201e+00 8.271034589865134024e+01 1.546601488402492786e+00 1.342696858857270303e+00
1.212679398148148069e+00 1.632600388386092671e+00 9.935548053633974641e-01 1.065050942333714001e+00 9.348875041229920413e-01 1.367752784920592823e+00 1.212679398148148069e+00 1.415173716450336627e+00 1.493365465960169391e+00 1.472515883792801183e+00 1.212679398148148069e+00 1.481574737733978520e+00 1.547816311747288731e+00 1.408195651755201228e+00 1.569115990699413876e+00 1.334784525332098237e+00 1.297191209066208994e+00 1.297191209066208994e+00 1.509772506682844195e+01 7.537045972319091902e+01 1.617992501898121827e+00 2.514938135063572222e+00
1.098625110229276558e+00 1.094513261071400567e+00 1.401280161806324642e+00 1.297191209066208994e+00 1.094513261071400567e+00 1.342696858857270303e+00 1.342696858857270303e+00 1.477153684107387566e+00 1.546601488402492786e+00 1.433344380402590712e+00 1.212679398148148069e+00 1.372165173707753594e+00 1.334784525332098237e+00 1.514792010508462017e+00 1.720350640621634009e+00 1.342696858857270303e+00 1.448284394189816027e+00 1.654121532473369793e+00 5.201400070308402235e+01 4.521236067019400195e+01 1.212679398148148069e+00 1.100056925644604444e+00
8.381692325522982490e-01 1.212679398148148069e+00 1.342696858857270303e+00 1.654121532473369793e+00 2.637598450055835286e+01 3.928366528995297813e+00 5.554239303643735326e+01 5.554239303643735326e+01 1.546601488402492786e+00 1.546601488402492786e+00 1.400556891155800399e+00 1.397136339059534826e+00 1.394860076800541027e+00 1.546601488402492786e+00 1.546601488402492786e+00 1.546601488402492786e+00 1.408195651755201228e+00 4.873687137716461848e+01 9.765531050311840033e+01 3.714829423925278462e+01 2.241508035839006041e+00 1.297191209066208994e+00
6.945760262336684310e-01 9.071791495912098213e-01 1.283958385341307906e+00 1.431338366473970281e+00 1.297191209066208994e+00 4.537299327342180533e+01 1.293206451028665924e+02 1.293206451028665924e+02 1.233197696687370666e+02 1.233197696687370666e+02 5.554239303643735326e+01 6.725149032956804263e+01 5.554239303643735326e+01 3.625714155807385541e+00 1.724553170499832433e+01 4.510519593253968118e+00 5.554239303643735326e+01 9.262823200550174363e+01 6.131871453079215684e+01 1.996904424301296999e+00 4.497633744855966675e-01 5.072189153439152776e-01
1.065050942333714001e+00 9.348875041229920413e-01 5.072189153439152776e-01 5.072189153439152776e-01 1.333656663109014096e+00 4.360521635145005348e+00 5.904196056547618099e+01 3.738523143555261896e+01 8.930913613246896432e+01 1.293206451028665924e+02 1.233197696687370666e+02 1.380861940770135163e+02 1.233197696687370666e+02 1.233197696687370666e+02 5.857234960394077916e+01 8.577897949380196962e+01 9.839016102176738343e+01 1.085167850143039772e+02 6.271313725789642035e+01 9.935548053633974641e-01 4.497633744855966675e-01 5.072189153439152776e-01
5.072189153439152776e-01 4.497633744855966675e-01 4.497633744855966675e-01 4.497633744855966675e-01 5.072189153439152776e-01 5.072189153439152776e-01 5.072189153439152776e-01 5.072189153439152776e-01 5.072189153439152776e-01 3.306619311317624010e+01 3.306619311317624010e+01 7.599277039524261568e+01 1.240423044432419317e+02 8.930913613246896432e+01 9.153117069148565577e+01 7.537297677722457934e+01 8.930913613246896432e+01 6.160179966452889033e+01 1.617992501898121827e+00 6.945760262336684310e-01 4.497633744855966675e-01 5.072189153439152776e-01
4.497633744855966675e-01 4.497633744855966675e-01 5.072189153439152776e-01 4.497633744855966675e-01 4.497633744855966675e-01 4.497633744855966675e-01 4.497633744855966675e-01 4.497633744855966675e-01 5.072189153439152776e-01 5.072189153439152776e-01 1.706502314814814625e+01 5.072189153439152776e-01 5.072189153439152776e-01 3.306619311317624010e+01 8.089726633003207823e+00 8.089726633003207823e+00 3.306619311317624010e+01 3.432127707174831954e+00 6.945760262336684310e-01 4.497633744855966675e-01 4.497633744855966675e-01 1.334784525332098237e+00
6.945760262336684310e-01 1.334784525332098237e+00 1.334784525332098237e+00 1.334784525332098237e+00 6.945760262336684310e-01 6.945760262336684310e-01 1.334784525332098237e+00 1.334784525332098237e+00 1.334784525332098237e+00 1.334784525332098237e+00 5.072189153439152776e-01 4.497633744855966675e-01 5.072189153439152776e-01 5.072189153439152776e-01 1.706502314814814625e+01 5.072189153439152776e-01 5.072189153439152776e-01 5.072189153439152776e-01 4.497633744855966675e-01 6.945760262336684310e-01 1.334784525332098237e+00 1.334784525332098237e+00
