1.431338366473970281e+00 1.477375116086301343e+00 1.431338366473970281e+00 1.405159803696035770e+00 1.715544144554230543e+00 9.246575543797767027e-01 9.246575543797767027e-01 9.246575543797767027e-01 9.246575543797767027e-01 9.246575543797767027e-01 1.140328001794563173e+00 1.140328001794563173e+00 1.140328001794563173e+00 1.140328001794563173e+00 1.140328001794563173e+00 1.952660257346079620e+00 2.207196779168923317e+00 2.207196779168923317e+00 2.207196779168923317e+00 2.207196779168923317e+00 2.207196779168923317e+00 2.207196779168923317e+00
1.548591070098576994e+00 1.546601488402492786e+00 1.546601488402492786e+00 1.546601488402492786e+00 1.349247001298933490e+00 9.246575543797767027e-01 9.246575543797767027e-01 9.246575543797767027e-01 1.140328001794563173e+00 1.140328001794563173e+00 9.246575543797767027e-01 9.246575543797767027e-01 9.246575543797767027e-01 1.140328001794563173e+00 1.140328001794563173e+00 1.952660257346079620e+00 2.207196779168923317e+00 2.207196779168923317e+00 2.207196779168923317e+00 2.207196779168923317e+00 2.207196779168923317e+00 2.207196779168923317e+00
1.405159803696035770e+00 1.372165173707753594e+00 1.548591070098576994e+00 1.327979934072425428e+00 1.349247001298933490e+00 9.246575543797767027e-01 9.246575543797767027e-01 1.140328001794563173e+00 1.140328001794563173e+00 9.246575543797767027e-01 9.246575543797767027e-01 1.327979934072425428e+00 9.246575543797767027e-01 1.140328001794563173e+00 1.140328001794563173e+00 1.952660257346079620e+00 2.207196779168923317e+00 2.207196779168923317e+00 2.207196779168923317e+00 2.207196779168923317e+00 2.207196779168923317e+00 2.207196779168923317e+00
1.715544144554230543e+00 4.283696269351256092e+01 1.514792010508462017e+00 2.066388056224973457e+00 3.423528778350195978e+01 3.423528778350195978e+01 1.402525222055918119e+00 1.402525222055918119e+00 1.402525222055918119e+00 1.394860076800541027e+00 1.546601488402492786e+00 1.327979934072425428e+00 1.548591070098576994e+00 9.246575543797767027e-01 1.140328001794563173e+00 1.952660257346079620e+00 2.207196779168923317e+00 2.207196779168923317e+00 2.207196779168923317e+00 2.207196779168923317e+00 2.207196779168923317e+00 2.207196779168923317e+00
1.349247001298933490e+00 9.313255860498621530e+01 6.653995145294763347e+01 8.388047959735146719e+01 1.674189629629629508e+02 8.363830309538388974e+01 8.363830309538388974e+01 8.363830309538388974e+01 8.363830309538388974e+01 8.363830309538388974e+01 8.388047959735146719e+01 3.423528778350195978e+01 1.514792010508462017e+00 1.394860076800541027e+00 1.402525222055918119e+00 1.952660257346079620e+00 1.835447828868607356e+00 1.835447828868607356e+00 1.952660257346079620e+00 1.952660257346079620e+00 1.801964472879553414e+00 1.801964472879553414e+00
1.431338366473970281e+00 6.116351621048082876e+01 1.103030876253132675e+02 1.458062364035809537e+02 1.658925433600738870e+02 1.654229331033899086e+02 1.658814482519402418e+02 1.662378642367306441e+02 1.662378642367306441e+02 1.543783700322233869e+02 1.662378642367306441e+02 1.299516207206086449e+02 3.470258470773283221e+01 1.546601488402492786e+00 1.546601488402492786e+00 1.333487143273757169e+00 1.548591070098576994e+00 1.687043876602058345e+00 1.649002885562693699e+00 1.715544144554230543e+00 1.801964472879553414e+00 1.801964472879553414e+00
1.687043876602058345e+00 1.687043876602058345e+00 1.687043876602058345e+00 1.687043876602058345e+00 6.750094204964118205e+01 1.664244236540424993e+02 1.664244236540424993e+02 1.658925433600738870e+02 1.658925433600738870e+02 1.664244236540424993e+02 1.658925433600738870e+02 1.455203835978836082e+02 1.539652047047917733e+02 3.470258470773283221e+01 3.400717216599787207e+01 1.546601488402492786e+00 1.477375116086301343e+00 1.835447828868607356e+00 1.715544144554230543e+00 1.488831689590789598e+00 1.407521515255036659e+00 1.140328001794563173e+00
1.140328001794563173e+00 1.686165998955471590e+00 1.766304463120761836e+00 1.687043876602058345e+00 1.687043876602058345e+00 1.687043876602058345e+00 1.687043876602058345e+00 1.687043876602058345e+00 1.687043876602058345e+00 1.687043876602058345e+00 1.687043876602058345e+00 1.557078093751281642e+02 1.315244436006683486e+02 1.541547738340560443e+02 1.299516207206086449e+02 4.850584578612867404e+01 3.837956676505829279e+00 1.835447828868607356e+00 1.687043876602058345e+00 1.639913881767250503e+00 9.246575543797767027e-01 9.246575543797767027e-01
1.207789152015342315e+00 1.140328001794563173e+00 1.349247001298933490e+00 1.349247001298933490e+00 1.686165998955471590e+00 1.832741781761381139e+00 1.832741781761381139e+00 1.766304463120761836e+00 1.639913881767250503e+00 1.639913881767250503e+00 1.766304463120761836e+00 1.687043876602058345e+00 9.350527239858907080e+01 1.630721346498963271e+02 1.658814482519402418e+02 1.058921748445803956e+02 2.222367324845778924e+00 1.333487143273757169e+00 1.678110552146205858e+00 1.715544144554230543e+00 1.715544144554230543e+00 9.246575543797767027e-01
9.246575543797767027e-01 9.246575543797767027e-01 9.246575543797767027e-01 9.246575543797767027e-01 9.246575543797767027e-01 1.514792010508462017e+00 1.291238052222463573e+00 1.431338366473970281e+00 1.646166307098127612e+00 1.349247001298933490e+00 1.349247001298933490e+00 1.349247001298933490e+00 1.405159803696035770e+00 9.350527239858907080e+01 1.578747708965977381e+02 1.213822907909484172e+02 4.850584578612867404e+01 1.548591070098576994e+00 1.639913881767250503e+00 1.709975255147622386e+00 1.431338366473970281e+00 9.246575543797767027e-01
9.246575543797767027e-01 9.246575543797767027e-01 1.140328001794563173e+00 9.246575543797767027e-01 9.246575543797767027e-01 1.548591070098576994e+00 1.488831689590789598e+00 1.687043876602058345e+00 1.608812170226898930e+00 1.687043876602058345e+00 1.140328001794563173e+00 1.173069761025371083e+00 1.537099465969255796e+01 8.378546141975307648e+01 1.458062364035809537e+02 1.659800634450567713e+02 1.363776415075386694e+02 1.239650755716246699e+01 1.590347279450165630e+00 1.349247001298933490e+00 1.173069761025371083e+00 9.246575543797767027e-01
1.140328001794563173e+00 1.140328001794563173e+00 1.140328001794563173e+00 1.140328001794563173e+00 9.246575543797767027e-01 9.246575543797767027e-01 1.291238052222463573e+00 1.477375116086301343e+00 1.639913881767250503e+00 1.405159803696035770e+00 1.405159803696035770e+00 4.105865542219670594e+00 1.349247001298933490e+00 5.630875314953348010e+01 1.665802249125970889e+02 1.666145754432377259e+02 1.363776415075386694e+02 1.239650755716246699e+01 1.514792010508462017e+00 1.349247001298933490e+00 1.394860076800541027e+00 9.246575543797767027e-01
1.140328001794563173e+00 1.140328001794563173e+00 1.140328001794563173e+00 9.246575543797767027e-01 9.246575543797767027e-01 9.246575543797767027e-01 1.140328001794563173e+00 1.546601488402492786e+00 1.546601488402492786e+00 1.394860076800541027e+00 1.349247001298933490e+00 1.687043876602058345e+00 1.405159803696035770e+00 8.378546141975307648e+01 1.665802249125970889e+02 1.666145754432377259e+02 1.658814482519402418e+02 1.548591070098576994e+00 1.333487143273757169e+00 1.394860076800541027e+00 9.246575543797767027e-01 1.140328001794563173e+00
9.246575543797767027e-01 9.246575543797767027e-01 9.246575543797767027e-01 1.140328001794563173e+00 9.246575543797767027e-01 1.333487143273757169e+00 1.173069761025371083e+00 1.140328001794563173e+00 1.349247001298933490e+00 1.514792010508462017e+00 1.349247001298933490e+00 1.832741781761381139e+00 1.405159803696035770e+00 8.378546141975307648e+01 1.665848197556454693e+02 1.666145754432377259e+02 1.052949521208544610e+02 1.835447828868607356e+00 1.333487143273757169e+00 1.431338366473970281e+00 1.140328001794563173e+00 1.140328001794563173e+00
1.488831689590789598e+00 1.488831689590789598e+00 9.246575543797767027e-01 9.246575543797767027e-01 1.333487143273757169e+00 1.207789152015342315e+00 1.207789152015342315e+00 9.246575543797767027e-01 1.207789152015342315e+00 1.140328001794563173e+00 1.546601488402492786e+00 1.514792010508462017e+00 1.709975255147622386e+00 5.630875314953348010e+01 1.665802249125970889e+02 1.666145754432377259e+02 9.254919391582963328e+01 1.548591070098576994e+00 1.604172947171978114e+00 9.246575543797767027e-01 9.246575543797767027e-01 1.140328001794563173e+00
2.207196779168923317e+00 2.207196779168923317e+00 1.757875609252048665e+00 9.246575543797767027e-01 9.246575543797767027e-01 1.333487143273757169e+00 1.349247001298933490e+00 9.246575543797767027e-01 9.246575543797767027e-01 9.246575543797767027e-01 1.207789152015342315e+00 1.349247001298933490e+00 4.283696269351256092e+01 1.085698117652033119e+02 1.542645080485710878e+02 1.659800634450567713e+02 1.239650755716246699e+01 1.488831689590789598e+00 1.442896702274131693e+00 9.246575543797767027e-01 9.246575543797767027e-01 1.140328001794563173e+00
2.207196779168923317e+00 2.207196779168923317e+00 2.207196779168923317e+00 1.442896702274131693e+00 9.246575543797767027e-01 9.246575543797767027e-01 9.246575543797767027e-01 9.246575543797767027e-01 9.246575543797767027e-01 9.246575543797767027e-01 1.140328001794563173e+00 1.349247001298933490e+00 4.283696269351256092e+01 1.268625764728178638e+02 1.662295408320312617e+02 1.250950289794241002e+02 1.548591070098576994e+00 1.687043876602058345e+00 1.673073015453906631e+00 1.442896702274131693e+00 9.246575543797767027e-01 1.140328001794563173e+00
2.207196779168923317e+00 2.207196779168923317e+00 2.066339160269458297e+00 1.709975255147622386e+00 9.246575543797767027e-01 9.246575543797767027e-01 9.246575543797767027e-01 9.246575543797767027e-01 9.246575543797767027e-01 1.687043876602058345e+00 1.405159803696035770e+00 1.349247001298933490e+00 9.313255860498621530e+01 1.665802249125970889e+02 1.666145754432377259e+02 7.537045972319091902e+01 1.835447828868607356e+00 1.728023305383751707e+00 1.687043876602058345e+00 1.604172947171978114e+00 9.246575543797767027e-01 1.140328001794563173e+00
2.207196779168923317e+00 2.207196779168923317e+00 1.970526569700152608e+00 1.715544144554230543e+00 9.246575543797767027e-01 9.246575543797767027e-01 9.246575543797767027e-01 9.246575543797767027e-01 1.140328001794563173e+00 1.327979934072425428e+00 1.405159803696035770e+00 5.744697434910300160e+01 1.458062364035809537e+02 1.665802249125970889e+02 1.666145754432377259e+02 1.239650755716246699e+01 1.678110552146205858e+00 1.514792010508462017e+00 1.682625380166022033e+00 1.715544144554230543e+00 9.246575543797767027e-01 9.246575543797767027e-01
2.207196779168923317e+00 2.207196779168923317e+00 1.715544144554230543e+00 9.246575543797767027e-01 1.140328001794563173e+00 9.246575543797767027e-01 9.246575543797767027e-01 1.207789152015342315e+00 1.333487143273757169e+00 1.546601488402492786e+00 1.448284394189816027e+00 8.378546141975307648e+01 1.665848197556454693e+02 1.665802249125970889e+02 1.666145754432377259e+02 6.656295775739383203e+01 9.868196986912462165e+00 1.349247001298933490e+00 1.394860076800541027e+00 1.349247001298933490e+00 9.246575543797767027e-01 1.140328001794563173e+00
2.207196779168923317e+00 2.207196779168923317e+00 1.715544144554230543e+00 9.246575543797767027e-01 1.140328001794563173e+00 9.246575543797767027e-01 9.246575543797767027e-01 1.207789152015342315e+00 1.327979934072425428e+00 1.402525222055918119e+00 1.349247001298933490e+00 7.004190805668270059e+01 1.662326582194432376e+02 1.664244236540424993e+02 1.659800634450567713e+02 1.548591070098576994e+00 1.333487143273757169e+00 1.394860076800541027e+00 1.173069761025371083e+00 9.246575543797767027e-01 9.246575543797767027e-01 1.140328001794563173e+00
2.207196779168923317e+00 2.207196779168923317e+00 1.715544144554230543e+00 9.246575543797767027e-01 1.207789152015342315e+00 9.246575543797767027e-01 9.246575543797767027e-01 9.246575543797767027e-01 9.246575543797767027e-01 1.207789152015342315e+00 1.349247001298933490e+00 6.116351621048082876e+01 1.063846487399053160e+02 1.557078093751281642e+02 7.537045972319091902e+01 1.835447828868607356e+00 3.024236200243800354e+00 1.327979934072425428e+00 1.207789152015342315e+00 9.246575543797767027e-01 9.246575543797767027e-01 1.140328001794563173e+00
