7.563271604938271997e-01 7.563271604938271997e-01 7.563271604938271997e-01 7.563271604938271997e-01 7.563271604938271997e-01 7.563271604938271997e-01 7.563271604938271997e-01 1.207789152015342315e+00 1.514792010508462017e+00 1.477375116086301343e+00 1.431338366473970281e+00 9.246575543797767027e-01 9.809957314487123270e-01 7.563271604938271997e-01 7.563271604938271997e-01 7.563271604938271997e-01 7.563271604938271997e-01 7.563271604938271997e-01 7.563271604938271997e-01 7.563271604938271997e-01 7.563271604938271997e-01 7.563271604938271997e-01
7.563271604938271997e-01 7.563271604938271997e-01 7.563271604938271997e-01 7.563271604938271997e-01 7.563271604938271997e-01 7.563271604938271997e-01 7.563271604938271997e-01 7.563271604938271997e-01 1.447207943193033142e+00 1.297438915607981302e+00 1.394860076800541027e+00 1.546601488402492786e+00 9.809957314487123270e-01 9.246575543797767027e-01 7.563271604938271997e-01 7.563271604938271997e-01 7.563271604938271997e-01 7.563271604938271997e-01 7.563271604938271997e-01 7.563271604938271997e-01 7.563271604938271997e-01 7.563271604938271997e-01
7.563271604938271997e-01 7.563271604938271997e-01 7.563271604938271997e-01 7.563271604938271997e-01 7.563271604938271997e-01 7.563271604938271997e-01 7.563271604938271997e-01 7.563271604938271997e-01 1.396955483262673381e+00 1.405159803696035770e+00 7.563271604938271997e-01 2.515287937370628946e+00 2.055462447120667946e+00 9.246575543797767027e-01 7.563271604938271997e-01 7.563271604938271997e-01 7.563271604938271997e-01 7.563271604938271997e-01 7.563271604938271997e-01 7.563271604938271997e-01 7.563271604938271997e-01 7.563271604938271997e-01
7.563271604938271997e-01 7.563271604938271997e-01 7.563271604938271997e-01 7.563271604938271997e-01 7.563271604938271997e-01 7.563271604938271997e-01 7.563271604938271997e-01 1.407521515255036659e+00 1.605779799721876566e+00 1.431338366473970281e+00 2.222367324845778924e+00 1.396955483262673381e+00 1.333487143273757169e+00 9.246575543797767027e-01 7.563271604938271997e-01 7.563271604938271997e-01 7.563271604938271997e-01 7.563271604938271997e-01 7.563271604938271997e-01 7.563271604938271997e-01 7.563271604938271997e-01 7.563271604938271997e-01
7.563271604938271997e-01 7.563271604938271997e-01 7.563271604938271997e-01 7.563271604938271997e-01 7.563271604938271997e-01 1.477375116086301343e+00 1.396955483262673381e+00 1.297438915607981302e+00 1.546601488402492786e+00 1.448284394189816027e+00 1.546601488402492786e+00 1.333487143273757169e+00 1.173069761025371083e+00 9.246575543797767027e-01 7.563271604938271997e-01 7.563271604938271997e-01 7.563271604938271997e-01 7.563271604938271997e-01 7.563271604938271997e-01 7.563271604938271997e-01 7.563271604938271997e-01 7.563271604938271997e-01
7.563271604938271997e-01 7.563271604938271997e-01 7.563271604938271997e-01 7.563271604938271997e-01 7.563271604938271997e-01 1.514792010508462017e+00 1.546601488402492786e+00 1.514792010508462017e+00 1.207789152015342315e+00 1.431338366473970281e+00 4.426495452401460362e+00 1.333487143273757169e+00 1.173069761025371083e+00 9.246575543797767027e-01 7.563271604938271997e-01 7.563271604938271997e-01 7.563271604938271997e-01 7.563271604938271997e-01 7.563271604938271997e-01 7.563271604938271997e-01 7.563271604938271997e-01 7.563271604938271997e-01
7.563271604938271997e-01 7.563271604938271997e-01 7.563271604938271997e-01 7.563271604938271997e-01 7.563271604938271997e-01 7.563271604938271997e-01 9.809957314487123270e-01 1.295167102871019438e+00 1.207789152015342315e+00 1.297438915607981302e+00 4.426495452401460362e+00 1.333487143273757169e+00 1.173069761025371083e+00 9.246575543797767027e-01 7.563271604938271997e-01 7.563271604938271997e-01 7.563271604938271997e-01 7.563271604938271997e-01 7.563271604938271997e-01 7.563271604938271997e-01 7.563271604938271997e-01 7.563271604938271997e-01
7.563271604938271997e-01 7.563271604938271997e-01 7.563271604938271997e-01 7.563271604938271997e-01 7.563271604938271997e-01 7.563271604938271997e-01 7.563271604938271997e-01 7.563271604938271997e-01 7.563271604938271997e-01 7.563271604938271997e-01 4.426495452401460362e+00 1.333487143273757169e+00 1.173069761025371083e+00 9.246575543797767027e-01 7.563271604938271997e-01 7.563271604938271997e-01 7.563271604938271997e-01 7.563271604938271997e-01 7.563271604938271997e-01 7.563271604938271997e-01 7.563271604938271997e-01 7.563271604938271997e-01
7.563271604938271997e-01 7.563271604938271997e-01 7.563271604938271997e-01 7.563271604938271997e-01 7.563271604938271997e-01 7.563271604938271997e-01 9.809957314487123270e-01 9.809957314487123270e-01 7.563271604938271997e-01 1.297438915607981302e+00 4.426495452401460362e+00 3.530601782416954215e+00 9.246575543797767027e-01 9.809957314487123270e-01 7.563271604938271997e-01 7.563271604938271997e-01 7.563271604938271997e-01 7.563271604938271997e-01 7.563271604938271997e-01 7.563271604938271997e-01 7.563271604938271997e-01 7.563271604938271997e-01
7.563271604938271997e-01 7.563271604938271997e-01 7.563271604938271997e-01 7.563271604938271997e-01 7.563271604938271997e-01 7.563271604938271997e-01 7.563271604938271997e-01 9.809957314487123270e-01 7.563271604938271997e-01 7.563271604938271997e-01 4.426495452401460362e+00 5.837651753614149008e+00 7.563271604938271997e-01 9.809957314487123270e-01 7.563271604938271997e-01 7.563271604938271997e-01 7.563271604938271997e-01 7.563271604938271997e-01 7.563271604938271997e-01 7.563271604938271997e-01 7.563271604938271997e-01 7.563271604938271997e-01
7.563271604938271997e-01 7.563271604938271997e-01 7.563271604938271997e-01 7.563271604938271997e-01 7.563271604938271997e-01 7.563271604938271997e-01 7.563271604938271997e-01 7.563271604938271997e-01 7.563271604938271997e-01 7.563271604938271997e-01 4.426495452401460362e+00 5.837651753614149008e+00 4.426495452401460362e+00 1.333487143273757169e+00 7.563271604938271997e-01 7.563271604938271997e-01 7.563271604938271997e-01 7.563271604938271997e-01 7.563271604938271997e-01 7.563271604938271997e-01 7.563271604938271997e-01 7.563271604938271997e-01
7.563271604938271997e-01 7.563271604938271997e-01 7.563271604938271997e-01 7.563271604938271997e-01 7.563271604938271997e-01 7.563271604938271997e-01 7.563271604938271997e-01 7.563271604938271997e-01 7.563271604938271997e-01 7.563271604938271997e-01 4.426495452401460362e+00 2.090805494222447791e+01 1.687043876602058345e+00 1.333487143273757169e+00 7.563271604938271997e-01 7.563271604938271997e-01 7.563271604938271997e-01 7.563271604938271997e-01 7.563271604938271997e-01 7.563271604938271997e-01 7.563271604938271997e-01 7.563271604938271997e-01
7.563271604938271997e-01 7.563271604938271997e-01 7.563271604938271997e-01 7.563271604938271997e-01 7.563271604938271997e-01 7.563271604938271997e-01 7.563271604938271997e-01 7.563271604938271997e-01 7.563271604938271997e-01 7.563271604938271997e-01 4.426495452401460362e+00 1.728023305383751707e+00 1.405159803696035770e+00 1.333487143273757169e+00 7.563271604938271997e-01 7.563271604938271997e-01 7.563271604938271997e-01 7.563271604938271997e-01 7.563271604938271997e-01 7.563271604938271997e-01 7.563271604938271997e-01 7.563271604938271997e-01
7.563271604938271997e-01 7.563271604938271997e-01 7.563271604938271997e-01 7.563271604938271997e-01 7.563271604938271997e-01 7.563271604938271997e-01 7.563271604938271997e-01 7.563271604938271997e-01 7.563271604938271997e-01 7.563271604938271997e-01 4.426495452401460362e+00 1.333487143273757169e+00 9.809957314487123270e-01 9.246575543797767027e-01 7.563271604938271997e-01 7.563271604938271997e-01 7.563271604938271997e-01 7.563271604938271997e-01 7.563271604938271997e-01 7.563271604938271997e-01 7.563271604938271997e-01 7.563271604938271997e-01
7.563271604938271997e-01 7.563271604938271997e-01 7.563271604938271997e-01 7.563271604938271997e-01 7.563271604938271997e-01 7.563271604938271997e-01 7.563271604938271997e-01 7.563271604938271997e-01 9.809957314487123270e-01 7.563271604938271997e-01 8.450707595053524201e+00 1.020586336941831362e+01 9.809957314487123270e-01 9.809957314487123270e-01 9.809957314487123270e-01 7.563271604938271997e-01 7.563271604938271997e-01 7.563271604938271997e-01 7.563271604938271997e-01 7.563271604938271997e-01 7.563271604938271997e-01 7.563271604938271997e-01
7.563271604938271997e-01 7.563271604938271997e-01 7.563271604938271997e-01 7.563271604938271997e-01 7.563271604938271997e-01 7.563271604938271997e-01 7.563271604938271997e-01 7.563271604938271997e-01 7.563271604938271997e-01 7.563271604938271997e-01 8.450707595053524201e+00 1.409862365254613259e+01 1.488831689590789598e+00 1.546601488402492786e+00 4.510519593253968118e+00 7.563271604938271997e-01 7.563271604938271997e-01 7.563271604938271997e-01 7.563271604938271997e-01 7.563271604938271997e-01 7.563271604938271997e-01 7.563271604938271997e-01
7.563271604938271997e-01 7.563271604938271997e-01 7.563271604938271997e-01 7.563271604938271997e-01 7.563271604938271997e-01 7.563271604938271997e-01 7.563271604938271997e-01 7.563271604938271997e-01 7.563271604938271997e-01 7.563271604938271997e-01 8.450707595053524201e+00 3.400717216599787207e+01 2.222367324845778924e+00 1.396955483262673381e+00 1.333487143273757169e+00 7.563271604938271997e-01 7.563271604938271997e-01 7.563271604938271997e-01 7.563271604938271997e-01 7.563271604938271997e-01 7.563271604938271997e-01 7.563271604938271997e-01
7.563271604938271997e-01 7.563271604938271997e-01 7.563271604938271997e-01 7.563271604938271997e-01 7.563271604938271997e-01 7.563271604938271997e-01 7.563271604938271997e-01 7.563271604938271997e-01 9.246575543797767027e-01 1.297438915607981302e+00 5.889885634460811303e+01 4.279153873697713095e+01 2.865107936361659924e+01 9.809957314487123270e-01 9.809957314487123270e-01 7.563271604938271997e-01 7.563271604938271997e-01 7.563271604938271997e-01 7.563271604938271997e-01 7.563271604938271997e-01 7.563271604938271997e-01 7.563271604938271997e-01
7.563271604938271997e-01 7.563271604938271997e-01 7.563271604938271997e-01 7.563271604938271997e-01 7.563271604938271997e-01 7.563271604938271997e-01 7.563271604938271997e-01 7.563271604938271997e-01 9.246575543797767027e-01 7.563271604938271997e-01 1.003330764767527938e+01 2.988771021394064675e+01 3.757721979156622183e+01 1.333487143273757169e+00 1.405159803696035770e+00 7.563271604938271997e-01 7.563271604938271997e-01 9.246575543797767027e-01 9.246575543797767027e-01 7.563271604938271997e-01 7.563271604938271997e-01 7.563271604938271997e-01
7.563271604938271997e-01 7.563271604938271997e-01 7.563271604938271997e-01 7.563271604938271997e-01 7.563271604938271997e-01 7.563271604938271997e-01 9.809957314487123270e-01 7.563271604938271997e-01 9.809957314487123270e-01 7.563271604938271997e-01 1.687043876602058345e+00 1.687043876602058345e+00 1.717794143866484102e+00 1.333487143273757169e+00 9.246575543797767027e-01 7.563271604938271997e-01 7.563271604938271997e-01 7.563271604938271997e-01 7.563271604938271997e-01 7.563271604938271997e-01 7.563271604938271997e-01 7.563271604938271997e-01
7.563271604938271997e-01 7.563271604938271997e-01 7.563271604938271997e-01 7.563271604938271997e-01 7.563271604938271997e-01 7.563271604938271997e-01 7.563271604938271997e-01 7.563271604938271997e-01 7.563271604938271997e-01 7.563271604938271997e-01 6.979227258981917537e+00 1.635438938740562120e+00 1.396955483262673381e+00 1.333487143273757169e+00 9.246575543797767027e-01 7.563271604938271997e-01 7.563271604938271997e-01 7.563271604938271997e-01 7.563271604938271997e-01 7.563271604938271997e-01 7.563271604938271997e-01 7.563271604938271997e-01
7.563271604938271997e-01 7.563271604938271997e-01 7.563271604938271997e-01 7.563271604938271997e-01 7.563271604938271997e-01 7.563271604938271997e-01 7.563271604938271997e-01 7.563271604938271997e-01 7.563271604938271997e-01 9.809957314487123270e-01 7.563271604938271997e-01 1.546601488402492786e+00 9.246575543797767027e-01 9.809957314487123270e-01 7.563271604938271997e-01 7.563271604938271997e-01 7.563271604938271997e-01 7.563271604938271997e-01 7.563271604938271997e-01 7.563271604938271997e-01 7.563271604938271997e-01 7.563271604938271997e-01
