1.050617279190999653e+01 1.050617279190999653e+01 1.050617279190999653e+01 1.050617279190999653e+01 1.050617279190999653e+01 1.050617279190999653e+01 1.050617279190999653e+01 1.050617279190999653e+01 1.050617279190999653e+01 1.050617279190999653e+01 1.050617279190999653e+01 1.050617279190999653e+01 1.050617279190999653e+01 2.153650285939491837e+01 3.017579980843416010e+01 2.948239190137699950e+01 2.446380806349958803e+01 2.013145738725555489e+01 1.050617279190999653e+01 1.050617279190999653e+01 1.050617279190999653e+01 1.050617279190999653e+01
1.050617279190999653e+01 1.050617279190999653e+01 1.050617279190999653e+01 1.050617279190999653e+01 1.050617279190999653e+01 1.050617279190999653e+01 1.050617279190999653e+01 1.050617279190999653e+01 1.050617279190999653e+01 1.050617279190999653e+01 1.050617279190999653e+01 1.050617279190999653e+01 1.991310736778258672e+01 3.232573919319023759e+01 4.626611670281576494e+01 5.076498001881681432e+01 3.945247002298381034e+01 2.567015351301001758e+01 1.050617279190999653e+01 1.050617279190999653e+01 1.050617279190999653e+01 1.050617279190999653e+01
1.050617279190999653e+01 1.050617279190999653e+01 1.050617279190999653e+01 1.050617279190999653e+01 1.050617279190999653e+01 1.050617279190999653e+01 1.050617279190999653e+01 1.050617279190999653e+01 1.050617279190999653e+01 1.050617279190999653e+01 1.050617279190999653e+01 1.050617279190999653e+01 2.487014464207499742e+01 4.670315461909069654e+01 7.017193168514502588e+01 7.437357104700166133e+01 5.662326887379578011e+01 3.011788747027636148e+01 1.050617279190999653e+01 1.050617279190999653e+01 1.050617279190999653e+01 1.050617279190999653e+01
1.050617279190999653e+01 1.050617279190999653e+01 1.050617279190999653e+01 1.050617279190999653e+01 1.050617279190999653e+01 1.050617279190999653e+01 1.050617279190999653e+01 1.050617279190999653e+01 1.050617279190999653e+01 1.050617279190999653e+01 1.050617279190999653e+01 1.991310736778258672e+01 3.478596223621899242e+01 6.561913886213963565e+01 8.228741586344824555e+01 8.525820998986030474e+01 6.032705468510187075e+01 3.000317699048927977e+01 1.050617279190999653e+01 1.050617279190999653e+01 1.050617279190999653e+01 1.050617279190999653e+01
1.050617279190999653e+01 1.050617279190999653e+01 1.050617279190999653e+01 1.050617279190999653e+01 1.050617279190999653e+01 1.050617279190999653e+01 1.050617279190999653e+01 1.050617279190999653e+01 1.050617279190999653e+01 1.050617279190999653e+01 1.050617279190999653e+01 2.240927113205699683e+01 4.793588098912375273e+01 7.790386979332021156e+01 9.045715243022237928e+01 8.081736219213949823e+01 5.064403422730880777e+01 2.554709563449646481e+01 1.050617279190999653e+01 1.050617279190999653e+01 1.050617279190999653e+01 1.050617279190999653e+01
1.050617279190999653e+01 1.050617279190999653e+01 1.050617279190999653e+01 1.050617279190999653e+01 1.050617279190999653e+01 1.050617279190999653e+01 1.050617279190999653e+01 1.050617279190999653e+01 1.050617279190999653e+01 1.050617279190999653e+01 1.746019940726076314e+01 2.930519659911869468e+01 5.932546114938655535e+01 8.245860574592829551e+01 9.281344782337363597e+01 6.887574347237976724e+01 4.167586457676208056e+01 2.265888902225694324e+01 1.050617279190999653e+01 1.050617279190999653e+01 1.050617279190999653e+01 1.050617279190999653e+01
1.050617279190999653e+01 1.050617279190999653e+01 1.050617279190999653e+01 1.050617279190999653e+01 1.050617279190999653e+01 1.050617279190999653e+01 1.050617279190999653e+01 1.050617279190999653e+01 1.050617279190999653e+01 1.050617279190999653e+01 2.240927113205699683e+01 4.570989842798477554e+01 7.674615832648240143e+01 9.045715243022237928e+01 8.525820998986030474e+01 5.815368413564549854e+01 3.334662995605850000e+01 1.985808619830547173e+01 1.050617279190999653e+01 1.050617279190999653e+01 1.050617279190999653e+01 1.050617279190999653e+01
1.050617279190999653e+01 1.050617279190999653e+01 1.050617279190999653e+01 1.050617279190999653e+01 1.050617279190999653e+01 1.050617279190999653e+01 1.050617279190999653e+01 1.050617279190999653e+01 1.050617279190999653e+01 1.991310736778258672e+01 3.729886400005740654e+01 6.634852645776632585e+01 9.621006575141655048e+01 9.712258285992129458e+01 8.081736219213949823e+01 5.064403422730880777e+01 2.554709563449646481e+01 1.050617279190999653e+01 1.050617279190999653e+01 1.050617279190999653e+01 1.050617279190999653e+01 1.050617279190999653e+01
1.050617279190999653e+01 1.050617279190999653e+01 1.050617279190999653e+01 1.050617279190999653e+01 1.050617279190999653e+01 1.050617279190999653e+01 1.050617279190999653e+01 1.050617279190999653e+01 1.746019940726076314e+01 2.930519659911869468e+01 5.578573843009480271e+01 8.534169260253071343e+01 1.043473600990800207e+02 9.312102142027202945e+01 6.882399794553158756e+01 3.861712662933616258e+01 2.265888902225694324e+01 1.050617279190999653e+01 1.050617279190999653e+01 1.050617279190999653e+01 1.050617279190999653e+01 1.050617279190999653e+01
1.050617279190999653e+01 1.050617279190999653e+01 1.050617279190999653e+01 1.050617279190999653e+01 1.050617279190999653e+01 1.050617279190999653e+01 1.050617279190999653e+01 1.050617279190999653e+01 2.204192074890253394e+01 3.931776404752616116e+01 6.903203303620415454e+01 9.621006575141655048e+01 9.747673081825843155e+01 8.510245218938416656e+01 5.311622850363386306e+01 3.057174326968897304e+01 1.581195603643687697e+01 1.050617279190999653e+01 1.050617279190999653e+01 1.050617279190999653e+01 1.050617279190999653e+01 1.050617279190999653e+01
1.050617279190999653e+01 1.050617279190999653e+01 1.050617279190999653e+01 1.050617279190999653e+01 1.050617279190999653e+01 1.050617279190999653e+01 1.050617279190999653e+01 1.746019940726076314e+01 2.930519659911869468e+01 5.578573843009480271e+01 7.790386979332021156e+01 1.040229393877406636e+02 9.408299420081142728e+01 6.443409132973967246e+01 3.685701308581954549e+01 2.131223752851666120e+01 1.050617279190999653e+01 1.050617279190999653e+01 1.050617279190999653e+01 1.050617279190999653e+01 1.050617279190999653e+01 1.050617279190999653e+01
1.050617279190999653e+01 1.050617279190999653e+01 1.050617279190999653e+01 1.050617279190999653e+01 1.050617279190999653e+01 1.050617279190999653e+01 1.050617279190999653e+01 1.991310736778258672e+01 3.592354097194406393e+01 6.745645962221630043e+01 9.269593341165574429e+01 9.829415097172382332e+01 7.649356468368729622e+01 4.410712446984866375e+01 2.298310272679284694e+01 1.581195603643687697e+01 1.050617279190999653e+01 1.050617279190999653e+01 1.050617279190999653e+01 1.050617279190999653e+01 1.050617279190999653e+01 1.050617279190999653e+01
1.050617279190999653e+01 1.050617279190999653e+01 1.050617279190999653e+01 1.050617279190999653e+01 1.050617279190999653e+01 1.050617279190999653e+01 1.476533215953954503e+01 2.487014464207499742e+01 4.944524398532483644e+01 7.790386979332021156e+01 1.004969364288636484e+02 8.788248763071776182e+01 6.268462588072983266e+01 3.057174326968897304e+01 1.985808619830547173e+01 1.050617279190999653e+01 1.050617279190999653e+01 1.050617279190999653e+01 1.050617279190999653e+01 1.050617279190999653e+01 1.050617279190999653e+01 1.050617279190999653e+01
1.050617279190999653e+01 1.050617279190999653e+01 1.050617279190999653e+01 1.050617279190999653e+01 1.050617279190999653e+01 1.050617279190999653e+01 1.991310736778258672e+01 3.729886400005740654e+01 6.587502352873488576e+01 9.238230058771254960e+01 9.829415097172382332e+01 7.649356468368729622e+01 4.410712446984866375e+01 2.265888902225694324e+01 1.050617279190999653e+01 1.050617279190999653e+01 1.050617279190999653e+01 1.050617279190999653e+01 1.050617279190999653e+01 1.050617279190999653e+01 1.050617279190999653e+01 1.050617279190999653e+01
1.050617279190999653e+01 1.050617279190999653e+01 1.050617279190999653e+01 1.050617279190999653e+01 1.050617279190999653e+01 1.746019940726076314e+01 2.930519659911869468e+01 5.386683122221396758e+01 8.315498382471247396e+01 1.040229393877406636e+02 8.788248763071776182e+01 6.443409132973967246e+01 3.057174326968897304e+01 1.985808619830547173e+01 1.050617279190999653e+01 1.050617279190999653e+01 1.050617279190999653e+01 1.050617279190999653e+01 1.050617279190999653e+01 1.050617279190999653e+01 1.050617279190999653e+01 1.050617279190999653e+01
1.050617279190999653e+01 1.050617279190999653e+01 1.050617279190999653e+01 1.050617279190999653e+01 1.050617279190999653e+01 2.300754592466191895e+01 3.931776404752616116e+01 6.903203303620415454e+01 9.621006575141655048e+01 9.829415097172382332e+01 7.649356468368729622e+01 5.064403422730880777e+01 2.554709563449646481e+01 1.050617279190999653e+01 1.050617279190999653e+01 1.050617279190999653e+01 1.050617279190999653e+01 1.050617279190999653e+01 1.050617279190999653e+01 1.050617279190999653e+01 1.050617279190999653e+01 1.050617279190999653e+01
1.050617279190999653e+01 1.050617279190999653e+01 1.050617279190999653e+01 1.050617279190999653e+01 1.991310736778258672e+01 3.146671015123245496e+01 5.725563621813531512e+01 8.245860574592829551e+01 1.040229393877406636e+02 8.788248763071776182e+01 5.815368413564549854e+01 3.643758600053612895e+01 1.985808619830547173e+01 1.050617279190999653e+01 1.050617279190999653e+01 1.050617279190999653e+01 1.050617279190999653e+01 1.050617279190999653e+01 1.050617279190999653e+01 1.050617279190999653e+01 1.050617279190999653e+01 1.050617279190999653e+01
1.050617279190999653e+01 1.050617279190999653e+01 1.050617279190999653e+01 1.050617279190999653e+01 2.240927113205699683e+01 4.570989842798477554e+01 7.674615832648240143e+01 9.269593341165574429e+01 9.583069483576340986e+01 7.229001247537168240e+01 4.410712446984866375e+01 2.272643887438985288e+01 1.581195603643687697e+01 1.050617279190999653e+01 1.050617279190999653e+01 1.050617279190999653e+01 1.050617279190999653e+01 1.050617279190999653e+01 1.050617279190999653e+01 1.050617279190999653e+01 1.050617279190999653e+01 1.050617279190999653e+01
1.050617279190999653e+01 1.050617279190999653e+01 1.050617279190999653e+01 1.991310736778258672e+01 3.478596223621899242e+01 6.076263038747750755e+01 8.514374208402230693e+01 9.829415097172382332e+01 7.485282393782547672e+01 5.013117464565002024e+01 2.954319764823609873e+01 1.985808619830547173e+01 1.050617279190999653e+01 1.050617279190999653e+01 1.050617279190999653e+01 1.050617279190999653e+01 1.050617279190999653e+01 1.050617279190999653e+01 1.050617279190999653e+01 1.050617279190999653e+01 1.050617279190999653e+01 1.050617279190999653e+01
1.050617279190999653e+01 1.050617279190999653e+01 1.050617279190999653e+01 2.015026756361512739e+01 3.499038351612804831e+01 6.146258126951845924e+01 8.376240979187903690e+01 7.668684306433402753e+01 5.693323320372491736e+01 3.057174326968897304e+01 1.985808619830547173e+01 1.050617279190999653e+01 1.050617279190999653e+01 1.050617279190999653e+01 1.050617279190999653e+01 1.050617279190999653e+01 1.050617279190999653e+01 1.050617279190999653e+01 1.050617279190999653e+01 1.050617279190999653e+01 1.050617279190999653e+01 1.050617279190999653e+01
1.050617279190999653e+01 1.050617279190999653e+01 1.050617279190999653e+01 2.115673337070694515e+01 3.218521842226653717e+01 4.850517644856327593e+01 6.175476398070640727e+01 6.090182459430330653e+01 3.685701308581954549e+01 2.298310272679284694e+01 1.050617279190999653e+01 1.050617279190999653e+01 1.050617279190999653e+01 1.050617279190999653e+01 1.050617279190999653e+01 1.050617279190999653e+01 1.050617279190999653e+01 1.050617279190999653e+01 1.050617279190999653e+01 1.050617279190999653e+01 1.050617279190999653e+01 1.050617279190999653e+01
1.050617279190999653e+01 1.050617279190999653e+01 1.050617279190999653e+01 1.050617279190999653e+01 2.678216657604514950e+01 3.466447217527978353e+01 3.820578551608402762e+01 3.305266551534415242e+01 2.272643887438985288e+01 1.581195603643687697e+01 1.050617279190999653e+01 1.050617279190999653e+01 1.050617279190999653e+01 1.050617279190999653e+01 1.050617279190999653e+01 1.050617279190999653e+01 1.050617279190999653e+01 1.050617279190999653e+01 1.050617279190999653e+01 1.050617279190999653e+01 1.050617279190999653e+01 1.050617279190999653e+01
