1.068766632924312354e+01 1.068766632924312354e+01 1.068766632924312354e+01 1.068766632924312354e+01 1.068766632924312354e+01 1.068766632924312354e+01 1.068766632924312354e+01 1.068766632924312354e+01 1.068766632924312354e+01 1.068766632924312354e+01 1.068766632924312354e+01 1.068766632924312354e+01 1.068766632924312354e+01 1.068766632924312354e+01 1.634672664533670172e+01 1.655282290921048016e+01 1.068766632924312354e+01 1.068766632924312354e+01 1.068766632924312354e+01 1.068766632924312354e+01 1.068766632924312354e+01 1.068766632924312354e+01
1.068766632924312354e+01 1.068766632924312354e+01 1.068766632924312354e+01 1.068766632924312354e+01 1.068766632924312354e+01 1.068766632924312354e+01 1.068766632924312354e+01 1.068766632924312354e+01 1.068766632924312354e+01 1.068766632924312354e+01 1.068766632924312354e+01 1.068766632924312354e+01 1.068766632924312354e+01 2.179582289431901643e+01 2.535741861672342878e+01 2.790760902757407891e+01 2.145374076571610900e+01 1.903266723126833782e+01 1.068766632924312354e+01 1.068766632924312354e+01 1.068766632924312354e+01 1.068766632924312354e+01
1.068766632924312354e+01 1.068766632924312354e+01 1.068766632924312354e+01 1.068766632924312354e+01 1.068766632924312354e+01 1.068766632924312354e+01 1.068766632924312354e+01 1.655282290921048016e+01 2.334041160303837970e+01 2.145374076571610900e+01 1.903266723126833782e+01 1.414110727959171676e+01 1.924704742107966737e+01 2.924309466176698180e+01 3.384692374235737589e+01 3.654695041814376566e+01 3.177088456233487435e+01 1.903266723126833782e+01 1.068766632924312354e+01 1.068766632924312354e+01 1.068766632924312354e+01 1.068766632924312354e+01
1.068766632924312354e+01 1.068766632924312354e+01 1.068766632924312354e+01 1.068766632924312354e+01 1.068766632924312354e+01 1.068766632924312354e+01 2.179582289431901643e+01 2.678967326633003410e+01 3.384692374235737589e+01 2.785563717741541012e+01 3.177088456233487435e+01 1.903266723126833782e+01 2.179582289431901643e+01 3.717069369283673552e+01 5.222507247243939332e+01 6.011460656064544850e+01 3.837954943437781452e+01 2.376624530054681372e+01 1.068766632924312354e+01 1.068766632924312354e+01 1.068766632924312354e+01 1.068766632924312354e+01
1.068766632924312354e+01 1.068766632924312354e+01 1.068766632924312354e+01 1.068766632924312354e+01 1.068766632924312354e+01 1.068766632924312354e+01 2.235416072387651454e+01 3.497060782925672129e+01 5.560900289945907815e+01 3.986152823693383596e+01 3.177088456233487435e+01 2.067848477924837880e+01 2.971868608394013123e+01 4.803158961452419362e+01 6.011460656064544850e+01 6.606142834189250834e+01 3.837954943437781452e+01 2.376624530054681372e+01 1.068766632924312354e+01 1.068766632924312354e+01 1.068766632924312354e+01 1.068766632924312354e+01
1.068766632924312354e+01 1.068766632924312354e+01 1.068766632924312354e+01 1.068766632924312354e+01 1.068766632924312354e+01 1.745450566205057896e+01 2.952181692409752500e+01 5.222507247243939332e+01 6.011460656064544850e+01 6.055497633049544248e+01 3.837954943437781452e+01 2.366487078269655342e+01 3.475507716969386252e+01 6.114358696999771325e+01 8.048287436399269268e+01 6.606142834189250834e+01 3.837954943437781452e+01 2.376624530054681372e+01 1.068766632924312354e+01 1.068766632924312354e+01 1.068766632924312354e+01 1.068766632924312354e+01
1.068766632924312354e+01 1.068766632924312354e+01 1.068766632924312354e+01 1.068766632924312354e+01 1.068766632924312354e+01 2.235416072387651454e+01 3.717069369283673552e+01 5.222507247243939332e+01 6.011460656064544850e+01 6.055497633049544248e+01 3.837954943437781452e+01 2.157755910576481995e+01 3.717069369283673552e+01 6.114358696999771325e+01 8.793660477914980333e+01 6.606142834189250834e+01 3.837954943437781452e+01 2.376624530054681372e+01 1.068766632924312354e+01 1.068766632924312354e+01 1.068766632924312354e+01 1.068766632924312354e+01
1.068766632924312354e+01 1.068766632924312354e+01 1.068766632924312354e+01 1.068766632924312354e+01 1.068766632924312354e+01 2.450435583765317915e+01 4.803158961452419362e+01 7.496116337283439179e+01 7.313851407607235444e+01 5.684416971590987089e+01 2.888265258628154442e+01 2.770059770776309449e+01 4.803158961452419362e+01 7.496116337283439179e+01 8.486876374399945178e+01 6.683493845984837378e+01 3.334662995605850000e+01 2.059631469967584039e+01 1.068766632924312354e+01 1.068766632924312354e+01 1.068766632924312354e+01 1.068766632924312354e+01
1.068766632924312354e+01 1.068766632924312354e+01 1.068766632924312354e+01 1.068766632924312354e+01 2.179582289431901643e+01 3.536048863166180212e+01 5.924630572569486020e+01 7.675468885202526792e+01 7.623151281267264778e+01 5.684416971590987089e+01 3.255526540676069658e+01 4.143338049848502891e+01 6.250822767593883356e+01 8.649200654730429960e+01 8.619818295783967699e+01 5.684416971590987089e+01 2.782745922775130509e+01 1.068766632924312354e+01 1.068766632924312354e+01 1.068766632924312354e+01 1.068766632924312354e+01 1.068766632924312354e+01
1.068766632924312354e+01 1.068766632924312354e+01 1.068766632924312354e+01 1.068766632924312354e+01 2.235416072387651454e+01 4.569649617918134510e+01 7.496116337283439179e+01 8.321419234836110945e+01 7.313851407607235444e+01 6.659787043424640274e+01 5.197332624794070455e+01 6.504020799496863958e+01 8.742075231107814659e+01 8.793660477914980333e+01 8.619818295783967699e+01 5.093158995253502752e+01 2.376624530054681372e+01 1.068766632924312354e+01 1.068766632924312354e+01 1.068766632924312354e+01 1.068766632924312354e+01 1.068766632924312354e+01
1.068766632924312354e+01 1.068766632924312354e+01 1.068766632924312354e+01 1.068766632924312354e+01 2.952181692409752500e+01 5.436578134272118490e+01 8.649200654730429960e+01 9.778965123326268838e+01 9.434889964967004516e+01 8.273486657449804227e+01 7.321425083654708033e+01 8.399173636046521096e+01 1.001597433036132827e+02 9.959016771100455401e+01 8.044097608266105226e+01 5.093158995253502752e+01 2.376624530054681372e+01 1.068766632924312354e+01 1.068766632924312354e+01 1.068766632924312354e+01 1.068766632924312354e+01 1.068766632924312354e+01
1.068766632924312354e+01 1.068766632924312354e+01 1.068766632924312354e+01 1.745450566205057896e+01 3.291018196360149517e+01 6.114358696999771325e+01 9.169328567036720301e+01 1.056331118742211004e+02 9.529898007630016821e+01 9.923829047299591366e+01 9.778965123326268838e+01 1.081180632474795402e+02 1.147462866455597208e+02 1.037359330748180639e+02 8.044097608266105226e+01 3.837954943437781452e+01 2.376624530054681372e+01 1.068766632924312354e+01 1.068766632924312354e+01 1.068766632924312354e+01 1.068766632924312354e+01 1.068766632924312354e+01
1.068766632924312354e+01 1.068766632924312354e+01 1.068766632924312354e+01 1.745450566205057896e+01 3.218945633540184303e+01 4.782280346197573806e+01 6.520853516644879733e+01 7.760471597956934886e+01 7.824784820606943470e+01 7.560747392903810749e+01 8.867818257388033487e+01 1.020412337891359300e+02 1.108716367342830438e+02 9.630872346280411023e+01 6.683493845984837378e+01 3.334662995605850000e+01 2.059631469967584039e+01 1.068766632924312354e+01 1.068766632924312354e+01 1.068766632924312354e+01 1.068766632924312354e+01 1.068766632924312354e+01
1.068766632924312354e+01 1.068766632924312354e+01 1.068766632924312354e+01 1.068766632924312354e+01 2.348606706422670243e+01 3.550256102698680394e+01 4.721788759764265819e+01 5.906737726124801213e+01 5.530132948171566909e+01 6.411129156920353012e+01 6.411129156920353012e+01 8.844806095342228502e+01 1.020412337891359300e+02 9.077117241269945680e+01 6.034727457021126185e+01 3.334662995605850000e+01 1.580326793379427386e+01 1.068766632924312354e+01 1.068766632924312354e+01 1.068766632924312354e+01 1.068766632924312354e+01 1.068766632924312354e+01
1.068766632924312354e+01 1.068766632924312354e+01 1.068766632924312354e+01 1.068766632924312354e+01 1.580326793379427386e+01 2.254587298193364830e+01 2.704679938596834177e+01 3.573299925653269327e+01 3.160543225643726117e+01 3.458787427178911145e+01 4.946052944489136394e+01 7.687551388861021451e+01 8.793660477914980333e+01 7.652835553603337360e+01 5.498898958018416039e+01 2.690176691435991430e+01 1.068766632924312354e+01 1.068766632924312354e+01 1.068766632924312354e+01 1.068766632924312354e+01 1.068766632924312354e+01 1.068766632924312354e+01
1.068766632924312354e+01 1.068766632924312354e+01 1.068766632924312354e+01 1.068766632924312354e+01 1.068766632924312354e+01 1.580326793379427386e+01 1.580326793379427386e+01 1.580326793379427386e+01 1.580326793379427386e+01 2.235416072387651454e+01 4.803158961452419362e+01 7.496116337283439179e+01 8.486876374399945178e+01 7.745554762834923679e+01 4.012575036788155813e+01 2.376624530054681372e+01 1.068766632924312354e+01 1.068766632924312354e+01 1.068766632924312354e+01 1.068766632924312354e+01 1.068766632924312354e+01 1.068766632924312354e+01
1.068766632924312354e+01 1.068766632924312354e+01 1.068766632924312354e+01 1.068766632924312354e+01 1.068766632924312354e+01 1.068766632924312354e+01 1.068766632924312354e+01 1.068766632924312354e+01 1.068766632924312354e+01 2.432440471747656829e+01 5.436578134272118490e+01 7.496116337283439179e+01 8.619818295783967699e+01 6.055497633049544248e+01 3.334662995605850000e+01 2.222658804427123158e+01 1.068766632924312354e+01 1.068766632924312354e+01 1.068766632924312354e+01 1.068766632924312354e+01 1.068766632924312354e+01 1.068766632924312354e+01
1.068766632924312354e+01 1.068766632924312354e+01 1.068766632924312354e+01 1.068766632924312354e+01 1.068766632924312354e+01 1.068766632924312354e+01 1.068766632924312354e+01 1.068766632924312354e+01 1.745450566205057896e+01 2.952181692409752500e+01 5.436578134272118490e+01 8.649200654730429960e+01 8.619818295783967699e+01 6.244619657795513490e+01 3.171123505074236348e+01 1.862079679410108213e+01 1.068766632924312354e+01 1.068766632924312354e+01 1.068766632924312354e+01 1.068766632924312354e+01 1.068766632924312354e+01 1.068766632924312354e+01
1.068766632924312354e+01 1.068766632924312354e+01 1.068766632924312354e+01 1.068766632924312354e+01 1.068766632924312354e+01 1.068766632924312354e+01 1.068766632924312354e+01 1.068766632924312354e+01 1.745450566205057896e+01 3.475507716969386252e+01 6.980963016254013098e+01 8.793660477914980333e+01 8.619818295783967699e+01 5.684416971590987089e+01 2.690176691435991430e+01 1.068766632924312354e+01 1.068766632924312354e+01 1.068766632924312354e+01 1.068766632924312354e+01 1.068766632924312354e+01 1.068766632924312354e+01 1.068766632924312354e+01
1.068766632924312354e+01 1.068766632924312354e+01 1.068766632924312354e+01 1.068766632924312354e+01 1.068766632924312354e+01 1.068766632924312354e+01 1.068766632924312354e+01 1.068766632924312354e+01 2.279755311293645548e+01 3.291018196360149517e+01 6.980963016254013098e+01 8.793660477914980333e+01 7.652835553603337360e+01 5.175868361855789601e+01 2.376624530054681372e+01 1.068766632924312354e+01 1.068766632924312354e+01 1.068766632924312354e+01 1.068766632924312354e+01 1.068766632924312354e+01 1.068766632924312354e+01 1.068766632924312354e+01
1.068766632924312354e+01 1.068766632924312354e+01 1.068766632924312354e+01 1.068766632924312354e+01 1.068766632924312354e+01 1.068766632924312354e+01 1.068766632924312354e+01 1.068766632924312354e+01 2.279755311293645548e+01 3.839806761630147491e+01 6.302241426758354947e+01 7.760471597956934886e+01 6.807835975089156477e+01 4.012575036788155813e+01 2.196882726471068636e+01 1.068766632924312354e+01 1.068766632924312354e+01 1.068766632924312354e+01 1.068766632924312354e+01 1.068766632924312354e+01 1.068766632924312354e+01 1.068766632924312354e+01
1.068766632924312354e+01 1.068766632924312354e+01 1.068766632924312354e+01 1.068766632924312354e+01 1.068766632924312354e+01 1.068766632924312354e+01 1.068766632924312354e+01 1.068766632924312354e+01 2.279755311293645548e+01 3.218945633540184303e+01 4.494844636469003518e+01 5.530132948171566909e+01 4.526202741768808124e+01 2.730456362592222774e+01 1.884524142675262226e+01 1.068766632924312354e+01 1.068766632924312354e+01 1.068766632924312354e+01 1.068766632924312354e+01 1.068766632924312354e+01 1.068766632924312354e+01 1.068766632924312354e+01
