4.497633744855966675e-01 4.497633744855966675e-01 4.497633744855966675e-01 4.497633744855966675e-01 1.094513261071400567e+00 1.401280161806324642e+00 1.531800555023214772e+00 1.394860076800541027e+00 1.100056925644604444e+00 1.009623094175419622e+00 9.369671274679511885e-01 1.283958385341307906e+00 1.546601488402492786e+00 1.394860076800541027e+00 1.337041536807901831e+00 9.369671274679511885e-01 1.094513261071400567e+00 1.198074345750271830e+00 1.342696858857270303e+00 1.227063718355905886e+00 4.497633744855966675e-01 4.497633744855966675e-01
4.497633744855966675e-01 4.497633744855966675e-01 4.497633744855966675e-01 4.497633744855966675e-01 7.563271604938271997e-01 1.493365465960169391e+00 1.405159803696035770e+00 1.408195651755201228e+00 1.337041536807901831e+00 9.838274337348410503e-01 1.041908095358436315e+00 5.554239303643735326e+01 1.546601488402492786e+00 1.342696858857270303e+00 9.935548053633974641e-01 4.497633744855966675e-01 9.348875041229920413e-01 1.477375116086301343e+00 1.361572140077200288e+00 1.297191209066208994e+00 4.497633744855966675e-01 4.497633744855966675e-01
4.497633744855966675e-01 4.497633744855966675e-01 4.497633744855966675e-01 4.497633744855966675e-01 7.025718694885362270e-01 1.040010443945629026e+00 1.581725009827453787e+00 4.283696269351256092e+01 5.554239303643735326e+01 8.381925354790114113e+01 5.554239303643735326e+01 1.462634030869999151e+02 6.706471388902102149e+01 1.488831689590789598e+00 1.401280161806324642e+00 9.542336628736156623e-01 7.025718694885362270e-01 1.040010443945629026e+00 1.401280161806324642e+00 1.297191209066208994e+00 4.497633744855966675e-01 4.497633744855966675e-01
4.497633744855966675e-01 4.497633744855966675e-01 4.497633744855966675e-01 4.497633744855966675e-01 7.563271604938271997e-01 1.041908095358436315e+00 4.283696269351256092e+01 1.195025193486234940e+02 1.670544898221634185e+02 1.669107184429327049e+02 1.462634030869999151e+02 1.497887454375095899e+02 6.271313725789642035e+01 1.601084625778364856e+00 1.401280161806324642e+00 1.297191209066208994e+00 1.297191209066208994e+00 1.036331356096759526e+00 1.601084625778364856e+00 1.715544144554230543e+00 4.497633744855966675e-01 4.497633744855966675e-01
4.497633744855966675e-01 4.497633744855966675e-01 4.497633744855966675e-01 4.497633744855966675e-01 7.563271604938271997e-01 7.563271604938271997e-01 1.171780249845993893e+02 1.670733713375701086e+02 1.664820817277029619e+02 1.664173967661327254e+02 1.497887454375095899e+02 4.371622454395516399e+01 1.984666993856988526e+01 1.180891528733458706e+00 1.342696858857270303e+00 1.194479276895943354e+00 9.246575543797767027e-01 9.348875041229920413e-01 1.675283689907904883e+00 1.715544144554230543e+00 4.497633744855966675e-01 4.497633744855966675e-01
4.497633744855966675e-01 4.497633744855966675e-01 4.497633744855966675e-01 4.497633744855966675e-01 7.563271604938271997e-01 1.509772506682844195e+01 1.098233314501167683e+02 1.662521070210398477e+02 1.664173967661327254e+02 1.180891528733458706e+00 6.938552428384372206e+01 1.851317215377138892e+00 1.401280161806324642e+00 1.283476738375510795e+00 1.337041536807901831e+00 1.283958385341307906e+00 4.497633744855966675e-01 9.369671274679511885e-01 1.040010443945629026e+00 1.668614307575027711e+00 4.497633744855966675e-01 4.497633744855966675e-01
4.497633744855966675e-01 4.497633744855966675e-01 4.497633744855966675e-01 4.497633744855966675e-01 7.563271604938271997e-01 6.677975683421516351e+01 1.670733713375701086e+02 1.664820817277029619e+02 1.664173967661327254e+02 5.128441142628829397e+01 1.957776864088232482e+00 1.100056925644604444e+00 1.342696858857270303e+00 1.337041536807901831e+00 1.194479276895943354e+00 4.497633744855966675e-01 4.497633744855966675e-01 4.497633744855966675e-01 7.025718694885362270e-01 1.237976190476190341e+00 7.025718694885362270e-01 4.497633744855966675e-01
4.497633744855966675e-01 4.497633744855966675e-01 4.497633744855966675e-01 4.497633744855966675e-01 7.025718694885362270e-01 1.297191209066208994e+00 1.662326582194432376e+02 1.622996780764249820e+02 1.115132138111732871e+02 1.514792010508462017e+00 1.531800555023214772e+00 4.497633744855966675e-01 1.036331356096759526e+00 7.025718694885362270e-01 1.283958385341307906e+00 9.369671274679511885e-01 4.497633744855966675e-01 4.497633744855966675e-01 4.497633744855966675e-01 7.025718694885362270e-01 4.497633744855966675e-01 4.497633744855966675e-01
4.497633744855966675e-01 4.497633744855966675e-01 4.497633744855966675e-01 4.497633744855966675e-01 4.497633744855966675e-01 1.297191209066208994e+00 6.595310538899546771e+01 1.366317879028462983e+02 1.325497702689509367e+02 7.236262296479482359e+01 1.546601488402492786e+00 1.342696858857270303e+00 1.009623094175419622e+00 1.424769300411522366e+01 1.041908095358436315e+00 1.009623094175419622e+00 1.119177216167768441e+00 4.497633744855966675e-01 4.497633744855966675e-01 4.497633744855966675e-01 4.497633744855966675e-01 4.497633744855966675e-01
4.497633744855966675e-01 4.497633744855966675e-01 4.497633744855966675e-01 4.497633744855966675e-01 4.497633744855966675e-01 7.563271604938271997e-01 1.180891528733458706e+00 3.635059288954232670e+01 1.644256780492898713e+02 1.655308859402557005e+02 1.252089366489983604e+02 8.381925354790114113e+01 8.388047959735146719e+01 5.554239303643735326e+01 5.554239303643735326e+01 1.546601488402492786e+00 1.401280161806324642e+00 9.935548053633974641e-01 4.497633744855966675e-01 4.497633744855966675e-01 4.497633744855966675e-01 4.497633744855966675e-01
4.497633744855966675e-01 4.497633744855966675e-01 4.497633744855966675e-01 4.497633744855966675e-01 4.497633744855966675e-01 7.563271604938271997e-01 1.119177216167768441e+00 1.673766974229390136e+00 5.039962804219079828e+00 1.647589165513498699e+02 1.643404451934523536e+02 1.655308859402557005e+02 1.655791540911195625e+02 1.664320139789601285e+02 1.655791540911195625e+02 1.647388149307516585e+02 1.342696858857270303e+00 1.094513261071400567e+00 1.405159803696035770e+00 4.497633744855966675e-01 4.497633744855966675e-01 4.497633744855966675e-01
4.497633744855966675e-01 4.497633744855966675e-01 4.497633744855966675e-01 4.497633744855966675e-01 4.497633744855966675e-01 4.497633744855966675e-01 1.401280161806324642e+00 1.180891528733458706e+00 1.297191209066208994e+00 6.116351621048082876e+01 1.366317879028462983e+02 1.635684848803235525e+02 1.662521070210398477e+02 1.659981743823716158e+02 1.660737743991824402e+02 1.663528328761439923e+02 6.674868539236676668e+01 1.514792010508462017e+00 1.593848482766635044e+00 9.935548053633974641e-01 4.497633744855966675e-01 4.497633744855966675e-01
4.497633744855966675e-01 4.497633744855966675e-01 4.497633744855966675e-01 4.497633744855966675e-01 4.497633744855966675e-01 4.497633744855966675e-01 1.342696858857270303e+00 1.033120940420809708e+00 1.297191209066208994e+00 7.582484260461760073e+01 1.598761989109020476e+02 1.664820817277029619e+02 1.664820817277029619e+02 1.664173967661327254e+02 1.655271863797292156e+02 1.655271863797292156e+02 1.325497702689509367e+02 1.796394991142466813e+00 1.793828834488985668e+00 1.633953637566137429e+00 4.497633744855966675e-01 4.497633744855966675e-01
4.497633744855966675e-01 4.497633744855966675e-01 4.497633744855966675e-01 4.497633744855966675e-01 4.497633744855966675e-01 4.497633744855966675e-01 4.497633744855966675e-01 1.546601488402492786e+00 9.369671274679511885e-01 8.885150363574712173e+01 1.664320139789601285e+02 1.662521070210398477e+02 1.655271863797292156e+02 1.055905288879672099e+02 1.557078093751281642e+02 1.664244236540424993e+02 1.497887454375095899e+02 4.250042817974593135e+01 1.514792010508462017e+00 1.477153684107387566e+00 4.497633744855966675e-01 4.497633744855966675e-01
4.497633744855966675e-01 4.497633744855966675e-01 4.497633744855966675e-01 4.497633744855966675e-01 4.497633744855966675e-01 4.497633744855966675e-01 9.246575543797767027e-01 1.041908095358436315e+00 4.283696269351256092e+01 1.080600193413492178e+02 1.669107184429327049e+02 1.664173967661327254e+02 9.955868839520297797e+01 1.851317215377138892e+00 3.144591144828178475e+00 7.582484260461760073e+01 1.525552019644017321e+02 9.930795990867586909e+01 1.796394991142466813e+00 1.668614307575027711e+00 4.497633744855966675e-01 4.497633744855966675e-01
4.497633744855966675e-01 4.497633744855966675e-01 4.497633744855966675e-01 4.497633744855966675e-01 4.497633744855966675e-01 7.563271604938271997e-01 7.563271604938271997e-01 7.563271604938271997e-01 5.239837394703564399e+01 1.670544898221634185e+02 1.664820817277029619e+02 1.664173967661327254e+02 1.832741781761381139e+00 1.760787393499834597e+00 2.861110262935864235e+00 9.313255860498621530e+01 1.376364116562940580e+02 1.462634030869999151e+02 6.271313725789642035e+01 9.935548053633974641e-01 4.497633744855966675e-01 4.497633744855966675e-01
4.497633744855966675e-01 4.497633744855966675e-01 4.497633744855966675e-01 4.497633744855966675e-01 4.497633744855966675e-01 7.025718694885362270e-01 7.563271604938271997e-01 6.677975683421516351e+01 1.667083138957390531e+02 1.670544898221634185e+02 1.663528328761439923e+02 9.930795990867586909e+01 1.342696858857270303e+00 1.394860076800541027e+00 3.791196020570759373e+01 1.285669322415385807e+02 1.226430348131130046e+02 4.779785623378530346e+01 1.908401684431262568e+00 9.868196986912462165e+00 9.542336628736156623e-01 4.497633744855966675e-01
4.497633744855966675e-01 4.497633744855966675e-01 4.497633744855966675e-01 4.497633744855966675e-01 4.497633744855966675e-01 7.563271604938271997e-01 2.359789155888692758e+00 6.677975683421516351e+01 1.664320139789601285e+02 1.667083138957390531e+02 1.663528328761439923e+02 1.619985307077647008e+02 1.252089366489983604e+02 5.554239303643735326e+01 9.262823200550174363e+01 1.346553535868958136e+02 2.142935653568970977e+01 1.957776864088232482e+00 1.803511643946359211e+00 9.935548053633974641e-01 9.542336628736156623e-01 4.497633744855966675e-01
4.497633744855966675e-01 4.497633744855966675e-01 4.497633744855966675e-01 4.497633744855966675e-01 4.497633744855966675e-01 7.025718694885362270e-01 7.563271604938271997e-01 1.297191209066208994e+00 1.662326582194432376e+02 1.664244236540424993e+02 1.664173967661327254e+02 1.539652047047917733e+02 1.657699019172932253e+02 1.547292406147644215e+02 1.376443167690111125e+02 6.282350668043153519e+01 1.493365465960169391e+00 1.635438938740562120e+00 1.333656663109014096e+00 1.333656663109014096e+00 4.497633744855966675e-01 4.497633744855966675e-01
4.497633744855966675e-01 4.497633744855966675e-01 4.497633744855966675e-01 4.497633744855966675e-01 4.497633744855966675e-01 4.497633744855966675e-01 7.025718694885362270e-01 7.025718694885362270e-01 5.239837394703564399e+01 1.664244236540424993e+02 1.528585563509171550e+02 1.622996780764249820e+02 1.536922335390946444e+02 1.655271863797292156e+02 1.085167850143039772e+02 2.945754036003920717e+01 1.171223513775203173e+00 1.033120940420809708e+00 1.033120940420809708e+00 1.394860076800541027e+00 4.497633744855966675e-01 4.497633744855966675e-01
4.497633744855966675e-01 4.497633744855966675e-01 4.497633744855966675e-01 4.497633744855966675e-01 4.497633744855966675e-01 4.497633744855966675e-01 4.497633744855966675e-01 4.497633744855966675e-01 7.025718694885362270e-01 1.180891528733458706e+00 1.180891528733458706e+00 1.180891528733458706e+00 1.180891528733458706e+00 1.180891528733458706e+00 1.180891528733458706e+00 1.396955483262673381e+00 1.342696858857270303e+00 4.497633744855966675e-01 7.025718694885362270e-01 4.497633744855966675e-01 4.497633744855966675e-01 4.497633744855966675e-01
4.497633744855966675e-01 4.497633744855966675e-01 4.497633744855966675e-01 4.497633744855966675e-01 4.497633744855966675e-01 4.497633744855966675e-01 4.497633744855966675e-01 4.497633744855966675e-01 4.497633744855966675e-01 7.025718694885362270e-01 7.025718694885362270e-01 1.706502314814814625e+01 1.706502314814814625e+01 1.706502314814814625e+01 1.706502314814814625e+01 4.497633744855966675e-01 4.497633744855966675e-01 4.497633744855966675e-01 4.497633744855966675e-01 4.497633744855966675e-01 4.497633744855966675e-01 4.497633744855966675e-01
