1.051779247838775078e+01 1.051779247838775078e+01 1.051779247838775078e+01 1.051779247838775078e+01 1.051779247838775078e+01 1.051779247838775078e+01 1.051779247838775078e+01 1.051779247838775078e+01 1.051779247838775078e+01 1.051779247838775078e+01 1.991310736778258672e+01 3.132374613526267026e+01 4.159784653436095425e+01 4.707763008116838677e+01 4.707763008116838677e+01 4.011522022180008662e+01 2.935098832648340306e+01 2.119360727617175044e+01 1.051779247838775078e+01 1.051779247838775078e+01 1.051779247838775078e+01 1.051779247838775078e+01
1.051779247838775078e+01 1.051779247838775078e+01 1.051779247838775078e+01 1.051779247838775078e+01 1.051779247838775078e+01 1.051779247838775078e+01 1.051779247838775078e+01 1.051779247838775078e+01 1.051779247838775078e+01 2.343949468436466788e+01 3.513738262077063723e+01 5.378170764094701894e+01 6.944894883599411628e+01 8.054193878593450506e+01 7.542310173340568724e+01 6.524335237553847833e+01 4.820931926346861474e+01 2.878179404432587773e+01 1.906548892319178989e+01 1.051779247838775078e+01 1.051779247838775078e+01 1.051779247838775078e+01
1.051779247838775078e+01 1.051779247838775078e+01 1.051779247838775078e+01 1.051779247838775078e+01 1.051779247838775078e+01 1.051779247838775078e+01 1.051779247838775078e+01 1.642661093766206548e+01 2.481232400871750698e+01 4.633192310790022361e+01 5.920202410051773256e+01 7.980317986468796221e+01 9.154515847884198365e+01 1.035586477473341205e+02 9.776035729640911143e+01 8.593615067817439979e+01 7.303715295658162177e+01 4.142679520490807477e+01 2.237491250416224986e+01 1.051779247838775078e+01 1.051779247838775078e+01 1.051779247838775078e+01
1.051779247838775078e+01 1.051779247838775078e+01 1.051779247838775078e+01 1.051779247838775078e+01 1.051779247838775078e+01 1.051779247838775078e+01 1.991310736778258672e+01 2.709416483245762919e+01 4.633192310790022361e+01 6.634852645776632585e+01 8.334941568348320118e+01 9.764528752400271117e+01 9.735580142007239601e+01 9.021945326150768096e+01 1.008103163898088326e+02 1.029491916221738279e+02 8.571864377747391472e+01 5.662326887379578011e+01 2.521322112677976790e+01 1.906548892319178989e+01 1.051779247838775078e+01 1.051779247838775078e+01
1.051779247838775078e+01 1.051779247838775078e+01 1.051779247838775078e+01 1.051779247838775078e+01 1.051779247838775078e+01 1.991310736778258672e+01 2.868289556660584338e+01 4.633192310790022361e+01 7.183622158946212721e+01 9.192165905471763665e+01 8.342105042662657866e+01 7.984312988441578796e+01 7.581138759358364609e+01 6.598004956872136972e+01 8.867818257388033487e+01 9.986351761035045627e+01 9.920443157885745222e+01 7.324171881884836921e+01 3.955455334013480240e+01 1.906548892319178989e+01 1.051779247838775078e+01 1.051779247838775078e+01
1.051779247838775078e+01 1.051779247838775078e+01 1.051779247838775078e+01 1.051779247838775078e+01 1.521768843512464642e+01 2.487014464207499742e+01 4.670315461909069654e+01 7.183622158946212721e+01 9.192165905471763665e+01 8.342105042662657866e+01 7.755118672539367708e+01 6.222008278464129916e+01 4.352539073803197311e+01 4.833086611588056059e+01 6.914307303127056059e+01 9.992815782085959597e+01 9.103275909647470598e+01 7.324171881884836921e+01 4.446664353507483014e+01 1.906548892319178989e+01 1.051779247838775078e+01 1.051779247838775078e+01
1.051779247838775078e+01 1.051779247838775078e+01 1.051779247838775078e+01 1.051779247838775078e+01 1.991310736778258672e+01 3.478596223621899242e+01 6.249927297860704556e+01 8.227362489469881268e+01 8.933106369057139773e+01 7.537434021959226982e+01 5.210956568075775408e+01 3.789068517900032873e+01 2.080300722428707516e+01 2.874416508998946895e+01 6.382304783806780080e+01 8.908111445632826531e+01 9.735580142007239601e+01 8.044097608266105226e+01 5.085644369324204206e+01 1.935397328083085355e+01 1.051779247838775078e+01 1.051779247838775078e+01
1.051779247838775078e+01 1.051779247838775078e+01 1.051779247838775078e+01 1.051779247838775078e+01 2.015026756361512739e+01 4.147295039906052239e+01 6.667787997409557477e+01 8.376240979187903690e+01 7.668684306433402753e+01 5.693323320372491736e+01 3.359943273909933481e+01 2.131223752851666120e+01 1.932788566997604462e+01 2.964090235024836417e+01 6.061283552388957219e+01 8.908111445632826531e+01 9.735580142007239601e+01 8.044097608266105226e+01 4.437105395090923565e+01 1.935397328083085355e+01 1.051779247838775078e+01 1.051779247838775078e+01
1.051779247838775078e+01 1.051779247838775078e+01 1.051779247838775078e+01 1.051779247838775078e+01 2.115673337070694515e+01 3.766159943656627007e+01 4.777802127879250804e+01 6.175476398070640727e+01 5.250093058954434611e+01 3.847346028409594965e+01 2.131223752851666120e+01 1.051779247838775078e+01 1.745955761088163882e+01 3.291018196360149517e+01 6.511497281623604749e+01 8.503175448552464388e+01 9.151011455243160242e+01 6.811507152964735212e+01 4.021369935828066389e+01 1.935397328083085355e+01 1.051779247838775078e+01 1.051779247838775078e+01
1.051779247838775078e+01 1.051779247838775078e+01 1.051779247838775078e+01 1.051779247838775078e+01 2.032859971265484589e+01 2.322467446977985617e+01 3.333209788241450866e+01 3.820578551608402762e+01 3.305266551534415242e+01 2.131223752851666120e+01 1.476653459721721084e+01 1.051779247838775078e+01 2.015026756361512739e+01 3.785191008777426447e+01 6.980948091781502285e+01 9.045715243022237928e+01 8.788248763071776182e+01 6.443409132973967246e+01 3.334662995605850000e+01 1.985808619830547173e+01 1.051779247838775078e+01 1.051779247838775078e+01
1.051779247838775078e+01 1.051779247838775078e+01 1.051779247838775078e+01 1.051779247838775078e+01 1.051779247838775078e+01 2.021653688714377139e+01 2.117850164081985653e+01 2.080300722428707516e+01 2.080300722428707516e+01 1.476653459721721084e+01 1.051779247838775078e+01 1.642661093766206548e+01 2.733660330410323525e+01 5.546789512212816220e+01 8.245860574592829551e+01 9.712258285992129458e+01 8.082945681250760117e+01 5.064403422730880777e+01 2.554709563449646481e+01 1.051779247838775078e+01 1.051779247838775078e+01 1.051779247838775078e+01
1.051779247838775078e+01 1.051779247838775078e+01 1.051779247838775078e+01 1.051779247838775078e+01 1.051779247838775078e+01 1.051779247838775078e+01 1.581066318903564039e+01 1.521768843512464642e+01 1.642661093766206548e+01 2.135024088547363164e+01 2.538858151164794563e+01 3.132374613526267026e+01 4.664923363530878930e+01 7.245383298925598581e+01 9.239752915713575021e+01 9.712258285992129458e+01 6.882399794553158756e+01 4.340632434380852800e+01 1.935397328083085355e+01 1.051779247838775078e+01 1.051779247838775078e+01 1.051779247838775078e+01
1.051779247838775078e+01 1.051779247838775078e+01 1.051779247838775078e+01 1.051779247838775078e+01 1.051779247838775078e+01 1.642661093766206548e+01 1.991310736778258672e+01 2.511941430769709882e+01 3.604258471189580604e+01 4.159784653436095425e+01 5.452577586694403777e+01 5.534715119741370160e+01 8.149051294238519461e+01 9.744039262810701985e+01 1.043473600990800207e+02 9.074540522406269361e+01 6.683493845984837378e+01 3.682245226189340315e+01 1.935397328083085355e+01 1.051779247838775078e+01 1.051779247838775078e+01 1.051779247838775078e+01
1.051779247838775078e+01 1.051779247838775078e+01 1.051779247838775078e+01 1.051779247838775078e+01 1.991310736778258672e+01 2.709416483245762919e+01 3.604258471189580604e+01 4.755882317879782306e+01 5.534715119741370160e+01 7.331484543287757560e+01 8.197480627824124610e+01 9.835894512594049388e+01 1.015770367540467447e+02 1.191411024725117755e+02 1.114457706143415976e+02 8.818581342595742001e+01 5.459352565471165519e+01 2.782745922775130509e+01 1.476653459721721084e+01 1.051779247838775078e+01 1.051779247838775078e+01 1.051779247838775078e+01
1.051779247838775078e+01 1.051779247838775078e+01 1.051779247838775078e+01 1.991310736778258672e+01 2.868289556660584338e+01 4.633192310790022361e+01 5.534715119741370160e+01 7.290362102931661070e+01 7.579559967287273992e+01 9.154515847884198365e+01 1.006715147335564495e+02 1.192156198305081034e+02 1.254455750465566695e+02 1.193849744495433498e+02 1.031661123545048753e+02 7.423607157678026169e+01 4.437105395090923565e+01 2.376997270242555516e+01 1.051779247838775078e+01 1.051779247838775078e+01 1.051779247838775078e+01 1.051779247838775078e+01
1.051779247838775078e+01 1.051779247838775078e+01 1.051779247838775078e+01 2.533488636311268394e+01 4.570989842798477554e+01 6.634852645776632585e+01 9.154515847884198365e+01 9.484831745033733341e+01 8.342105042662657866e+01 1.008103163898088326e+02 1.091037080490369817e+02 1.231107349047863408e+02 1.243194977194044810e+02 1.061224476820396490e+02 8.579133706207525734e+01 5.600240681533711040e+01 3.185174047389404706e+01 1.985808619830547173e+01 1.051779247838775078e+01 1.051779247838775078e+01 1.051779247838775078e+01 1.051779247838775078e+01
1.051779247838775078e+01 1.051779247838775078e+01 1.745955761088163882e+01 2.964090235024836417e+01 6.076222602503586501e+01 8.943794164532629054e+01 1.013180418250075121e+02 1.027037850100975476e+02 8.014028168810209252e+01 8.797299633296057664e+01 1.094634696456486012e+02 1.219555005975601034e+02 1.123033073518704725e+02 8.579133706207525734e+01 5.600240681533711040e+01 3.359943273909933481e+01 2.131223752851666120e+01 1.476653459721721084e+01 1.051779247838775078e+01 1.051779247838775078e+01 1.051779247838775078e+01 1.051779247838775078e+01
1.051779247838775078e+01 1.051779247838775078e+01 1.745955761088163882e+01 3.291018196360149517e+01 6.511497281623604749e+01 9.639202930946946424e+01 1.136659600232928113e+02 1.066112615516707933e+02 9.067957003114753434e+01 8.965746643558840390e+01 1.013180418250075121e+02 1.101816711259983919e+02 9.553768851359464520e+01 6.443409132973967246e+01 3.643758600053612895e+01 2.131223752851666120e+01 1.476653459721721084e+01 1.051779247838775078e+01 1.051779247838775078e+01 1.051779247838775078e+01 1.051779247838775078e+01 1.051779247838775078e+01
1.051779247838775078e+01 1.051779247838775078e+01 2.032859971265484589e+01 3.030191442573751104e+01 6.146463639879503660e+01 8.908111445632826531e+01 1.102817691935394464e+02 1.101107541278961151e+02 9.776035729640911143e+01 1.043473600990800207e+02 1.040229393877406636e+02 9.223905660264696849e+01 7.046939250432372148e+01 4.396290479319647915e+01 2.273500292962080138e+01 1.476653459721721084e+01 1.051779247838775078e+01 1.051779247838775078e+01 1.051779247838775078e+01 1.051779247838775078e+01 1.051779247838775078e+01 1.051779247838775078e+01
1.051779247838775078e+01 1.051779247838775078e+01 1.051779247838775078e+01 2.440327033244665955e+01 4.692982431347663663e+01 7.548157082825299824e+01 8.891750993061160102e+01 1.049146269221926957e+02 1.029491916221738279e+02 1.024642989574734742e+02 9.038491579205077642e+01 7.524772937405936091e+01 4.753789964726387041e+01 2.924874848204395050e+01 1.985808619830547173e+01 1.051779247838775078e+01 1.051779247838775078e+01 1.051779247838775078e+01 1.051779247838775078e+01 1.051779247838775078e+01 1.051779247838775078e+01 1.051779247838775078e+01
1.051779247838775078e+01 1.051779247838775078e+01 1.051779247838775078e+01 2.115673337070694515e+01 3.207241544461427907e+01 4.777802127879250804e+01 6.520853516644879733e+01 7.581956177115343110e+01 8.250853467910826566e+01 7.581138759358364609e+01 6.222008278464129916e+01 4.527270564797198205e+01 2.924874848204395050e+01 2.131223752851666120e+01 1.051779247838775078e+01 1.051779247838775078e+01 1.051779247838775078e+01 1.051779247838775078e+01 1.051779247838775078e+01 1.051779247838775078e+01 1.051779247838775078e+01 1.051779247838775078e+01
1.051779247838775078e+01 1.051779247838775078e+01 1.051779247838775078e+01 1.051779247838775078e+01 2.117850164081985653e+01 2.579756240116949328e+01 3.925334794844203401e+01 4.460768019189728761e+01 4.974742285055873481e+01 4.352539073803197311e+01 3.188185523178569625e+01 2.131223752851666120e+01 2.059707135203418460e+01 1.051779247838775078e+01 1.051779247838775078e+01 1.051779247838775078e+01 1.051779247838775078e+01 1.051779247838775078e+01 1.051779247838775078e+01 1.051779247838775078e+01 1.051779247838775078e+01 1.051779247838775078e+01
