4.619359115658424386e+00 4.619359115658424386e+00 4.619359115658424386e+00 1.650364046738574730e+00 1.429270629245494861e+00 1.429270629245494861e+00 1.429270629245494861e+00 1.429270629245494861e+00 1.429270629245494861e+00 1.429270629245494861e+00 1.392553444728192646e+00 1.392553444728192646e+00 1.140328001794563173e+00 1.300811833044678956e+00 1.548591070098576994e+00 1.448284394189816027e+00 1.454179040501253795e+00 1.448284394189816027e+00 1.429270629245494861e+00 9.246575543797767027e-01 9.246575543797767027e-01 9.246575543797767027e-01
4.619359115658424386e+00 4.619359115658424386e+00 3.880207020479212510e+00 1.392553444728192646e+00 9.246575543797767027e-01 9.246575543797767027e-01 9.246575543797767027e-01 9.246575543797767027e-01 9.246575543797767027e-01 9.246575543797767027e-01 9.246575543797767027e-01 1.140328001794563173e+00 9.246575543797767027e-01 1.135827036082837749e+00 1.650364046738574730e+00 1.392553444728192646e+00 1.140328001794563173e+00 1.300811833044678956e+00 1.300811833044678956e+00 1.392553444728192646e+00 9.246575543797767027e-01 9.246575543797767027e-01
4.619359115658424386e+00 4.619359115658424386e+00 3.880207020479212510e+00 2.066388056224973457e+00 1.135827036082837749e+00 1.135827036082837749e+00 1.135827036082837749e+00 9.246575543797767027e-01 9.246575543797767027e-01 9.246575543797767027e-01 1.140328001794563173e+00 9.246575543797767027e-01 1.135827036082837749e+00 1.548591070098576994e+00 1.604981028584429703e+00 1.510276414990290972e+00 1.135827036082837749e+00 1.135827036082837749e+00 1.135827036082837749e+00 1.503160061726307672e+00 1.135827036082837749e+00 9.246575543797767027e-01
4.619359115658424386e+00 4.619359115658424386e+00 3.880207020479212510e+00 3.697784362390898583e+00 1.135827036082837749e+00 1.135827036082837749e+00 2.055462447120667946e+00 9.246575543797767027e-01 1.140328001794563173e+00 1.135827036082837749e+00 1.135827036082837749e+00 1.135827036082837749e+00 1.135827036082837749e+00 1.402525222055918119e+00 1.402525222055918119e+00 1.135827036082837749e+00 1.135827036082837749e+00 1.405159803696035770e+00 1.140328001794563173e+00 1.448284394189816027e+00 1.135827036082837749e+00 1.135827036082837749e+00
4.619359115658424386e+00 4.619359115658424386e+00 4.619359115658424386e+00 2.515287937370628946e+00 2.055462447120667946e+00 1.392553444728192646e+00 1.503160061726307672e+00 1.135827036082837749e+00 1.402525222055918119e+00 1.402525222055918119e+00 1.135827036082837749e+00 9.246575543797767027e-01 1.140328001794563173e+00 1.300811833044678956e+00 1.726516143616980514e+01 1.546601488402492786e+00 1.135827036082837749e+00 1.135827036082837749e+00 1.405159803696035770e+00 1.448284394189816027e+00 1.454179040501253795e+00 1.135827036082837749e+00
2.055462447120667946e+00 4.619359115658424386e+00 4.619359115658424386e+00 1.392553444728192646e+00 1.392553444728192646e+00 9.246575543797767027e-01 9.246575543797767027e-01 1.140328001794563173e+00 1.135827036082837749e+00 1.135827036082837749e+00 1.687043876602058345e+00 1.407521515255036659e+00 1.135827036082837749e+00 1.300811833044678956e+00 1.135827036082837749e+00 1.135827036082837749e+00 1.546601488402492786e+00 1.514792010508462017e+00 1.392553444728192646e+00 1.405159803696035770e+00 1.429270629245494861e+00 9.246575543797767027e-01
1.687043876602058345e+00 1.687043876602058345e+00 1.548591070098576994e+00 2.055462447120667946e+00 9.246575543797767027e-01 1.135827036082837749e+00 1.140328001794563173e+00 1.300811833044678956e+00 1.757875609252048665e+00 1.650364046738574730e+00 1.819399392899718082e+00 1.135827036082837749e+00 1.431338366473970281e+00 1.687043876602058345e+00 6.103287049285125931e+01 1.455203835978836082e+02 1.213822907909484172e+02 4.253032422301753712e+01 1.546601488402492786e+00 1.510276414990290972e+00 1.300811833044678956e+00 1.135827036082837749e+00
1.819399392899718082e+00 1.405159803696035770e+00 1.392553444728192646e+00 1.392553444728192646e+00 9.246575543797767027e-01 1.135827036082837749e+00 1.140328001794563173e+00 1.300811833044678956e+00 1.300811833044678956e+00 1.858739182545980917e+00 1.679715511270934103e+00 2.529528176392465522e+00 2.529528176392465522e+00 2.066339160269458297e+00 1.819399392899718082e+00 1.219657902706993156e+02 1.457843147062149001e+02 4.293007969340726504e+01 1.650364046738574730e+00 1.135827036082837749e+00 1.135827036082837749e+00 1.140328001794563173e+00
1.662285414830594776e+00 1.454179040501253795e+00 9.246575543797767027e-01 9.246575543797767027e-01 9.246575543797767027e-01 9.246575543797767027e-01 1.135827036082837749e+00 1.514792010508462017e+00 2.053763167262380396e+00 1.819399392899718082e+00 2.529528176392465522e+00 2.066339160269458297e+00 2.529528176392465522e+00 2.115199702701214601e+00 1.819399392899718082e+00 6.595310538899546771e+01 1.545503337430570241e+02 7.057815013267007487e+01 1.503160061726307672e+00 1.819399392899718082e+00 1.431338366473970281e+00 9.246575543797767027e-01
1.510276414990290972e+00 1.300811833044678956e+00 9.246575543797767027e-01 9.246575543797767027e-01 9.246575543797767027e-01 1.140328001794563173e+00 1.135827036082837749e+00 1.601920143459847345e+00 1.687043876602058345e+00 1.944119951247019529e+00 2.066339160269458297e+00 1.766304463120761836e+00 1.601920143459847345e+00 1.546601488402492786e+00 1.582032997318729928e+00 5.744697434910300160e+01 1.332088348092453316e+02 4.293007969340726504e+01 1.858739182545980917e+00 1.662285414830594776e+00 1.454179040501253795e+00 9.246575543797767027e-01
1.300811833044678956e+00 9.246575543797767027e-01 9.246575543797767027e-01 9.246575543797767027e-01 9.246575543797767027e-01 1.300811833044678956e+00 4.795698833338723155e+00 1.746526939330419692e+00 1.944119951247019529e+00 1.819399392899718082e+00 1.717794143866484102e+00 1.662285414830594776e+00 1.431335081693724254e+00 1.135827036082837749e+00 5.889885634460811303e+01 7.994862144041218244e+01 1.042307544626359430e+02 1.601920143459847345e+00 1.392553444728192646e+00 1.679715511270934103e+00 1.135827036082837749e+00 1.135827036082837749e+00
1.135827036082837749e+00 1.135827036082837749e+00 9.246575543797767027e-01 9.246575543797767027e-01 1.135827036082837749e+00 1.300811833044678956e+00 4.154569439759617566e+00 1.601920143459847345e+00 1.601920143459847345e+00 1.429270629245494861e+00 1.392553444728192646e+00 1.510276414990290972e+00 1.135827036082837749e+00 3.791196020570759373e+01 7.994862144041218244e+01 1.259919907807245352e+02 4.371622454395516399e+01 1.601920143459847345e+00 1.429270629245494861e+00 1.429270629245494861e+00 1.135827036082837749e+00 1.135827036082837749e+00
1.135827036082837749e+00 1.135827036082837749e+00 9.246575543797767027e-01 9.246575543797767027e-01 1.140328001794563173e+00 8.450707595053524201e+00 5.489353351868800246e+00 1.604981028584429703e+00 1.392553444728192646e+00 1.546601488402492786e+00 1.354621370247917511e+00 1.300811833044678956e+00 2.599425152194807964e+01 8.771171550435889230e+01 9.765531050311840033e+01 1.042307544626359430e+02 3.593523530575943870e+00 1.392553444728192646e+00 1.300811833044678956e+00 9.246575543797767027e-01 9.246575543797767027e-01 9.246575543797767027e-01
1.135827036082837749e+00 1.135827036082837749e+00 9.246575543797767027e-01 1.135827036082837749e+00 1.448284394189816027e+00 1.300811833044678956e+00 5.489353351868800246e+00 1.858846317101308543e+01 1.135827036082837749e+00 1.514792010508462017e+00 1.135827036082837749e+00 5.541899177795495746e+01 8.771171550435889230e+01 1.478958267717891317e+02 5.827039785102990521e+01 3.858475393389161567e+00 1.548591070098576994e+00 1.392553444728192646e+00 1.135827036082837749e+00 9.246575543797767027e-01 9.246575543797767027e-01 1.135827036082837749e+00
1.429270629245494861e+00 1.392553444728192646e+00 1.140328001794563173e+00 1.135827036082837749e+00 1.431338366473970281e+00 3.697784362390898583e+00 4.452645514606441424e+01 8.577897949380196962e+01 1.135827036082837749e+00 1.135827036082837749e+00 9.262823200550174363e+01 8.771171550435889230e+01 9.417552095819414149e+01 2.142935653568970977e+01 1.687043876602058345e+00 1.687043876602058345e+00 1.392553444728192646e+00 1.429270629245494861e+00 9.246575543797767027e-01 1.135827036082837749e+00 9.246575543797767027e-01 2.160478137664907816e+00
9.246575543797767027e-01 1.140328001794563173e+00 1.140328001794563173e+00 1.300811833044678956e+00 1.819399392899718082e+00 5.889885634460811303e+01 1.148436336334053465e+02 1.458062364035809537e+02 1.631018427297149458e+02 1.485118075717973056e+02 1.042307544626359430e+02 4.371622454395516399e+01 5.986330827284638190e+01 1.639913881767250503e+00 1.783254856350255224e+01 1.392553444728192646e+00 1.429270629245494861e+00 9.246575543797767027e-01 9.246575543797767027e-01 1.140328001794563173e+00 1.135827036082837749e+00 3.697784362390898583e+00
1.135827036082837749e+00 1.135827036082837749e+00 1.140328001794563173e+00 1.402525222055918119e+00 1.300811833044678956e+00 1.447216859898356667e+01 9.417552095819414149e+01 1.630529850436275865e+02 1.170845121490903722e+02 7.703497278349226463e+01 1.687043876602058345e+00 1.687043876602058345e+00 1.392553444728192646e+00 1.429270629245494861e+00 9.246575543797767027e-01 9.246575543797767027e-01 1.135827036082837749e+00 9.246575543797767027e-01 9.246575543797767027e-01 1.140328001794563173e+00 2.606923168897042675e+00 4.619359115658424386e+00
1.135827036082837749e+00 1.135827036082837749e+00 9.246575543797767027e-01 1.140328001794563173e+00 1.300811833044678956e+00 1.429270629245494861e+00 1.687043876602058345e+00 1.687043876602058345e+00 1.687043876602058345e+00 1.687043876602058345e+00 1.650364046738574730e+00 1.392553444728192646e+00 1.429270629245494861e+00 1.135827036082837749e+00 1.135827036082837749e+00 1.135827036082837749e+00 1.135827036082837749e+00 9.246575543797767027e-01 9.246575543797767027e-01 1.140328001794563173e+00 2.606923168897042675e+00 4.619359115658424386e+00
9.246575543797767027e-01 9.246575543797767027e-01 9.246575543797767027e-01 1.135827036082837749e+00 1.140328001794563173e+00 1.300811833044678956e+00 1.650364046738574730e+00 1.819399392899718082e+00 1.819399392899718082e+00 1.601920143459847345e+00 1.604981028584429703e+00 1.392553444728192646e+00 1.135827036082837749e+00 1.135827036082837749e+00 9.246575543797767027e-01 9.246575543797767027e-01 9.246575543797767027e-01 1.135827036082837749e+00 9.246575543797767027e-01 1.300811833044678956e+00 3.163007933741736277e+00 4.619359115658424386e+00
9.246575543797767027e-01 1.135827036082837749e+00 1.135827036082837749e+00 9.246575543797767027e-01 1.135827036082837749e+00 1.601920143459847345e+00 1.546601488402492786e+00 1.662285414830594776e+00 1.510276414990290972e+00 1.135827036082837749e+00 1.140328001794563173e+00 1.300811833044678956e+00 1.135827036082837749e+00 9.246575543797767027e-01 9.246575543797767027e-01 9.246575543797767027e-01 1.135827036082837749e+00 1.135827036082837749e+00 1.135827036082837749e+00 2.606923168897042675e+00 4.619359115658424386e+00 4.619359115658424386e+00
1.135827036082837749e+00 1.135827036082837749e+00 1.135827036082837749e+00 1.135827036082837749e+00 1.135827036082837749e+00 9.246575543797767027e-01 1.392553444728192646e+00 1.300811833044678956e+00 1.300811833044678956e+00 9.246575543797767027e-01 1.135827036082837749e+00 1.135827036082837749e+00 1.135827036082837749e+00 9.246575543797767027e-01 1.140328001794563173e+00 1.135827036082837749e+00 1.135827036082837749e+00 1.135827036082837749e+00 3.697784362390898583e+00 4.619359115658424386e+00 4.619359115658424386e+00 4.619359115658424386e+00
4.619359115658424386e+00 3.880207020479212510e+00 3.163007933741736277e+00 1.135827036082837749e+00 1.135827036082837749e+00 9.246575543797767027e-01 9.246575543797767027e-01 1.135827036082837749e+00 9.246575543797767027e-01 9.246575543797767027e-01 1.135827036082837749e+00 9.246575543797767027e-01 1.135827036082837749e+00 9.246575543797767027e-01 1.300811833044678956e+00 2.606923168897042675e+00 4.619359115658424386e+00 4.619359115658424386e+00 4.619359115658424386e+00 4.619359115658424386e+00 4.619359115658424386e+00 4.619359115658424386e+00
