1.286818453262334572e+00 1.394860076800541027e+00 1.431338366473970281e+00 1.405159803696035770e+00 1.180891528733458706e+00 1.180891528733458706e+00 1.180891528733458706e+00 9.246575543797767027e-01 9.246575543797767027e-01 9.838274337348410503e-01 1.041908095358436315e+00 8.279925399047216672e+01 3.414734310334638678e+01 1.424769300411522366e+01 9.838274337348410503e-01 1.041908095358436315e+00 1.056318377522725616e+00 7.563271604938271997e-01 4.497633744855966675e-01 4.497633744855966675e-01 4.497633744855966675e-01 4.497633744855966675e-01
1.180891528733458706e+00 1.337634161826324997e+00 1.481574737733978520e+00 1.398608735436374317e+00 1.626550633760466047e+00 9.246575543797767027e-01 1.455739843839708225e+00 2.859328994308161143e+01 4.283696269351256092e+01 8.388047959735146719e+01 1.670733713375701086e+02 1.670733713375701086e+02 1.665942564097042577e+02 1.192528282677577494e+02 3.414734310334638678e+01 1.668232929226409667e+01 1.009623094175419622e+00 7.563271604938271997e-01 4.497633744855966675e-01 5.476234567901234751e-01 4.497633744855966675e-01 4.497633744855966675e-01
1.009623094175419622e+00 1.094513261071400567e+00 1.269838793999868765e+00 1.398608735436374317e+00 1.405159803696035770e+00 2.892096457042218205e+01 1.567453944422598333e+00 4.283696269351256092e+01 1.671368569499558703e+02 1.667209739295718975e+02 1.665942564097042577e+02 1.665802249125970889e+02 1.666145754432377259e+02 1.665942564097042577e+02 8.271034589865134024e+01 1.488831689590789598e+00 1.956392687344679082e+00 1.401280161806324642e+00 1.337634161826324997e+00 7.563271604938271997e-01 4.497633744855966675e-01 4.497633744855966675e-01
1.094513261071400567e+00 1.043843496472663279e+00 1.034546938447011621e+00 1.546601488402492786e+00 1.709975255147622386e+00 4.283696269351256092e+01 1.670733713375701086e+02 1.671368569499558703e+02 1.667209739295718975e+02 1.665802249125970889e+02 1.666145754432377259e+02 1.667209739295718975e+02 1.663763100038982543e+02 1.660602592439264242e+02 1.658814482519402418e+02 1.888930047335304785e+00 1.396955483262673381e+00 1.626550633760466047e+00 1.405159803696035770e+00 1.327643550506185210e+00 1.180891528733458706e+00 4.497633744855966675e-01
1.009623094175419622e+00 1.269838793999868765e+00 1.043843496472663279e+00 2.892096457042218205e+01 5.554239303643735326e+01 1.660781367359932119e+02 1.665802249125970889e+02 1.666436559715260159e+02 1.666855389534793517e+02 1.664244236540424993e+02 1.536922335390946444e+02 1.666855389534793517e+02 1.665802249125970889e+02 1.665848197556454693e+02 1.666145754432377259e+02 6.628495412996491609e+01 1.639920954702635880e+00 1.709975255147622386e+00 1.581725009827453787e+00 1.337634161826324997e+00 1.171223513775203173e+00 4.497633744855966675e-01
1.180891528733458706e+00 1.180891528733458706e+00 1.071660523593004122e+00 4.341516556437389340e+01 1.671368569499558703e+02 1.662378642367306441e+02 1.665733579608744037e+02 1.666145754432377259e+02 1.226430348131130046e+02 1.956392687344679082e+00 1.557078093751281642e+02 1.664244236540424993e+02 1.663763100038982543e+02 1.671368569499558703e+02 1.666145754432377259e+02 6.628495412996491609e+01 1.639920954702635880e+00 1.531800555023214772e+00 1.237976190476190341e+00 1.043843496472663279e+00 1.297438915607981302e+00 4.497633744855966675e-01
1.237976190476190341e+00 1.398608735436374317e+00 1.297438915607981302e+00 8.378546141975307648e+01 1.665802249125970889e+02 1.665802249125970889e+02 1.666436559715260159e+02 1.659800634450567713e+02 2.215584027020232050e+00 1.401280161806324642e+00 1.819399392899718082e+00 1.219657902706993156e+02 1.665802249125970889e+02 1.670733713375701086e+02 1.666145754432377259e+02 6.628495412996491609e+01 1.398608735436374317e+00 1.398608735436374317e+00 1.396955483262673381e+00 1.269838793999868765e+00 4.497633744855966675e-01 4.497633744855966675e-01
1.180891528733458706e+00 1.043843496472663279e+00 1.297438915607981302e+00 4.341516556437389340e+01 1.662326582194432376e+02 1.618561106895249111e+02 1.540571743146797701e+02 5.303136926785326466e+01 3.471187685595340611e+01 1.673073015453906631e+00 1.709975255147622386e+00 1.509772506682844195e+01 1.650222919968100257e+02 1.671368569499558703e+02 1.666145754432377259e+02 6.628495412996491609e+01 1.398608735436374317e+00 1.372165173707753594e+00 1.269838793999868765e+00 1.171223513775203173e+00 4.497633744855966675e-01 4.497633744855966675e-01
1.173069761025371083e+00 1.056318377522725616e+00 1.034546938447011621e+00 3.449183456790122904e+01 1.956392687344679082e+00 9.911015724643765168e+01 3.471187685595340611e+01 2.030136870622944123e+00 2.207196779168923317e+00 1.648714146800143610e+00 1.709975255147622386e+00 4.341516556437389340e+01 1.671368569499558703e+02 1.665733579608744037e+02 1.666145754432377259e+02 6.628495412996491609e+01 1.237976190476190341e+00 1.372165173707753594e+00 1.394860076800541027e+00 1.071660523593004122e+00 4.497633744855966675e-01 4.497633744855966675e-01
1.394860076800541027e+00 1.237976190476190341e+00 1.071660523593004122e+00 1.405159803696035770e+00 1.180891528733458706e+00 2.912571942522335977e+00 1.835447828868607356e+00 1.819399392899718082e+00 2.207196779168923317e+00 1.546601488402492786e+00 1.715544144554230543e+00 8.378546141975307648e+01 1.596107335042265731e+02 1.662378642367306441e+02 1.660602592439264242e+02 3.471187685595340611e+01 1.296674430713782522e+00 1.502196808250048976e+00 1.396955483262673381e+00 1.297438915607981302e+00 1.071660523593004122e+00 4.497633744855966675e-01
1.094513261071400567e+00 1.043843496472663279e+00 1.034546938447011621e+00 1.171223513775203173e+00 1.180891528733458706e+00 1.398608735436374317e+00 1.481574737733978520e+00 1.626550633760466047e+00 1.832741781761381139e+00 1.819399392899718082e+00 4.283696269351256092e+01 1.085698117652033119e+02 1.665802249125970889e+02 1.670733713375701086e+02 1.666145754432377259e+02 1.803511643946359211e+00 1.481574737733978520e+00 1.396955483262673381e+00 1.401280161806324642e+00 1.171223513775203173e+00 1.071660523593004122e+00 4.497633744855966675e-01
4.497633744855966675e-01 1.094513261071400567e+00 1.043843496472663279e+00 1.034546938447011621e+00 1.546601488402492786e+00 1.275078792525387694e+00 1.372165173707753594e+00 1.835447828868607356e+00 1.593848482766635044e+00 1.819399392899718082e+00 5.744697434910300160e+01 1.671368569499558703e+02 1.670733713375701086e+02 1.671368569499558703e+02 1.666145754432377259e+02 1.398608735436374317e+00 1.481574737733978520e+00 1.401280161806324642e+00 1.171223513775203173e+00 1.394860076800541027e+00 4.497633744855966675e-01 4.497633744855966675e-01
4.497633744855966675e-01 4.497633744855966675e-01 4.497633744855966675e-01 4.497633744855966675e-01 1.094513261071400567e+00 1.041908095358436315e+00 1.441901485619116796e+00 1.514792010508462017e+00 1.455739843839708225e+00 1.715544144554230543e+00 1.085698117652033119e+02 1.660602592439264242e+02 1.666145754432377259e+02 1.666855389534793517e+02 1.655271863797292156e+02 1.237976190476190341e+00 1.441901485619116796e+00 1.398608735436374317e+00 1.171223513775203173e+00 1.071660523593004122e+00 7.563271604938271997e-01 1.171223513775203173e+00
4.497633744855966675e-01 4.497633744855966675e-01 4.497633744855966675e-01 4.497633744855966675e-01 4.497633744855966675e-01 4.497633744855966675e-01 4.497633744855966675e-01 1.034546938447011621e+00 1.283958385341307906e+00 4.283696269351256092e+01 1.671368569499558703e+02 1.660602592439264242e+02 1.667209739295718975e+02 1.655271863797292156e+02 1.597207505323493990e+02 3.470258470773283221e+01 1.546601488402492786e+00 1.424769300411522366e+01 1.394860076800541027e+00 1.094513261071400567e+00 1.094513261071400567e+00 1.424769300411522366e+01
4.497633744855966675e-01 4.497633744855966675e-01 4.497633744855966675e-01 4.497633744855966675e-01 4.497633744855966675e-01 4.497633744855966675e-01 5.476234567901234751e-01 5.476234567901234751e-01 7.563271604938271997e-01 1.269403621064704879e+02 1.662326582194432376e+02 1.665802249125970889e+02 1.666436559715260159e+02 1.666145754432377259e+02 1.520356229557713448e+02 1.147702846256649565e+02 1.147702846256649565e+02 6.653995145294763347e+01 8.352585929345282523e+01 8.352585929345282523e+01 8.352585929345282523e+01 1.546601488402492786e+00
4.497633744855966675e-01 4.497633744855966675e-01 4.497633744855966675e-01 4.497633744855966675e-01 4.497633744855966675e-01 4.497633744855966675e-01 5.476234567901234751e-01 7.563271604938271997e-01 9.313255860498621530e+01 1.670733713375701086e+02 1.667209739295718975e+02 1.670733713375701086e+02 1.670733713375701086e+02 1.667209739295718975e+02 1.665733579608744037e+02 1.671368569499558703e+02 1.671368569499558703e+02 1.667209739295718975e+02 1.626890650700825915e+02 1.667209739295718975e+02 1.462634030869999151e+02 3.714829423925278462e+01
4.497633744855966675e-01 4.497633744855966675e-01 4.497633744855966675e-01 4.497633744855966675e-01 4.497633744855966675e-01 4.497633744855966675e-01 5.476234567901234751e-01 7.563271604938271997e-01 1.148436336334053465e+02 1.665802249125970889e+02 1.666436559715260159e+02 1.671368569499558703e+02 1.666436559715260159e+02 1.666145754432377259e+02 1.665802249125970889e+02 1.671368569499558703e+02 1.667209739295718975e+02 1.504052464858484370e+02 1.540571743146797701e+02 1.540571743146797701e+02 1.027652564578672099e+02 1.373490418439124028e+01
4.497633744855966675e-01 4.497633744855966675e-01 4.497633744855966675e-01 4.497633744855966675e-01 4.497633744855966675e-01 5.476234567901234751e-01 5.476234567901234751e-01 5.744697434910300160e+01 1.660781367359932119e+02 1.662378642367306441e+02 1.665733579608744037e+02 1.666145754432377259e+02 1.666855389534793517e+02 1.666855389534793517e+02 1.664244236540424993e+02 1.533720056323517440e+02 1.540571743146797701e+02 1.497887454375095899e+02 1.557078093751281642e+02 1.956392687344679082e+00 1.956392687344679082e+00 2.215584027020232050e+00
4.497633744855966675e-01 4.497633744855966675e-01 4.497633744855966675e-01 4.497633744855966675e-01 4.497633744855966675e-01 5.476234567901234751e-01 7.563271604938271997e-01 1.670733713375701086e+02 1.660602592439264242e+02 1.660602592439264242e+02 1.665802249125970889e+02 1.665942564097042577e+02 1.665802249125970889e+02 1.666145754432377259e+02 1.655271863797292156e+02 1.497887454375095899e+02 1.027652564578672099e+02 4.779785623378530346e+01 1.180891528733458706e+00 1.593848482766635044e+00 1.835447828868607356e+00 1.803511643946359211e+00
4.497633744855966675e-01 4.497633744855966675e-01 4.497633744855966675e-01 4.497633744855966675e-01 4.497633744855966675e-01 5.476234567901234751e-01 5.476234567901234751e-01 9.428726259759653772e+01 1.655271863797292156e+02 1.655271863797292156e+02 1.540571743146797701e+02 1.666855389534793517e+02 1.666855389534793517e+02 1.655271863797292156e+02 1.027652564578672099e+02 4.618127137048233521e+01 1.180891528733458706e+00 1.269838793999868765e+00 1.033120940420809708e+00 1.033120940420809708e+00 1.033120940420809708e+00 1.033120940420809708e+00
4.497633744855966675e-01 4.497633744855966675e-01 4.497633744855966675e-01 4.497633744855966675e-01 4.497633744855966675e-01 4.497633744855966675e-01 1.138229436814600604e+01 5.973368995653817848e+01 1.180891528733458706e+00 9.911015724643765168e+01 5.246460840340154164e+01 5.952502867615780957e+01 1.180891528733458706e+00 1.180891528733458706e+00 1.180891528733458706e+00 9.542336628736156623e-01 9.542336628736156623e-01 4.497633744855966675e-01 4.497633744855966675e-01 4.497633744855966675e-01 4.497633744855966675e-01 1.546601488402492786e+00
4.497633744855966675e-01 4.497633744855966675e-01 4.497633744855966675e-01 4.497633744855966675e-01 4.497633744855966675e-01 4.497633744855966675e-01 4.497633744855966675e-01 9.542336628736156623e-01 1.277684628074012885e+01 3.428103506919894983e+01 1.180891528733458706e+00 9.542336628736156623e-01 9.542336628736156623e-01 9.542336628736156623e-01 9.542336628736156623e-01 4.497633744855966675e-01 4.497633744855966675e-01 4.497633744855966675e-01 4.497633744855966675e-01 4.497633744855966675e-01 4.497633744855966675e-01 4.497633744855966675e-01
