5.476234567901234751e-01 5.476234567901234751e-01 5.476234567901234751e-01 5.476234567901234751e-01 5.476234567901234751e-01 5.476234567901234751e-01 1.040010443945629026e+00 1.431338366473970281e+00 1.858739182545980917e+00 1.401280161806324642e+00 1.237976190476190341e+00 1.376239447755261525e+00 1.424769300411522366e+01 1.094513261071400567e+00 4.510519593253968118e+00 1.041908095358436315e+00 1.394860076800541027e+00 1.094513261071400567e+00 1.398608735436374317e+00 1.372165173707753594e+00 1.408195651755201228e+00 1.431338366473970281e+00
5.476234567901234751e-01 5.476234567901234751e-01 5.476234567901234751e-01 5.864103223593963854e-01 5.476234567901234751e-01 5.476234567901234751e-01 1.724052894849265050e+00 1.506061523347361319e+00 1.546601488402492786e+00 1.380224504884622228e+00 1.394860076800541027e+00 4.283696269351256092e+01 5.554239303643735326e+01 8.388047959735146719e+01 8.352585929345282523e+01 5.554239303643735326e+01 1.546601488402492786e+00 1.546601488402492786e+00 1.180891528733458706e+00 1.180891528733458706e+00 1.180891528733458706e+00 1.297438915607981302e+00
5.476234567901234751e-01 5.476234567901234751e-01 5.864103223593963854e-01 5.864103223593963854e-01 5.476234567901234751e-01 1.481574737733978520e+00 1.344120889487414150e+00 1.715544144554230543e+00 4.283696269351256092e+01 8.381925354790114113e+01 1.666913380456348932e+02 1.670544898221634185e+02 1.666913380456348932e+02 1.665196621243903508e+02 1.665733579608744037e+02 1.665196621243903508e+02 1.462634030869999151e+02 1.477375116086301343e+00 1.401033698073376410e+00 1.401033698073376410e+00 1.171223513775203173e+00 1.071660523593004122e+00
5.476234567901234751e-01 5.476234567901234751e-01 5.864103223593963854e-01 5.864103223593963854e-01 5.476234567901234751e-01 1.398608735436374317e+00 1.297438915607981302e+00 5.627598883439882371e+01 1.670544898221634185e+02 1.666913380456348932e+02 1.670544898221634185e+02 1.667905184258190445e+02 1.666855389534793517e+02 1.550795864867668001e+02 1.666855389534793517e+02 1.666913380456348932e+02 1.658814482519402418e+02 6.706471388902102149e+01 1.442896702274131693e+00 1.477375116086301343e+00 1.432967652893277544e+00 9.542336628736156623e-01
5.476234567901234751e-01 5.476234567901234751e-01 5.476234567901234751e-01 5.864103223593963854e-01 5.476234567901234751e-01 5.476234567901234751e-01 1.034546938447011621e+00 3.449183456790122904e+01 6.103287049285125931e+01 1.493580375180374915e+02 1.493580375180374915e+02 1.655271863797292156e+02 1.366317879028462983e+02 1.180891528733458706e+00 1.557078093751281642e+02 1.663683874191651739e+02 1.658814482519402418e+02 8.404720612792824852e+01 1.477375116086301343e+00 1.645701340085237163e+00 1.376239447755261525e+00 5.864103223593963854e-01
5.476234567901234751e-01 5.476234567901234751e-01 5.476234567901234751e-01 5.864103223593963854e-01 5.864103223593963854e-01 1.041908095358436315e+00 7.563271604938271997e-01 1.832741781761381139e+00 1.819399392899718082e+00 3.449183456790122904e+01 1.180891528733458706e+00 1.851317215377138892e+00 1.832741781761381139e+00 2.080103087683450980e+00 1.819399392899718082e+00 1.103030876253132675e+02 4.250042817974593135e+01 1.796394991142466813e+00 1.396955483262673381e+00 1.171223513775203173e+00 5.864103223593963854e-01 9.369671274679511885e-01
5.476234567901234751e-01 5.476234567901234751e-01 5.476234567901234751e-01 5.864103223593963854e-01 5.864103223593963854e-01 5.476234567901234751e-01 1.832741781761381139e+00 1.858739182545980917e+00 1.493365465960169391e+00 1.405159803696035770e+00 2.207196779168923317e+00 1.819399392899718082e+00 1.796394991142466813e+00 1.401033698073376410e+00 1.633953637566137429e+00 1.285669322415385807e+02 8.271034589865134024e+01 1.851317215377138892e+00 1.401280161806324642e+00 1.405159803696035770e+00 9.369671274679511885e-01 7.563271604938271997e-01
5.476234567901234751e-01 5.476234567901234751e-01 5.476234567901234751e-01 5.476234567901234751e-01 5.864103223593963854e-01 5.476234567901234751e-01 1.832741781761381139e+00 1.819399392899718082e+00 1.546601488402492786e+00 1.171223513775203173e+00 1.593848482766635044e+00 1.801964472879553414e+00 1.546601488402492786e+00 1.567453944422598333e+00 4.283696269351256092e+01 4.250042817974593135e+01 1.493365465960169391e+00 1.398608735436374317e+00 1.401033698073376410e+00 1.171223513775203173e+00 5.864103223593963854e-01 5.864103223593963854e-01
5.476234567901234751e-01 5.476234567901234751e-01 5.476234567901234751e-01 5.864103223593963854e-01 5.864103223593963854e-01 5.476234567901234751e-01 1.493365465960169391e+00 1.327643550506185210e+00 1.180891528733458706e+00 1.401033698073376410e+00 1.715544144554230543e+00 2.393030453539049418e+00 4.231536485890651988e+01 4.283696269351256092e+01 1.596107335042265731e+02 6.290914066739252775e+01 1.398608735436374317e+00 1.481574737733978520e+00 1.401280161806324642e+00 1.448284394189816027e+00 1.194479276895943354e+00 5.476234567901234751e-01
5.476234567901234751e-01 5.476234567901234751e-01 5.476234567901234751e-01 5.864103223593963854e-01 5.476234567901234751e-01 5.476234567901234751e-01 1.180891528733458706e+00 1.180891528733458706e+00 1.415173716450336627e+00 1.408195651755201228e+00 4.283696269351256092e+01 5.554239303643735326e+01 1.072142475092050944e+02 1.443520241069347492e+02 9.676542025931367164e+01 1.533682700840913959e+01 1.171223513775203173e+00 1.372165173707753594e+00 1.283958385341307906e+00 1.432967652893277544e+00 1.180891528733458706e+00 5.864103223593963854e-01
5.476234567901234751e-01 5.476234567901234751e-01 5.476234567901234751e-01 5.864103223593963854e-01 5.476234567901234751e-01 5.476234567901234751e-01 1.237976190476190341e+00 1.094513261071400567e+00 1.394860076800541027e+00 4.283696269351256092e+01 1.670544898221634185e+02 1.503590053383170755e+02 1.621619192130566773e+02 1.226430348131130046e+02 1.851317215377138892e+00 1.401280161806324642e+00 9.542336628736156623e-01 1.033120940420809708e+00 1.283958385341307906e+00 1.401033698073376410e+00 9.542336628736156623e-01 7.025718694885362270e-01
5.864103223593963854e-01 5.476234567901234751e-01 5.476234567901234751e-01 5.864103223593963854e-01 5.476234567901234751e-01 9.838274337348410503e-01 1.041908095358436315e+00 4.283696269351256092e+01 5.554239303643735326e+01 1.666913380456348932e+02 1.667905184258190445e+02 1.363776415075386694e+02 6.271313725789642035e+01 2.319380089301797288e+00 1.398608735436374317e+00 1.171223513775203173e+00 1.180891528733458706e+00 9.369671274679511885e-01 1.036331356096759526e+00 1.531800555023214772e+00 1.283958385341307906e+00 9.369671274679511885e-01
1.180891528733458706e+00 1.180891528733458706e+00 5.864103223593963854e-01 9.542336628736156623e-01 5.476234567901234751e-01 7.563271604938271997e-01 5.554239303643735326e+01 1.654229331033899086e+02 1.664820817277029619e+02 1.655271863797292156e+02 1.655271863797292156e+02 5.917642017396183007e+01 2.329930215440687569e+00 1.957776864088232482e+00 1.401280161806324642e+00 1.194479276895943354e+00 9.369671274679511885e-01 9.246575543797767027e-01 9.348875041229920413e-01 1.237976190476190341e+00 9.369671274679511885e-01 5.864103223593963854e-01
1.398608735436374317e+00 1.398608735436374317e+00 1.593848482766635044e+00 1.180891528733458706e+00 5.476234567901234751e-01 6.677975683421516351e+01 1.665612171260808054e+02 1.663528328761439923e+02 1.655271863797292156e+02 1.851317215377138892e+00 1.743506297357692247e+00 2.207196779168923317e+00 2.329930215440687569e+00 1.804005293176868863e+00 1.645701340085237163e+00 1.380224504884622228e+00 9.838274337348410503e-01 9.838274337348410503e-01 9.838274337348410503e-01 1.171223513775203173e+00 1.297438915607981302e+00 5.864103223593963854e-01
1.493365465960169391e+00 1.581725009827453787e+00 1.448284394189816027e+00 1.405159803696035770e+00 7.563271604938271997e-01 1.665612171260808054e+02 1.664820817277029619e+02 1.655271863797292156e+02 4.250042817974593135e+01 2.537620824380712570e+00 2.515877698664402917e+00 1.477153684107387566e+00 1.796394991142466813e+00 1.646166307098127612e+00 1.488831689590789598e+00 1.376239447755261525e+00 9.838274337348410503e-01 1.344120889487414150e+00 1.094513261071400567e+00 1.405159803696035770e+00 1.297438915607981302e+00 5.864103223593963854e-01
1.546601488402492786e+00 1.380224504884622228e+00 1.398608735436374317e+00 1.408195651755201228e+00 4.283696269351256092e+01 1.664320139789601285e+02 1.663528328761439923e+02 1.363776415075386694e+02 4.338960267234106993e+01 1.567453944422598333e+00 1.219953844452918190e+01 4.510519593253968118e+00 4.318522400072498435e+00 1.514792010508462017e+00 1.477153684107387566e+00 1.488831689590789598e+00 1.832741781761381139e+00 1.493365465960169391e+00 1.405159803696035770e+00 1.327643550506185210e+00 1.405159803696035770e+00 5.864103223593963854e-01
1.283958385341307906e+00 1.514792010508462017e+00 1.283958385341307906e+00 1.448284394189816027e+00 8.378546141975307648e+01 1.666913380456348932e+02 1.666145754432377259e+02 1.658814482519402418e+02 1.252089366489983604e+02 1.252089366489983604e+02 1.252089366489983604e+02 1.252089366489983604e+02 8.352585929345282523e+01 8.381925354790114113e+01 1.546601488402492786e+00 1.546601488402492786e+00 1.858739182545980917e+00 1.605779799721876566e+00 1.401280161806324642e+00 1.408195651755201228e+00 1.194479276895943354e+00 9.369671274679511885e-01
1.094513261071400567e+00 1.071660523593004122e+00 1.297438915607981302e+00 1.448284394189816027e+00 8.378546141975307648e+01 1.662326582194432376e+02 1.651181394903353521e+02 1.665196621243903508e+02 1.658969060775989419e+02 1.666913380456348932e+02 1.665733579608744037e+02 1.666913380456348932e+02 1.666913380456348932e+02 1.526671258404999776e+02 1.462634030869999151e+02 3.714829423925278462e+01 1.531800555023214772e+00 1.546601488402492786e+00 1.394860076800541027e+00 1.398608735436374317e+00 1.405159803696035770e+00 5.864103223593963854e-01
1.171223513775203173e+00 1.094513261071400567e+00 1.033120940420809708e+00 1.448284394189816027e+00 1.509772506682844195e+01 1.662326582194432376e+02 1.658814482519402418e+02 1.654229331033899086e+02 1.670544898221634185e+02 1.664320139789601285e+02 1.666145754432377259e+02 1.663763100038982543e+02 1.670544898221634185e+02 1.666145754432377259e+02 1.285142045978697638e+02 5.303136926785326466e+01 1.804005293176868863e+00 1.550865431235364023e+00 1.283958385341307906e+00 1.546601488402492786e+00 9.542336628736156623e-01 5.864103223593963854e-01
1.394860076800541027e+00 1.034546938447011621e+00 7.025718694885362270e-01 7.025718694885362270e-01 1.180891528733458706e+00 6.595310538899546771e+01 1.557078093751281642e+02 1.550795864867668001e+02 1.664244236540424993e+02 1.666855389534793517e+02 1.655271863797292156e+02 1.666855389534793517e+02 1.664244236540424993e+02 5.246460840340154164e+01 1.180891528733458706e+00 1.180891528733458706e+00 5.864103223593963854e-01 7.025718694885362270e-01 7.025718694885362270e-01 7.025718694885362270e-01 5.864103223593963854e-01 9.369671274679511885e-01
1.094513261071400567e+00 9.369671274679511885e-01 5.864103223593963854e-01 5.864103223593963854e-01 1.405159803696035770e+00 2.746711768706005863e+00 4.055332182744831648e+00 3.937030621693121191e+01 5.246460840340154164e+01 9.911015724643765168e+01 1.180891528733458706e+00 1.180891528733458706e+00 1.398608735436374317e+00 1.033120940420809708e+00 5.864103223593963854e-01 5.864103223593963854e-01 5.864103223593963854e-01 5.864103223593963854e-01 5.864103223593963854e-01 5.864103223593963854e-01 7.025718694885362270e-01 7.563271604938271997e-01
5.476234567901234751e-01 5.864103223593963854e-01 5.864103223593963854e-01 5.476234567901234751e-01 5.476234567901234751e-01 5.476234567901234751e-01 1.180891528733458706e+00 1.171223513775203173e+00 3.428103506919894983e+01 5.864103223593963854e-01 5.864103223593963854e-01 5.864103223593963854e-01 5.864103223593963854e-01 5.864103223593963854e-01 5.864103223593963854e-01 5.864103223593963854e-01 5.864103223593963854e-01 5.476234567901234751e-01 5.476234567901234751e-01 5.864103223593963854e-01 5.864103223593963854e-01 5.864103223593963854e-01
