5.476234567901234751e-01 5.476234567901234751e-01 5.476234567901234751e-01 5.864103223593963854e-01 5.476234567901234751e-01 5.476234567901234751e-01 1.237976190476190341e+00 1.009623094175419622e+00 1.009623094175419622e+00 1.094513261071400567e+00 1.094513261071400567e+00 1.094513261071400567e+00 1.405159803696035770e+00 1.832741781761381139e+00 1.396955483262673381e+00 1.626550633760466047e+00 1.194479276895943354e+00 5.864103223593963854e-01 5.864103223593963854e-01 7.563271604938271997e-01 5.476234567901234751e-01 5.476234567901234751e-01
5.476234567901234751e-01 5.476234567901234751e-01 5.476234567901234751e-01 5.864103223593963854e-01 5.864103223593963854e-01 5.476234567901234751e-01 1.041908095358436315e+00 1.194479276895943354e+00 1.514792010508462017e+00 1.009623094175419622e+00 1.392350589558993157e+00 1.481574737733978520e+00 1.283958385341307906e+00 1.694039310831194856e+00 1.546601488402492786e+00 1.327643550506185210e+00 5.864103223593963854e-01 5.864103223593963854e-01 5.476234567901234751e-01 5.476234567901234751e-01 5.476234567901234751e-01 5.476234567901234751e-01
5.476234567901234751e-01 5.476234567901234751e-01 5.476234567901234751e-01 5.476234567901234751e-01 5.476234567901234751e-01 1.398608735436374317e+00 1.297438915607981302e+00 1.194479276895943354e+00 1.546601488402492786e+00 1.424769300411522366e+01 1.380224504884622228e+00 1.041908095358436315e+00 1.796394991142466813e+00 1.709975255147622386e+00 1.715544144554230543e+00 1.237976190476190341e+00 9.542336628736156623e-01 7.025718694885362270e-01 5.476234567901234751e-01 5.864103223593963854e-01 5.476234567901234751e-01 5.476234567901234751e-01
5.476234567901234751e-01 5.476234567901234751e-01 5.476234567901234751e-01 5.476234567901234751e-01 5.476234567901234751e-01 5.476234567901234751e-01 1.034546938447011621e+00 4.000285068203516481e+00 4.510519593253968118e+00 1.546601488402492786e+00 1.567453944422598333e+00 4.510519593253968118e+00 1.514792010508462017e+00 1.477153684107387566e+00 1.546601488402492786e+00 4.510519593253968118e+00 9.838274337348410503e-01 5.864103223593963854e-01 7.563271604938271997e-01 5.476234567901234751e-01 7.025718694885362270e-01 5.476234567901234751e-01
5.476234567901234751e-01 5.476234567901234751e-01 5.476234567901234751e-01 5.476234567901234751e-01 5.864103223593963854e-01 5.864103223593963854e-01 7.025718694885362270e-01 1.405159803696035770e+00 2.299430859629890378e+01 1.256510841986547788e+01 2.581242562458820000e+00 3.147626139914882870e+01 4.162079859095558731e+01 8.577897949380196962e+01 4.162079859095558731e+01 1.567453944422598333e+00 4.510519593253968118e+00 5.864103223593963854e-01 7.563271604938271997e-01 1.171223513775203173e+00 5.864103223593963854e-01 5.476234567901234751e-01
5.476234567901234751e-01 5.476234567901234751e-01 5.476234567901234751e-01 5.476234567901234751e-01 5.864103223593963854e-01 5.476234567901234751e-01 5.476234567901234751e-01 1.180891528733458706e+00 1.180891528733458706e+00 1.804810076537295416e+00 1.804810076537295416e+00 1.804810076537295416e+00 2.581242562458820000e+00 1.233197696687370666e+02 1.458062364035809537e+02 4.162079859095558731e+01 1.020586336941831362e+01 1.673073015453906631e+00 1.477375116086301343e+00 1.401280161806324642e+00 5.864103223593963854e-01 7.025718694885362270e-01
5.476234567901234751e-01 5.476234567901234751e-01 5.476234567901234751e-01 5.476234567901234751e-01 5.476234567901234751e-01 5.476234567901234751e-01 1.056318377522725616e+00 1.180891528733458706e+00 1.545685461024631557e+00 1.832741781761381139e+00 1.626550633760466047e+00 1.593848482766635044e+00 1.804810076537295416e+00 1.804810076537295416e+00 3.503486772486771628e+01 2.581242562458820000e+00 4.279153873697713095e+01 2.299246216513732222e+01 1.804005293176868863e+00 1.804810076537295416e+00 1.432967652893277544e+00 5.864103223593963854e-01
5.476234567901234751e-01 5.476234567901234751e-01 5.476234567901234751e-01 5.864103223593963854e-01 5.476234567901234751e-01 1.401280161806324642e+00 1.398608735436374317e+00 1.094513261071400567e+00 1.372165173707753594e+00 1.673073015453906631e+00 1.392350589558993157e+00 1.171223513775203173e+00 1.033120940420809708e+00 1.626550633760466047e+00 7.537297677722457934e+01 7.004190805668270059e+01 7.626796922655121591e+01 1.984666993856988526e+01 1.858739182545980917e+00 1.832741781761381139e+00 1.626550633760466047e+00 5.864103223593963854e-01
5.476234567901234751e-01 5.476234567901234751e-01 5.476234567901234751e-01 5.864103223593963854e-01 5.476234567901234751e-01 1.237976190476190341e+00 1.354621370247917511e+00 1.405159803696035770e+00 1.431338366473970281e+00 1.514792010508462017e+00 1.295167102871019438e+00 9.542336628736156623e-01 7.025718694885362270e-01 1.034546938447011621e+00 7.563271604938271997e-01 5.514436444631179057e+01 4.351698011695243196e+01 2.323378165997535660e+00 2.207196779168923317e+00 1.858739182545980917e+00 1.493365465960169391e+00 1.405159803696035770e+00
5.476234567901234751e-01 5.476234567901234751e-01 5.476234567901234751e-01 5.476234567901234751e-01 5.476234567901234751e-01 1.398608735436374317e+00 1.297438915607981302e+00 1.401280161806324642e+00 1.405159803696035770e+00 1.721099105192259282e+00 1.506061523347361319e+00 1.633953637566137429e+00 9.838274337348410503e-01 7.563271604938271997e-01 4.341516556437389340e+01 4.250042817974593135e+01 1.796394991142466813e+00 2.323378165997535660e+00 2.207196779168923317e+00 1.858739182545980917e+00 1.531800555023214772e+00 5.864103223593963854e-01
5.476234567901234751e-01 5.476234567901234751e-01 5.476234567901234751e-01 5.476234567901234751e-01 5.476234567901234751e-01 1.041908095358436315e+00 1.199298304477813604e+00 1.283958385341307906e+00 1.394860076800541027e+00 1.591028558335221055e+00 1.743506297357692247e+00 1.709975255147622386e+00 1.180891528733458706e+00 1.071660523593004122e+00 6.116351621048082876e+01 4.681086948237775403e+01 4.681086948237775403e+01 2.323378165997535660e+00 2.207196779168923317e+00 1.493365465960169391e+00 1.237976190476190341e+00 1.173069761025371083e+00
5.476234567901234751e-01 5.476234567901234751e-01 5.476234567901234751e-01 5.476234567901234751e-01 5.864103223593963854e-01 5.864103223593963854e-01 7.025718694885362270e-01 1.041908095358436315e+00 1.040010443945629026e+00 1.581725009827453787e+00 2.323378165997535660e+00 1.546601488402492786e+00 1.411280627632350626e+00 7.563271604938271997e-01 7.626796922655121591e+01 1.180891528733458706e+00 1.180891528733458706e+00 1.180891528733458706e+00 1.796394991142466813e+00 1.493365465960169391e+00 1.545685461024631557e+00 1.071660523593004122e+00
5.476234567901234751e-01 5.476234567901234751e-01 5.476234567901234751e-01 5.864103223593963854e-01 5.864103223593963854e-01 5.476234567901234751e-01 5.476234567901234751e-01 5.476234567901234751e-01 1.119177216167768441e+00 1.180891528733458706e+00 1.997328622435447842e+00 1.645701340085237163e+00 1.581725009827453787e+00 6.290914066739252775e+01 1.996210165578386597e+00 1.398608735436374317e+00 1.033120940420809708e+00 1.033120940420809708e+00 1.604981028584429703e+00 1.327643550506185210e+00 1.171223513775203173e+00 1.297438915607981302e+00
5.476234567901234751e-01 5.476234567901234751e-01 5.476234567901234751e-01 5.864103223593963854e-01 5.864103223593963854e-01 5.476234567901234751e-01 5.864103223593963854e-01 5.476234567901234751e-01 7.563271604938271997e-01 1.398608735436374317e+00 1.626550633760466047e+00 1.801964472879553414e+00 9.676542025931367164e+01 2.506431474593490094e+01 1.851317215377138892e+00 1.056318377522725616e+00 7.025718694885362270e-01 1.094513261071400567e+00 1.119177216167768441e+00 1.033120940420809708e+00 1.295167102871019438e+00 1.034546938447011621e+00
5.476234567901234751e-01 5.476234567901234751e-01 5.476234567901234751e-01 5.864103223593963854e-01 5.476234567901234751e-01 5.864103223593963854e-01 5.476234567901234751e-01 5.864103223593963854e-01 9.348875041229920413e-01 1.199298304477813604e+00 1.283958385341307906e+00 7.563271604938271997e-01 2.142935653568970977e+01 1.493365465960169391e+00 1.171223513775203173e+00 9.542336628736156623e-01 7.563271604938271997e-01 1.009623094175419622e+00 5.864103223593963854e-01 1.009623094175419622e+00 1.094513261071400567e+00 7.563271604938271997e-01
5.476234567901234751e-01 5.476234567901234751e-01 5.476234567901234751e-01 5.476234567901234751e-01 7.563271604938271997e-01 5.864103223593963854e-01 7.025718694885362270e-01 7.025718694885362270e-01 7.563271604938271997e-01 7.563271604938271997e-01 7.563271604938271997e-01 4.250042817974593135e+01 1.987540424254228100e+01 1.398608735436374317e+00 1.171223513775203173e+00 9.542336628736156623e-01 7.563271604938271997e-01 1.056318377522725616e+00 7.025718694885362270e-01 7.563271604938271997e-01 5.476234567901234751e-01 7.563271604938271997e-01
5.476234567901234751e-01 5.476234567901234751e-01 5.476234567901234751e-01 5.476234567901234751e-01 5.476234567901234751e-01 5.864103223593963854e-01 7.563271604938271997e-01 1.071660523593004122e+00 9.348875041229920413e-01 5.554239303643735326e+01 9.765531050311840033e+01 2.763416923723165652e+01 1.796394991142466813e+00 1.398608735436374317e+00 1.171223513775203173e+00 5.864103223593963854e-01 7.025718694885362270e-01 7.563271604938271997e-01 7.025718694885362270e-01 7.563271604938271997e-01 5.476234567901234751e-01 5.864103223593963854e-01
5.476234567901234751e-01 5.476234567901234751e-01 5.476234567901234751e-01 5.476234567901234751e-01 5.864103223593963854e-01 7.025718694885362270e-01 1.401280161806324642e+00 1.626550633760466047e+00 1.194479276895943354e+00 5.554239303643735326e+01 4.250042817974593135e+01 1.803511643946359211e+00 1.180891528733458706e+00 1.477375116086301343e+00 1.034546938447011621e+00 9.246575543797767027e-01 7.563271604938271997e-01 7.563271604938271997e-01 7.563271604938271997e-01 7.563271604938271997e-01 5.476234567901234751e-01 5.476234567901234751e-01
5.476234567901234751e-01 5.476234567901234751e-01 5.476234567901234751e-01 5.864103223593963854e-01 5.864103223593963854e-01 5.476234567901234751e-01 1.040010443945629026e+00 1.715544144554230543e+00 6.116351621048082876e+01 9.676542025931367164e+01 2.763416923723165652e+01 1.292349314835508967e+00 5.864103223593963854e-01 7.025718694885362270e-01 1.041908095358436315e+00 1.180891528733458706e+00 1.180891528733458706e+00 1.171223513775203173e+00 7.025718694885362270e-01 7.563271604938271997e-01 5.476234567901234751e-01 5.476234567901234751e-01
5.476234567901234751e-01 5.476234567901234751e-01 5.476234567901234751e-01 5.864103223593963854e-01 5.864103223593963854e-01 5.476234567901234751e-01 1.041908095358436315e+00 7.563271604938271997e-01 9.676542025931367164e+01 5.827039785102990521e+01 1.493365465960169391e+00 1.171223513775203173e+00 1.173069761025371083e+00 5.864103223593963854e-01 7.563271604938271997e-01 5.476234567901234751e-01 7.563271604938271997e-01 9.246575543797767027e-01 5.864103223593963854e-01 5.864103223593963854e-01 5.864103223593963854e-01 5.476234567901234751e-01
5.476234567901234751e-01 5.476234567901234751e-01 5.476234567901234751e-01 5.864103223593963854e-01 5.476234567901234751e-01 5.476234567901234751e-01 7.563271604938271997e-01 1.509772506682844195e+01 4.371622454395516399e+01 1.796394991142466813e+00 1.493365465960169391e+00 1.171223513775203173e+00 9.246575543797767027e-01 7.025718694885362270e-01 5.864103223593963854e-01 1.041908095358436315e+00 1.094513261071400567e+00 1.041908095358436315e+00 5.864103223593963854e-01 7.563271604938271997e-01 5.476234567901234751e-01 5.476234567901234751e-01
5.476234567901234751e-01 5.476234567901234751e-01 5.476234567901234751e-01 5.864103223593963854e-01 5.476234567901234751e-01 5.476234567901234751e-01 1.804810076537295416e+00 1.804810076537295416e+00 1.984666993856988526e+01 1.832741781761381139e+00 1.531800555023214772e+00 1.432967652893277544e+00 1.071660523593004122e+00 7.563271604938271997e-01 7.563271604938271997e-01 7.563271604938271997e-01 5.864103223593963854e-01 5.864103223593963854e-01 5.864103223593963854e-01 5.476234567901234751e-01 5.476234567901234751e-01 5.476234567901234751e-01
