4.497633744855966675e-01 4.497633744855966675e-01 4.497633744855966675e-01 4.497633744855966675e-01 4.497633744855966675e-01 1.477375116086301343e+00 1.639920954702635880e+00 1.546601488402492786e+00 1.581725009827453787e+00 1.237976190476190341e+00 9.369671274679511885e-01 9.838274337348410503e-01 7.563271604938271997e-01 2.895616098015028328e+01 1.546601488402492786e+00 1.796394991142466813e+00 1.796394991142466813e+00 1.493365465960169391e+00 1.472856846958441546e+00 1.431338366473970281e+00 9.369671274679511885e-01 4.497633744855966675e-01
4.497633744855966675e-01 4.497633744855966675e-01 4.497633744855966675e-01 4.497633744855966675e-01 4.497633744855966675e-01 7.025718694885362270e-01 1.119177216167768441e+00 1.546601488402492786e+00 1.394860076800541027e+00 1.337041536807901831e+00 1.194479276895943354e+00 1.342696858857270303e+00 1.041908095358436315e+00 4.283696269351256092e+01 6.706471388902102149e+01 1.646166307098127612e+00 1.180891528733458706e+00 1.180891528733458706e+00 1.237976190476190341e+00 1.171223513775203173e+00 4.497633744855966675e-01 4.497633744855966675e-01
4.497633744855966675e-01 4.497633744855966675e-01 4.497633744855966675e-01 4.497633744855966675e-01 4.497633744855966675e-01 7.025718694885362270e-01 1.034546938447011621e+00 1.283958385341307906e+00 1.283958385341307906e+00 1.448284394189816027e+00 4.000285068203516481e+00 1.006230259024818139e+02 1.664820817277029619e+02 1.554308787138149341e+02 1.655271863797292156e+02 1.342696858857270303e+00 1.546601488402492786e+00 1.394860076800541027e+00 1.342696858857270303e+00 1.337041536807901831e+00 4.497633744855966675e-01 4.497633744855966675e-01
4.497633744855966675e-01 4.497633744855966675e-01 4.497633744855966675e-01 4.497633744855966675e-01 4.497633744855966675e-01 9.838274337348410503e-01 9.838274337348410503e-01 1.180891528733458706e+00 1.297191209066208994e+00 1.405159803696035770e+00 1.791848232241903460e+01 1.670544898221634185e+02 1.664676100475706164e+02 1.664173967661327254e+02 1.042307544626359430e+02 1.765377853839893207e+00 4.497633744855966675e-01 4.497633744855966675e-01 7.025718694885362270e-01 7.025718694885362270e-01 4.497633744855966675e-01 4.497633744855966675e-01
4.497633744855966675e-01 4.497633744855966675e-01 4.497633744855966675e-01 4.497633744855966675e-01 4.497633744855966675e-01 4.497633744855966675e-01 1.342696858857270303e+00 1.119177216167768441e+00 1.297191209066208994e+00 1.448284394189816027e+00 6.595310538899546771e+01 1.662326582194432376e+02 1.660737743991824402e+02 1.250950289794241002e+02 1.584941230990433958e+01 7.025718694885362270e-01 4.497633744855966675e-01 4.497633744855966675e-01 4.497633744855966675e-01 7.025718694885362270e-01 4.497633744855966675e-01 4.497633744855966675e-01
4.497633744855966675e-01 4.497633744855966675e-01 4.497633744855966675e-01 4.497633744855966675e-01 4.497633744855966675e-01 7.563271604938271997e-01 1.094513261071400567e+00 1.401280161806324642e+00 1.448284394189816027e+00 1.715544144554230543e+00 1.662326582194432376e+02 1.549769414381914316e+02 1.664173967661327254e+02 1.803511643946359211e+00 7.025718694885362270e-01 4.497633744855966675e-01 4.497633744855966675e-01 4.497633744855966675e-01 4.497633744855966675e-01 4.497633744855966675e-01 4.497633744855966675e-01 4.497633744855966675e-01
4.497633744855966675e-01 4.497633744855966675e-01 4.497633744855966675e-01 4.497633744855966675e-01 4.497633744855966675e-01 7.563271604938271997e-01 1.601084625778364856e+00 1.342696858857270303e+00 1.337041536807901831e+00 4.283696269351256092e+01 1.313481846024373851e+02 1.664173967661327254e+02 1.908401684431262568e+00 4.497633744855966675e-01 4.497633744855966675e-01 1.180891528733458706e+00 1.180891528733458706e+00 4.497633744855966675e-01 4.497633744855966675e-01 4.497633744855966675e-01 4.497633744855966675e-01 4.497633744855966675e-01
4.497633744855966675e-01 4.497633744855966675e-01 4.497633744855966675e-01 4.497633744855966675e-01 4.497633744855966675e-01 1.401280161806324642e+00 1.506061523347361319e+00 1.581725009827453787e+00 1.006230259024818139e+02 1.313481846024373851e+02 9.291248954111101455e+01 1.401280161806324642e+00 1.171223513775203173e+00 4.497633744855966675e-01 7.563271604938271997e-01 1.401280161806324642e+00 1.171223513775203173e+00 9.542336628736156623e-01 4.497633744855966675e-01 4.497633744855966675e-01 4.497633744855966675e-01 4.497633744855966675e-01
4.497633744855966675e-01 4.497633744855966675e-01 4.497633744855966675e-01 4.497633744855966675e-01 7.563271604938271997e-01 7.563271604938271997e-01 1.372165173707753594e+00 4.283696269351256092e+01 1.665612171260808054e+02 1.663528328761439923e+02 8.404720612792824852e+01 1.739908651362477299e+00 1.593848482766635044e+00 1.292349314835508967e+00 1.283476738375510795e+00 1.477375116086301343e+00 1.337041536807901831e+00 1.297191209066208994e+00 4.497633744855966675e-01 4.497633744855966675e-01 4.497633744855966675e-01 4.497633744855966675e-01
7.563271604938271997e-01 4.497633744855966675e-01 4.497633744855966675e-01 4.497633744855966675e-01 9.348875041229920413e-01 1.041908095358436315e+00 4.283696269351256092e+01 1.665612171260808054e+02 1.664820817277029619e+02 1.664173967661327254e+02 1.946498289191095665e+01 1.957776864088232482e+00 1.635438938740562120e+00 1.633953637566137429e+00 1.036331356096759526e+00 1.342696858857270303e+00 1.342696858857270303e+00 1.337041536807901831e+00 1.119177216167768441e+00 1.180891528733458706e+00 7.025718694885362270e-01 7.025718694885362270e-01
9.071791495912098213e-01 4.497633744855966675e-01 4.497633744855966675e-01 4.497633744855966675e-01 9.348875041229920413e-01 3.392187769208634762e+01 1.665612171260808054e+02 1.664820817277029619e+02 1.620581150729159106e+02 1.250950289794241002e+02 1.796394991142466813e+00 1.397135124747445944e+00 1.801964472879553414e+00 1.394860076800541027e+00 4.283696269351256092e+01 5.554239303643735326e+01 5.554239303643735326e+01 1.546601488402492786e+00 4.510519593253968118e+00 9.838274337348410503e-01 1.071660523593004122e+00 4.497633744855966675e-01
1.119177216167768441e+00 1.297191209066208994e+00 4.497633744855966675e-01 7.563271604938271997e-01 7.563271604938271997e-01 6.677975683421516351e+01 1.594072714455330129e+02 1.655271863797292156e+02 1.363776415075386694e+02 1.342696858857270303e+00 1.546601488402492786e+00 1.337041536807901831e+00 4.283696269351256092e+01 5.554239303643735326e+01 1.658969060775989419e+02 1.467913878979857145e+02 1.655308859402557005e+02 1.659652867167715726e+02 6.674868539236676668e+01 1.119177216167768441e+00 1.297191209066208994e+00 4.497633744855966675e-01
9.542336628736156623e-01 7.025718694885362270e-01 7.563271604938271997e-01 7.563271604938271997e-01 7.563271604938271997e-01 1.665612171260808054e+02 1.643891050313271478e+02 1.664173967661327254e+02 1.193167372147223801e+02 2.581242562458820000e+00 3.147626139914882870e+01 5.554239303643735326e+01 1.443520241069347492e+02 1.646829350872040436e+02 1.549769414381914316e+02 1.655271863797292156e+02 1.597207505323493990e+02 1.660737743991824402e+02 6.674868539236676668e+01 1.342696858857270303e+00 1.297438915607981302e+00 4.497633744855966675e-01
7.025718694885362270e-01 7.025718694885362270e-01 9.369671274679511885e-01 7.563271604938271997e-01 3.392187769208634762e+01 1.665612171260808054e+02 1.639431952440216946e+02 1.619985307077647008e+02 1.363776415075386694e+02 7.585958961261721356e+01 9.313255860498621530e+01 1.478757065961403327e+02 1.462634030869999151e+02 1.157166827526970394e+02 1.170845121490903722e+02 1.557078093751281642e+02 1.496892906701939978e+02 1.670544898221634185e+02 8.404720612792824852e+01 1.237976190476190341e+00 9.369671274679511885e-01 4.497633744855966675e-01
9.369671274679511885e-01 7.563271604938271997e-01 7.563271604938271997e-01 1.297191209066208994e+00 6.800467219721782897e+01 1.665612171260808054e+02 1.663528328761439923e+02 1.664173967661327254e+02 8.577897949380196962e+01 1.006230259024818139e+02 1.664320139789601285e+02 1.663528328761439923e+02 1.664173967661327254e+02 1.260764361957326400e+02 1.651181394903353521e+02 1.385961108587440833e+02 1.665612171260808054e+02 1.664820817277029619e+02 8.404720612792824852e+01 1.237976190476190341e+00 9.369671274679511885e-01 4.497633744855966675e-01
7.563271604938271997e-01 7.563271604938271997e-01 7.563271604938271997e-01 1.040010443945629026e+00 6.677975683421516351e+01 1.664320139789601285e+02 1.639431952440216946e+02 1.664173967661327254e+02 1.658969060775989419e+02 1.665612171260808054e+02 1.665733579608744037e+02 1.659652867167715726e+02 1.364624764802322829e+02 1.385961108587440833e+02 1.658969060775989419e+02 1.376364116562940580e+02 1.462634030869999151e+02 1.655271863797292156e+02 3.471187685595340611e+01 1.342696858857270303e+00 1.297191209066208994e+00 4.497633744855966675e-01
7.025718694885362270e-01 7.563271604938271997e-01 1.401280161806324642e+00 1.297191209066208994e+00 8.378546141975307648e+01 1.665612171260808054e+02 1.655556530619879254e+02 1.660737743991824402e+02 1.665612171260808054e+02 1.664676100475706164e+02 1.666145754432377259e+02 1.664173967661327254e+02 1.670544898221634185e+02 1.647501030832365245e+02 1.462634030869999151e+02 1.384511438735552247e+02 1.538982899878710953e+02 5.891983274553023620e+01 1.832741781761381139e+00 1.477375116086301343e+00 1.292349314835508967e+00 4.497633744855966675e-01
4.497633744855966675e-01 4.497633744855966675e-01 1.342696858857270303e+00 1.119177216167768441e+00 1.297191209066208994e+00 1.103030876253132675e+02 1.655271863797292156e+02 1.655271863797292156e+02 1.543698269506039651e+02 1.671194730267025363e+02 1.655271863797292156e+02 1.671194730267025363e+02 1.180891528733458706e+00 1.180891528733458706e+00 1.180891528733458706e+00 1.180891528733458706e+00 1.180891528733458706e+00 1.180891528733458706e+00 1.327643550506185210e+00 1.546601488402492786e+00 1.673766974229390136e+00 4.497633744855966675e-01
4.497633744855966675e-01 4.497633744855966675e-01 4.497633744855966675e-01 7.025718694885362270e-01 7.025718694885362270e-01 1.180891528733458706e+00 9.856755253329039590e+01 1.170845121490903722e+02 1.557078093751281642e+02 1.180891528733458706e+00 1.180891528733458706e+00 1.283476738375510795e+00 1.033120940420809708e+00 1.033120940420809708e+00 1.033120940420809708e+00 7.025718694885362270e-01 7.025718694885362270e-01 7.025718694885362270e-01 7.025718694885362270e-01 7.025718694885362270e-01 7.025718694885362270e-01 4.497633744855966675e-01
4.497633744855966675e-01 4.497633744855966675e-01 4.497633744855966675e-01 4.497633744855966675e-01 4.497633744855966675e-01 7.025718694885362270e-01 7.025718694885362270e-01 1.706502314814814625e+01 1.493365465960169391e+00 1.033120940420809708e+00 7.025718694885362270e-01 4.497633744855966675e-01 1.546601488402492786e+00 1.283958385341307906e+00 4.497633744855966675e-01 4.497633744855966675e-01 4.497633744855966675e-01 4.497633744855966675e-01 4.497633744855966675e-01 4.497633744855966675e-01 7.025718694885362270e-01 7.025718694885362270e-01
4.497633744855966675e-01 4.497633744855966675e-01 4.497633744855966675e-01 4.497633744855966675e-01 4.497633744855966675e-01 4.497633744855966675e-01 4.497633744855966675e-01 7.025718694885362270e-01 4.497633744855966675e-01 4.497633744855966675e-01 4.497633744855966675e-01 4.497633744855966675e-01 4.497633744855966675e-01 4.497633744855966675e-01 4.497633744855966675e-01 4.497633744855966675e-01 4.497633744855966675e-01 4.497633744855966675e-01 4.497633744855966675e-01 4.497633744855966675e-01 4.497633744855966675e-01 4.497633744855966675e-01
4.497633744855966675e-01 4.497633744855966675e-01 4.497633744855966675e-01 4.497633744855966675e-01 4.497633744855966675e-01 4.497633744855966675e-01 4.497633744855966675e-01 4.497633744855966675e-01 4.497633744855966675e-01 4.497633744855966675e-01 4.497633744855966675e-01 4.497633744855966675e-01 4.497633744855966675e-01 4.497633744855966675e-01 4.497633744855966675e-01 4.497633744855966675e-01 4.497633744855966675e-01 4.497633744855966675e-01 4.497633744855966675e-01 4.497633744855966675e-01 4.497633744855966675e-01 4.497633744855966675e-01
