1.244956724128327075e+01 1.244956724128327075e+01 1.244956724128327075e+01 1.244956724128327075e+01 1.244956724128327075e+01 1.244956724128327075e+01 8.760564305455137202e+00 7.808018166694179918e+00 7.750967533007898425e+00 7.750967533007898425e+00
1.244956724128327075e+01 1.244956724128327075e+01 1.244956724128327075e+01 1.244956724128327075e+01 1.244956724128327075e+01 1.244956724128327075e+01 8.760564305455137202e+00 7.808018166694179918e+00 7.808018166694179918e+00 7.750967533007898425e+00
1.244956724128327075e+01 1.244956724128327075e+01 1.244956724128327075e+01 1.244956724128327075e+01 8.760564305455137202e+00 7.808018166694179918e+00 7.808018166694179918e+00 7.808018166694179918e+00 7.750967533007898425e+00 7.750967533007898425e+00
1.244956724128327075e+01 1.244956724128327075e+01 1.244956724128327075e+01 1.244956724128327075e+01 8.760564305455137202e+00 7.808018166694179918e+00 7.808018166694179918e+00 7.808018166694179918e+00 7.750967533007898425e+00 7.750967533007898425e+00
8.760564305455137202e+00 8.971029790698644035e+00 8.760564305455137202e+00 7.808018166694179918e+00 7.808018166694179918e+00 7.750967533007898425e+00 7.750967533007898425e+00 7.750967533007898425e+00 7.750967533007898425e+00 7.973105036080767150e+00
7.750967533007898425e+00 7.750967533007898425e+00 8.760564305455137202e+00 7.808018166694179918e+00 7.808018166694179918e+00 7.808018166694179918e+00 7.750967533007898425e+00 7.750967533007898425e+00 7.973105036080767150e+00 8.416500134629661289e+00
7.750967533007898425e+00 7.750967533007898425e+00 7.750967533007898425e+00 7.750967533007898425e+00 7.750967533007898425e+00 7.750967533007898425e+00 7.750967533007898425e+00 7.750967533007898425e+00 7.973105036080767150e+00 8.971029790698644035e+00
7.750967533007898425e+00 7.750967533007898425e+00 7.750967533007898425e+00 7.750967533007898425e+00 7.750967533007898425e+00 7.750967533007898425e+00 7.973105036080767150e+00 8.416500134629661289e+00 8.416500134629661289e+00 1.244956724128327075e+01
7.750967533007898425e+00 7.750967533007898425e+00 7.750967533007898425e+00 7.973105036080767150e+00 8.416500134629661289e+00 8.416500134629661289e+00 8.416500134629661289e+00 1.244956724128327075e+01 1.244956724128327075e+01 1.244956724128327075e+01
7.750967533007898425e+00 7.973105036080767150e+00 8.416500134629661289e+00 8.416500134629661289e+00 8.416500134629661289e+00 1.244956724128327075e+01 1.244956724128327075e+01 1.244956724128327075e+01 1.244956724128327075e+01 1.244956724128327075e+01
