8.347100054422480042e+00 8.432066750649884312e+00 1.879223583918933116e+01 3.955848458345193563e+01 3.955848458345193563e+01 3.955848458345193563e+01 9.911909165133209854e+01 8.395915792651027232e+01 4.015822567642234020e+01 8.347100054422480042e+00
8.432066750649884312e+00 8.432066750649884312e+00 8.432066750649884312e+00 8.432066750649884312e+00 8.432066750649884312e+00 4.800543246912963014e+01 1.029390201033908454e+02 1.157144173496175767e+02 9.506877475104823816e+01 3.514372956041494689e+01
8.347100054422480042e+00 8.347100054422480042e+00 8.347100054422480042e+00 8.432066750649884312e+00 8.432066750649884312e+00 8.432066750649884312e+00 3.955848458345193563e+01 1.157144173496175767e+02 1.235689409012307465e+02 8.347100054422480042e+00
8.347100054422480042e+00 8.347100054422480042e+00 8.347100054422480042e+00 8.347100054422480042e+00 8.432066750649884312e+00 8.432066750649884312e+00 4.521266296368100512e+01 3.955848458345193563e+01 1.157144173496175767e+02 8.395915792651027232e+01
8.347100054422480042e+00 8.347100054422480042e+00 8.347100054422480042e+00 8.347100054422480042e+00 8.347100054422480042e+00 8.432066750649884312e+00 8.432066750649884312e+00 3.955848458345193563e+01 1.029390201033908454e+02 8.395915792651027232e+01
8.347100054422480042e+00 8.347100054422480042e+00 8.347100054422480042e+00 8.347100054422480042e+00 8.347100054422480042e+00 8.432066750649884312e+00 8.432066750649884312e+00 3.955848458345193563e+01 3.955848458345193563e+01 5.586754834099616573e+01
8.347100054422480042e+00 8.347100054422480042e+00 8.347100054422480042e+00 8.347100054422480042e+00 8.347100054422480042e+00 8.432066750649884312e+00 8.432066750649884312e+00 3.955848458345193563e+01 3.955848458345193563e+01 4.324634111982520324e+01
8.347100054422480042e+00 8.347100054422480042e+00 8.347100054422480042e+00 8.432066750649884312e+00 8.432066750649884312e+00 8.432066750649884312e+00 8.432066750649884312e+00 1.879223583918933116e+01 1.879223583918933116e+01 8.347100054422480042e+00
8.347100054422480042e+00 8.347100054422480042e+00 8.347100054422480042e+00 8.432066750649884312e+00 8.432066750649884312e+00 8.432066750649884312e+00 8.432066750649884312e+00 3.514372956041494689e+01 8.347100054422480042e+00 8.347100054422480042e+00
8.347100054422480042e+00 8.347100054422480042e+00 8.432066750649884312e+00 8.432066750649884312e+00 8.432066750649884312e+00 2.399401588379660311e+01 3.905688176051204152e+01 1.879223583918933116e+01 8.347100054422480042e+00 8.347100054422480042e+00
