1.988407481490620299e+01 2.643876126441328722e+01 2.984444877920428496e+01 3.613104761304220602e+01 4.278775409656824991e+01 5.148644857878256431e+01 5.922795548704304025e+01 6.673780950898321862e+01 7.300082778685573714e+01 6.888118262846363393e+01
1.701924134283287415e+01 2.329437152561130731e+01 2.643876126441328722e+01 3.594255718788550524e+01 4.418535816931670013e+01 5.500154522740015750e+01 6.643854408218741980e+01 7.327889972475571767e+01 7.439786048688922904e+01 6.557776160717759240e+01
1.701924134283287415e+01 1.988407481490620299e+01 2.810365664120146789e+01 3.850822842674070756e+01 5.062639179472332529e+01 5.922795548704304025e+01 7.169344270704360156e+01 7.507142344511436249e+01 7.571889852987638392e+01 6.658870105155901342e+01
1.701924134283287415e+01 2.643876126441328722e+01 3.112678946128822233e+01 4.097410477875879309e+01 5.234343373972423308e+01 6.643854408218741980e+01 7.756647528170564954e+01 7.977589048084999490e+01 7.790354878542174788e+01 6.658870105155901342e+01
1.701924134283287415e+01 2.643876126441328722e+01 3.112678946128822233e+01 4.097410477875879309e+01 5.538534856914375837e+01 6.570499219648513645e+01 7.715080690310466593e+01 8.205022568990600007e+01 7.790354878542174788e+01 6.658870105155901342e+01
2.329437152561130731e+01 2.643876126441328722e+01 3.112678946128822233e+01 4.388225279676058221e+01 5.312710873500076048e+01 6.453911628309133164e+01 7.839157562383577726e+01 8.205022568990600007e+01 7.790354878542174788e+01 6.658870105155901342e+01
2.643876126441328722e+01 3.004373563782261769e+01 3.594255718788550524e+01 4.278775409656824991e+01 5.266906093396355004e+01 6.453911628309133164e+01 7.224923860128529896e+01 7.948240482512039762e+01 7.897840409409784002e+01 6.580576129025257615e+01
3.295515848334724041e+01 3.463331868590030638e+01 4.145588202798074207e+01 4.968146891377429597e+01 5.755278183871813269e+01 6.453911628309133164e+01 7.224923860128529896e+01 7.597885116913192860e+01 7.439786048688922904e+01 6.888118262846363393e+01
4.145588202798074207e+01 4.437985028792306963e+01 5.157098934494333520e+01 5.457791104492788747e+01 6.147766509522929113e+01 6.514234586000881677e+01 7.327889972475571767e+01 7.390403977422093362e+01 7.199388249214723601e+01 6.658870105155901342e+01
4.968146891377429597e+01 5.950016259945966368e+01 6.118106289155944921e+01 7.053432220227713856e+01 7.053432220227713856e+01 7.053432220227713856e+01 7.327889972475571767e+01 7.300082778685573714e+01 7.199388249214723601e+01 6.290929500243846206e+01
