6.312572205818734261e+01 6.518640160433869823e+01 7.139119570335469689e+01 6.195597567038829823e+01 5.804619867819098999e+01 6.518640160433869823e+01 6.102429241083533640e+01 4.851361743786306846e+01 0.000000000000000000e+00 4.851361743786306846e+01
6.102429241083533640e+01 5.642247555515631774e+01 7.139119570335469689e+01 6.738862726179603158e+01 6.467084328979554186e+01 6.467084328979554186e+01 6.467084328979554186e+01 6.195597567038829823e+01 5.305351693970970217e+01 6.102429241083533640e+01
5.951389422556100328e+01 5.951389422556100328e+01 6.738862726179603158e+01 5.804619867819098999e+01 6.518640160433869823e+01 6.518640160433869823e+01 7.139119570335469689e+01 6.738862726179603158e+01 7.139119570335469689e+01 7.139119570335469689e+01
5.050705673665865447e+01 4.851361743786306846e+01 5.951389422556100328e+01 5.951389422556100328e+01 5.951389422556100328e+01 6.738862726179603158e+01 6.518640160433869823e+01 6.467084328979554186e+01 6.738862726179603158e+01 7.139119570335469689e+01
3.698093382823977748e+01 4.019433699338778609e+01 4.019433699338778609e+01 4.851361743786306846e+01 5.951389422556100328e+01 6.518640160433869823e+01 6.738862726179603158e+01 5.050705673665865447e+01 4.019433699338778609e+01 5.050705673665865447e+01
0.000000000000000000e+00 0.000000000000000000e+00 0.000000000000000000e+00 4.019433699338778609e+01 5.138714638951378788e+01 5.951389422556100328e+01 5.769506194172804925e+01 0.000000000000000000e+00 0.000000000000000000e+00 4.019433699338778609e+01
0.000000000000000000e+00 0.000000000000000000e+00 0.000000000000000000e+00 4.019433699338778609e+01 5.138714638951378788e+01 5.951389422556100328e+01 4.851361743786306846e+01 0.000000000000000000e+00 0.000000000000000000e+00 4.019433699338778609e+01
0.000000000000000000e+00 0.000000000000000000e+00 0.000000000000000000e+00 4.019433699338778609e+01 5.247066195283688472e+01 5.642247555515631774e+01 4.019433699338778609e+01 0.000000000000000000e+00 0.000000000000000000e+00 4.851361743786306846e+01
0.000000000000000000e+00 0.000000000000000000e+00 0.000000000000000000e+00 4.851361743786306846e+01 5.642247555515631774e+01 5.769506194172804925e+01 0.000000000000000000e+00 0.000000000000000000e+00 0.000000000000000000e+00 5.642247555515631774e+01
0.000000000000000000e+00 0.000000000000000000e+00 3.698093382823977748e+01 4.851361743786306846e+01 5.642247555515631774e+01 4.019433699338778609e+01 0.000000000000000000e+00 0.000000000000000000e+00 4.019433699338778609e+01 5.769506194172804925e+01
