8.075535539503459859e+01 8.343463657982745474e+01 6.425736866102069200e+01 6.343174934087758743e+01 7.839115457967135114e+01 0.000000000000000000e+00 0.000000000000000000e+00 9.103799581560383558e+01 8.599650987331669683e+01 6.807823660326852178e+01
8.110246972969414969e+01 6.425736866102069200e+01 3.431313377110661378e+01 4.339249507590699295e+01 6.643854408218741980e+01 0.000000000000000000e+00 0.000000000000000000e+00 9.103799581560383558e+01 8.599650987331669683e+01 6.807823660326852178e+01
6.888118262846363393e+01 4.124861140276837546e+01 0.000000000000000000e+00 3.196224675611971833e+01 6.643854408218741980e+01 0.000000000000000000e+00 0.000000000000000000e+00 9.103799581560383558e+01 8.322756873367997343e+01 6.807823660326852178e+01
6.901708705680377420e+01 4.124861140276837546e+01 2.174945132863067698e+01 4.339249507590699295e+01 7.753092224238056929e+01 9.103799581560383558e+01 9.103799581560383558e+01 8.908250904914136470e+01 7.818593961408468829e+01 6.807823660326852178e+01
7.715080690310466593e+01 6.069882831654048516e+01 5.457791104492788747e+01 6.275061785336281872e+01 8.655891429302137396e+01 9.103799581560383558e+01 9.103799581560383558e+01 8.908250904914136470e+01 7.818593961408468829e+01 6.807823660326852178e+01
7.839115457967135114e+01 7.876966718894705366e+01 8.655891429302137396e+01 8.793355695775900926e+01 9.103799581560383558e+01 9.103799581560383558e+01 9.103799581560383558e+01 8.908250904914136470e+01 7.818593961408468829e+01 6.128928093457027870e+01
6.553464159342773598e+01 7.158389926122784175e+01 8.793355695775900926e+01 8.793355695775900926e+01 9.103799581560383558e+01 9.103799581560383558e+01 9.103799581560383558e+01 8.908250904914136470e+01 7.818593961408468829e+01 6.069882831654048516e+01
4.768305094507405073e+01 5.983935942821965881e+01 7.006071894028127645e+01 7.839115457967135114e+01 8.793355695775900926e+01 9.103799581560383558e+01 9.103799581560383558e+01 8.908250904914136470e+01 7.818593961408468829e+01 6.069882831654048516e+01
3.785125644529713895e+01 4.196295442217559923e+01 5.521976479616523648e+01 6.553464159342773598e+01 7.839115457967135114e+01 8.793355695775900926e+01 9.103799581560383558e+01 8.908250904914136470e+01 7.818593961408468829e+01 6.069882831654048516e+01
2.832198683633539460e+01 3.753582443348779663e+01 4.110157386505393617e+01 5.753416393095398718e+01 6.570499219648513645e+01 8.793355695775900926e+01 9.103799581560383558e+01 8.908250904914136470e+01 7.818593961408468829e+01 6.069882831654048516e+01
