1.659814092492700865e+01 1.439817043724132972e+01 1.183211368264437269e+01 9.790454852888453630e+00 2.568441155278037868e+01 6.689269446832228994e+01 1.510519213832725427e+02 1.167958551804569680e+02 1.026348350201770074e+02 6.197538428919298070e+01
1.186226228550565587e+01 5.906666613182530945e+00 5.906666613182530945e+00 7.158528794219809477e+00 7.688372710153622336e+00 9.341501186019122827e+00 1.510519213832725427e+02 1.327650366342634811e+02 1.026348350201770074e+02 2.304437567391806496e+01
7.688372710153622336e+00 5.906666613182530945e+00 5.906666613182530945e+00 5.906666613182530945e+00 7.158528794219809477e+00 9.341501186019122827e+00 1.510519213832725427e+02 1.327650366342634811e+02 1.087531260564385427e+01 1.439817043724132972e+01
5.906666613182530945e+00 5.906666613182530945e+00 5.906666613182530945e+00 5.906666613182530945e+00 7.729861675667982546e+00 9.020802252200697069e+01 1.510519213832725427e+02 1.123125500910233114e+02 7.926427409250157652e+00 5.906666613182530945e+00
5.906666613182530945e+00 5.906666613182530945e+00 5.906666613182530945e+00 5.906666613182530945e+00 9.341501186019122827e+00 6.689269446832228994e+01 1.418407378185015943e+02 1.167958551804569680e+02 1.087531260564385427e+01 1.183211368264437269e+01
5.906666613182530945e+00 5.906666613182530945e+00 5.906666613182530945e+00 7.158528794219809477e+00 8.852692226339074821e+00 1.510519213832725427e+02 1.439186365204192555e+02 1.167958551804569680e+02 4.330613604383693627e+01 7.269368390588820006e+00
5.906666613182530945e+00 5.906666613182530945e+00 5.906666613182530945e+00 7.729861675667982546e+00 9.020802252200697069e+01 1.510519213832725427e+02 1.522576335346218457e+02 1.521737183919890413e+02 1.167958551804569680e+02 9.020802252200697069e+01
5.906666613182530945e+00 5.906666613182530945e+00 7.158528794219809477e+00 9.861645969917193000e+00 6.689269446832228994e+01 1.510519213832725427e+02 1.522576335346218457e+02 1.521737183919890413e+02 1.506388424584502275e+02 1.418407378185015943e+02
5.906666613182530945e+00 5.906666613182530945e+00 7.729861675667982546e+00 9.020802252200697069e+01 1.510519213832725427e+02 1.522576335346218457e+02 1.522576335346218457e+02 1.521737183919890413e+02 1.477316029825107364e+02 1.439186365204192555e+02
5.906666613182530945e+00 7.158528794219809477e+00 9.861645969917193000e+00 6.689269446832228994e+01 1.510519213832725427e+02 1.521737183919890413e+02 1.522576335346218457e+02 1.522576335346218457e+02 1.521737183919890413e+02 1.521737183919890413e+02
