4.195194757836796740e+00 4.195194757836796740e+00 4.195194757836796740e+00 4.195194757836796740e+00 4.195194757836796740e+00 4.195194757836796740e+00 4.195194757836796740e+00 4.195194757836796740e+00 4.195194757836796740e+00 4.195194757836796740e+00
4.195194757836796740e+00 4.195194757836796740e+00 4.195194757836796740e+00 4.195194757836796740e+00 4.195194757836796740e+00 4.195194757836796740e+00 4.195194757836796740e+00 4.195194757836796740e+00 4.195194757836796740e+00 4.195194757836796740e+00
4.195194757836796740e+00 6.544335912287269963e+00 6.783103283914823756e+00 4.195194757836796740e+00 4.195194757836796740e+00 4.195194757836796740e+00 4.195194757836796740e+00 4.195194757836796740e+00 4.195194757836796740e+00 4.195194757836796740e+00
6.544335912287269963e+00 8.852692226339074821e+00 7.526414858871008917e+00 1.130748269242126547e+01 4.195194757836796740e+00 4.195194757836796740e+00 4.195194757836796740e+00 4.195194757836796740e+00 4.195194757836796740e+00 4.195194757836796740e+00
1.766352812909046222e+01 2.404753646520165589e+01 7.526414858871008917e+00 6.982935843713380386e+00 4.195194757836796740e+00 4.195194757836796740e+00 6.544335912287269963e+00 1.766352812909046222e+01 6.783103283914823756e+00 1.987706631729992424e+01
9.270430038948470397e+00 9.020802252200697069e+01 5.981822309669626492e+01 6.982935843713380386e+00 6.982935843713380386e+00 6.544335912287269963e+00 1.766352812909046222e+01 2.404753646520165589e+01 9.020802252200697069e+01 6.982935843713380386e+00
9.401741162993225487e+01 1.418407378185015943e+02 1.554410924403688057e+02 5.981822309669626492e+01 2.404753646520165589e+01 8.852692226339074821e+00 9.020802252200697069e+01 9.020802252200697069e+01 1.536020901515489072e+02 1.554410924403688057e+02
1.536020901515489072e+02 1.554410924403688057e+02 1.554410924403688057e+02 1.554410924403688057e+02 9.020802252200697069e+01 9.020802252200697069e+01 1.536020901515489072e+02 1.554410924403688057e+02 1.554410924403688057e+02 1.554410924403688057e+02
1.434807487916727098e+02 1.554410924403688057e+02 1.554410924403688057e+02 1.554410924403688057e+02 1.554410924403688057e+02 1.554410924403688057e+02 1.530816671834870988e+02 1.530816671834870988e+02 1.530816671834870988e+02 1.327650366342634811e+02
1.434807487916727098e+02 1.530816671834870988e+02 1.530816671834870988e+02 1.530816671834870988e+02 1.379826289940272090e+02 1.267933883327166171e+02 1.267933883327166171e+02 1.267933883327166171e+02 1.123125500910233114e+02 3.980766660212723451e+01
