2.497855646491485260e+01 2.935802116049011801e+01 2.935802116049011801e+01 3.940702528102485758e+01 3.940702528102485758e+01 4.713066725878569230e+01 4.922525924672526543e+01 4.922525924672526543e+01 4.922525924672526543e+01 4.922525924672526543e+01
2.497855646491485260e+01 2.935802116049011801e+01 2.935802116049011801e+01 2.935802116049011801e+01 3.940702528102485758e+01 3.940702528102485758e+01 3.940702528102485758e+01 3.940702528102485758e+01 3.940702528102485758e+01 3.940702528102485758e+01
3.821188719483232177e+01 3.821188719483232177e+01 3.228207569332981564e+01 3.228207569332981564e+01 2.935802116049011801e+01 2.935802116049011801e+01 2.497855646491485260e+01 2.497855646491485260e+01 2.935802116049011801e+01 2.935802116049011801e+01
4.255532919236009093e+01 3.821188719483232177e+01 3.821188719483232177e+01 3.228207569332981564e+01 2.497855646491485260e+01 2.497855646491485260e+01 2.089604111935095077e+01 2.089604111935095077e+01 2.089604111935095077e+01 2.089604111935095077e+01
5.390011611567737759e+01 5.030594348693065143e+01 4.740621649040330254e+01 3.821188719483232177e+01 3.228207569332981564e+01 2.497855646491485260e+01 2.089604111935095077e+01 2.089604111935095077e+01 2.089604111935095077e+01 2.089604111935095077e+01
5.633905213412673163e+01 6.133270358690229784e+01 5.307833443369165849e+01 5.030594348693065143e+01 3.821188719483232177e+01 3.228207569332981564e+01 2.089604111935095077e+01 2.089604111935095077e+01 2.089604111935095077e+01 2.089604111935095077e+01
5.633905213412673163e+01 6.488644396275314818e+01 6.133270358690229784e+01 5.030594348693065143e+01 4.819403129402767405e+01 3.228207569332981564e+01 3.228207569332981564e+01 2.089604111935095077e+01 2.089604111935095077e+01 2.089604111935095077e+01
5.633905213412673163e+01 6.237406221867971112e+01 6.237406221867971112e+01 6.133270358690229784e+01 5.030594348693065143e+01 4.819403129402767405e+01 3.228207569332981564e+01 3.228207569332981564e+01 2.089604111935095077e+01 2.089604111935095077e+01
4.970088972005061834e+01 5.991215074350111536e+01 6.385559318291551278e+01 6.133270358690229784e+01 6.133270358690229784e+01 5.030594348693065143e+01 4.819403129402767405e+01 3.228207569332981564e+01 3.228207569332981564e+01 2.089604111935095077e+01
3.940702528102485758e+01 4.970088972005061834e+01 5.518279547587601996e+01 5.944330824862376517e+01 6.133270358690229784e+01 6.133270358690229784e+01 5.030594348693065143e+01 4.819403129402767405e+01 3.228207569332981564e+01 2.089604111935095077e+01
