4.760347319740250782e+01 5.322856055138630182e+01 5.198527837962264186e+01 4.729567070322865163e+01 3.935553552320632775e+01 3.634245283536203175e+01 3.613104761304220602e+01 4.055545118278994465e+01 4.760347319740250782e+01 5.241263480331394220e+01
5.322856055138630182e+01 5.700548874370230834e+01 5.162459065018809667e+01 4.729567070322865163e+01 3.935553552320632775e+01 3.634245283536203175e+01 4.055545118278994465e+01 4.560614542009162875e+01 5.241263480331394220e+01 5.657390719039688065e+01
6.118106289155944921e+01 6.135106351148363046e+01 5.476497063647692443e+01 5.162459065018809667e+01 4.396637034712651371e+01 4.396637034712651371e+01 4.560614542009162875e+01 5.409936957899578402e+01 5.805067127729229526e+01 6.135106351148363046e+01
7.053432220227713856e+01 6.914079704848661834e+01 6.107254135983811949e+01 5.476497063647692443e+01 5.198527837962264186e+01 4.791077241063040759e+01 5.457791104492788747e+01 5.950016259945966368e+01 6.483503822770833835e+01 6.483503822770833835e+01
7.503637865925135486e+01 7.423497039684644960e+01 6.914079704848661834e+01 6.118106289155944921e+01 6.118106289155944921e+01 6.118106289155944921e+01 6.302611111661641985e+01 7.028746168066054167e+01 6.914079704848661834e+01 6.327621529547543133e+01
8.080642470107187592e+01 8.080642470107187592e+01 8.080642470107187592e+01 7.503637865925135486e+01 7.503637865925135486e+01 7.503637865925135486e+01 7.503637865925135486e+01 7.548480142021182360e+01 7.423497039684644960e+01 6.637177252641222935e+01
8.273947533830788359e+01 8.616389674510995178e+01 8.080642470107187592e+01 8.080642470107187592e+01 8.729245269658090933e+01 8.729245269658090933e+01 8.080642470107187592e+01 7.874909222318713375e+01 7.820521717092665881e+01 6.657837159219623402e+01
7.969859921218467491e+01 8.500083680423712451e+01 8.794519175413228140e+01 8.794519175413228140e+01 9.093758764025008645e+01 9.093758764025008645e+01 8.616389674510995178e+01 8.322756873367997343e+01 7.091652784586882774e+01 6.190930690074085874e+01
6.900368517515327937e+01 7.969859921218467491e+01 8.524683079205452430e+01 8.794519175413228140e+01 9.268952265624251652e+01 9.093758764025008645e+01 8.935005559799256503e+01 7.756161914976004823e+01 6.425736866102069200e+01 5.490294188152635257e+01
5.784306937739525978e+01 6.690683271435204915e+01 7.615161969609283688e+01 8.179836138979742088e+01 8.500083680423712451e+01 8.500083680423712451e+01 7.926749503767102567e+01 7.091652784586882774e+01 5.490294188152635257e+01 4.379789314644868625e+01
