6.335476470589828324e+00 6.335476470589828324e+00 6.335476470589828324e+00 6.335476470589828324e+00 6.335476470589828324e+00 6.335476470589828324e+00 6.335476470589828324e+00 6.335476470589828324e+00 6.335476470589828324e+00 6.335476470589828324e+00
6.335476470589828324e+00 6.335476470589828324e+00 6.335476470589828324e+00 6.335476470589828324e+00 6.335476470589828324e+00 6.335476470589828324e+00 6.335476470589828324e+00 6.335476470589828324e+00 6.335476470589828324e+00 6.335476470589828324e+00
6.335476470589828324e+00 6.335476470589828324e+00 6.335476470589828324e+00 6.335476470589828324e+00 6.335476470589828324e+00 6.335476470589828324e+00 6.335476470589828324e+00 6.335476470589828324e+00 6.335476470589828324e+00 6.335476470589828324e+00
6.335476470589828324e+00 6.335476470589828324e+00 6.335476470589828324e+00 6.335476470589828324e+00 6.335476470589828324e+00 6.335476470589828324e+00 6.335476470589828324e+00 6.335476470589828324e+00 6.335476470589828324e+00 6.335476470589828324e+00
6.335476470589828324e+00 6.335476470589828324e+00 6.335476470589828324e+00 6.335476470589828324e+00 7.269368390588820006e+00 6.335476470589828324e+00 6.335476470589828324e+00 6.335476470589828324e+00 6.335476470589828324e+00 6.335476470589828324e+00
9.967258890577367580e+00 9.967258890577367580e+00 2.404753646520165589e+01 9.967258890577367580e+00 7.670153033709544488e+00 6.335476470589828324e+00 6.335476470589828324e+00 6.335476470589828324e+00 6.335476470589828324e+00 6.335476470589828324e+00
5.555324906259378537e+01 7.036984946053567569e+01 7.036984946053567569e+01 4.330613604383693627e+01 1.183211368264437269e+01 6.335476470589828324e+00 6.335476470589828324e+00 6.335476470589828324e+00 6.335476470589828324e+00 6.335476470589828324e+00
1.439186365204192555e+02 1.439186365204192555e+02 1.231200505458436965e+02 1.026348350201770074e+02 4.330613604383693627e+01 7.269368390588820006e+00 6.335476470589828324e+00 6.335476470589828324e+00 6.335476470589828324e+00 6.335476470589828324e+00
1.430820886639980074e+02 1.123125500910233114e+02 7.648358233641788217e+01 2.453052687034213974e+01 7.926427409250157652e+00 7.269368390588820006e+00 6.335476470589828324e+00 6.335476470589828324e+00 6.335476470589828324e+00 6.335476470589828324e+00
8.743000885258017263e+01 1.087531260564385427e+01 1.156348825584383100e+01 1.156348825584383100e+01 8.275797812550303334e+00 9.052976691945955778e+00 6.335476470589828324e+00 6.335476470589828324e+00 6.335476470589828324e+00 6.335476470589828324e+00
