7.634183515477383608e+00 1.077817345651359027e+01 1.399742621724690750e+01 1.034492376909802935e+01 4.316654459839250535e+01 2.730195504296236919e+01 6.345785633100025080e+01 5.853659664998112078e+01 7.926427409250157652e+00 7.634183515477383608e+00
1.077817345651359027e+01 1.034492376909802935e+01 1.034492376909802935e+01 1.459954885016880155e+01 6.345785633100025080e+01 4.669808990685883288e+01 1.903026673963481841e+01 1.064291695968121410e+01 7.926427409250157652e+00 7.634183515477383608e+00
9.341501186019122827e+00 1.034492376909802935e+01 1.418407378185015943e+02 1.290575861768336097e+02 4.330613604383693627e+01 1.087531260564385427e+01 7.226540191997708362e+00 7.226540191997708362e+00 7.634183515477383608e+00 7.634183515477383608e+00
2.730195504296236919e+01 1.483426513448484627e+02 1.483426513448484627e+02 1.459697366144504826e+02 4.330613604383693627e+01 7.926427409250157652e+00 7.226540191997708362e+00 7.634183515477383608e+00 7.634183515477383608e+00 7.634183515477383608e+00
9.341501186019122827e+00 1.133747436137351201e+02 1.444392537845444906e+02 1.444392537845444906e+02 6.345785633100025080e+01 7.926427409250157652e+00 7.226540191997708362e+00 7.634183515477383608e+00 7.634183515477383608e+00 7.634183515477383608e+00
7.688372710153622336e+00 1.019435293483362699e+02 1.430820886639980074e+02 1.055682847062300311e+02 6.913037915619551654e+01 7.926427409250157652e+00 7.226540191997708362e+00 7.634183515477383608e+00 7.634183515477383608e+00 7.634183515477383608e+00
7.688372710153622336e+00 9.733769765131622620e+00 8.743000885258017263e+01 1.903026673963481841e+01 5.853659664998112078e+01 7.926427409250157652e+00 7.688372710153622336e+00 7.226540191997708362e+00 7.634183515477383608e+00 7.634183515477383608e+00
7.226540191997708362e+00 8.068763304870577358e+00 1.570547482367905268e+01 1.570547482367905268e+01 1.064291695968121410e+01 7.926427409250157652e+00 7.634183515477383608e+00 7.226540191997708362e+00 7.634183515477383608e+00 7.634183515477383608e+00
7.226540191997708362e+00 8.861528487099727514e+00 7.226540191997708362e+00 9.733769765131622620e+00 7.226540191997708362e+00 9.733769765131622620e+00 7.688372710153622336e+00 7.634183515477383608e+00 7.634183515477383608e+00 7.634183515477383608e+00
7.634183515477383608e+00 7.226540191997708362e+00 7.226540191997708362e+00 7.634183515477383608e+00 7.226540191997708362e+00 7.634183515477383608e+00 7.226540191997708362e+00 7.634183515477383608e+00 7.634183515477383608e+00 7.634183515477383608e+00
