6.288113480083945461e+01 7.538220926504669706e+01 8.103338245649268856e+01 8.301734315259605523e+01 8.166985135752574365e+01 8.166985135752574365e+01 6.860163943469460435e+01 6.168384953145167060e+01 5.615878644117872653e+01 4.366170023608102468e+01
6.288113480083945461e+01 7.538220926504669706e+01 8.301734315259605523e+01 8.504251530494559574e+01 8.166985135752574365e+01 7.805768895899099391e+01 6.887597656553022318e+01 5.893404994530255436e+01 5.120701594291303138e+01 4.172325542588178138e+01
6.640896628757268161e+01 8.103338245649268856e+01 8.700395466342207840e+01 8.504251530494559574e+01 8.166985135752574365e+01 7.428558351476463884e+01 6.887597656553022318e+01 5.793308085995248291e+01 5.298360623049540408e+01 3.935553552320632775e+01
6.288113480083945461e+01 7.600963728272279241e+01 8.504251530494559574e+01 8.301734315259605523e+01 8.166985135752574365e+01 7.931832846224770606e+01 6.887597656553022318e+01 6.580576129025257615e+01 5.298360623049540408e+01 4.729567070322865163e+01
5.881975280433248798e+01 7.181577037688151677e+01 7.600963728272279241e+01 8.166985135752574365e+01 8.166985135752574365e+01 7.600963728272279241e+01 7.121871718859476630e+01 6.580576129025257615e+01 5.793308085995248291e+01 5.198527837962264186e+01
5.201081192184570057e+01 6.001630342531408502e+01 6.564353102339994450e+01 7.115548239275281617e+01 7.115548239275281617e+01 7.115548239275281617e+01 6.904522910770774047e+01 6.227896689340931857e+01 6.283556757005011661e+01 5.793308085995248291e+01
4.197862020811073336e+01 5.303174026258125906e+01 6.001630342531408502e+01 5.771871920286388047e+01 5.771871920286388047e+01 5.771871920286388047e+01 6.001630342531408502e+01 5.771871920286388047e+01 6.043456408769697674e+01 6.105463139532956518e+01
3.753582443348779663e+01 4.197862020811073336e+01 4.768305094507405073e+01 4.935407126445338122e+01 4.935407126445338122e+01 4.935407126445338122e+01 5.303174026258125906e+01 5.303174026258125906e+01 5.857874027245517112e+01 5.811059653292660698e+01
2.886252289711294239e+01 3.529442011888717445e+01 3.825035832169145067e+01 3.825035832169145067e+01 3.825035832169145067e+01 4.106206749114713261e+01 4.444035869134387440e+01 4.782292697740652443e+01 5.559099812764006998e+01 5.811059653292660698e+01
3.213588581821038304e+01 3.295154975918914175e+01 3.675859430240583947e+01 3.675859430240583947e+01 4.013194190749791801e+01 3.675859430240583947e+01 4.055413083745903435e+01 4.874868497595986838e+01 5.637723399767792642e+01 5.811059653292660698e+01
