5.430435493887389775e+00 1.707077965713867940e+01 2.643876126441328722e+01 2.802708416539971026e+01 4.022591576506910371e+01 4.968146891377429597e+01 5.922795548704304025e+01 6.242192720442287168e+01 5.900651581163281634e+01 5.120701594291303138e+01
5.430435493887389775e+00 1.986114639644914348e+01 2.802708416539971026e+01 3.654342000070297303e+01 4.968146891377429597e+01 5.679335703186259821e+01 6.463429125070651082e+01 6.402156552602657769e+01 5.900651581163281634e+01 5.120701594291303138e+01
1.707077965713867940e+01 2.643876126441328722e+01 3.286630453327060053e+01 4.413577442618949931e+01 5.386058482488359545e+01 6.294283788639867083e+01 6.604498023487037983e+01 6.327621529547543133e+01 5.541116097535493878e+01 4.379789314644868625e+01
1.986114639644914348e+01 2.802708416539971026e+01 3.654342000070297303e+01 5.062639179472332529e+01 5.922795548704304025e+01 6.463429125070651082e+01 6.360896537014406960e+01 5.900651581163281634e+01 5.090035076654235979e+01 4.122593647280144324e+01
2.643876126441328722e+01 3.286630453327060053e+01 4.413577442618949931e+01 5.234343373972423308e+01 6.294283788639867083e+01 6.547942358309698818e+01 6.283556757005011661e+01 5.541116097535493878e+01 4.379789314644868625e+01 3.578583698140610636e+01
2.802708416539971026e+01 3.654342000070297303e+01 4.413577442618949931e+01 5.922795548704304025e+01 6.463429125070651082e+01 6.360896537014406960e+01 5.900651581163281634e+01 5.090035076654235979e+01 3.578583698140610636e+01 3.231533263100416065e+01
3.286630453327060053e+01 4.216390064673616678e+01 5.234343373972423308e+01 6.294283788639867083e+01 6.604498023487037983e+01 6.283556757005011661e+01 5.541116097535493878e+01 4.379789314644868625e+01 3.578583698140610636e+01 2.606810106182724951e+01
3.654342000070297303e+01 4.413577442618949931e+01 5.922795548704304025e+01 6.463429125070651082e+01 6.360896537014406960e+01 5.900651581163281634e+01 5.162312724191153279e+01 3.578583698140610636e+01 2.962841875773120393e+01 1.986114639644914348e+01
4.216390064673616678e+01 5.234343373972423308e+01 6.294283788639867083e+01 6.604498023487037983e+01 6.283556757005011661e+01 5.541116097535493878e+01 4.379789314644868625e+01 3.231533263100416065e+01 2.606810106182724951e+01 1.986114639644914348e+01
4.968146891377429597e+01 5.922795548704304025e+01 6.463429125070651082e+01 6.360896537014406960e+01 5.615878644117872653e+01 5.162312724191153279e+01 3.578583698140610636e+01 2.962841875773120393e+01 1.986114639644914348e+01 5.430435493887389775e+00
