5.906666613182530945e+00 5.906666613182530945e+00 5.906666613182530945e+00 5.906666613182530945e+00 6.335476470589828324e+00 6.335476470589828324e+00 9.326380607181961935e+00 1.915839602825552035e+01 6.689269446832228994e+01 1.510519213832725427e+02
5.906666613182530945e+00 5.906666613182530945e+00 5.906666613182530945e+00 5.906666613182530945e+00 6.335476470589828324e+00 6.335476470589828324e+00 1.399742621724690750e+01 9.020802252200697069e+01 1.418407378185015943e+02 1.463930772626866599e+02
5.906666613182530945e+00 5.906666613182530945e+00 5.906666613182530945e+00 5.906666613182530945e+00 1.659814092492700865e+01 1.034492376909802935e+01 9.341501186019122827e+00 1.205035614849399082e+02 1.463930772626866599e+02 1.327650366342634811e+02
5.906666613182530945e+00 5.906666613182530945e+00 5.906666613182530945e+00 5.906666613182530945e+00 7.670153033709544488e+00 1.659814092492700865e+01 3.418742067982135069e+01 6.689269446832228994e+01 5.853659664998112078e+01 5.906666613182530945e+00
5.906666613182530945e+00 5.906666613182530945e+00 5.906666613182530945e+00 5.906666613182530945e+00 6.335476470589828324e+00 7.670153033709544488e+00 7.688372710153622336e+00 1.186226228550565587e+01 2.027726827833977197e+01 5.906666613182530945e+00
5.906666613182530945e+00 5.906666613182530945e+00 5.906666613182530945e+00 5.906666613182530945e+00 5.906666613182530945e+00 5.906666613182530945e+00 7.169121142933177815e+00 5.906666613182530945e+00 5.906666613182530945e+00 5.906666613182530945e+00
5.906666613182530945e+00 5.906666613182530945e+00 5.906666613182530945e+00 5.906666613182530945e+00 5.906666613182530945e+00 5.906666613182530945e+00 5.906666613182530945e+00 5.906666613182530945e+00 5.906666613182530945e+00 5.906666613182530945e+00
5.906666613182530945e+00 5.906666613182530945e+00 5.906666613182530945e+00 5.906666613182530945e+00 5.906666613182530945e+00 5.906666613182530945e+00 5.906666613182530945e+00 5.906666613182530945e+00 5.906666613182530945e+00 5.906666613182530945e+00
5.906666613182530945e+00 5.906666613182530945e+00 5.906666613182530945e+00 5.906666613182530945e+00 5.906666613182530945e+00 5.906666613182530945e+00 5.906666613182530945e+00 5.906666613182530945e+00 5.906666613182530945e+00 5.906666613182530945e+00
5.906666613182530945e+00 5.906666613182530945e+00 5.906666613182530945e+00 5.906666613182530945e+00 5.906666613182530945e+00 5.906666613182530945e+00 5.906666613182530945e+00 5.906666613182530945e+00 5.906666613182530945e+00 5.906666613182530945e+00
