2.888010709657208963e+01 2.888010709657208963e+01 3.692962094424935771e+01 5.067301608423492354e+01 5.067301608423492354e+01 5.796415149622016116e+01 6.113570016413739694e+01 5.796415149622016116e+01 5.796415149622016116e+01 4.936690956662019403e+01
2.888010709657208963e+01 3.692962094424935771e+01 4.830404051149663047e+01 5.318605886532868254e+01 5.406110273430141433e+01 5.406110273430141433e+01 4.936690956662019403e+01 4.755096754817801497e+01 4.755096754817801497e+01 4.755096754817801497e+01
3.692962094424935771e+01 4.884724843665358662e+01 5.067301608423492354e+01 5.318605886532868254e+01 5.406110273430141433e+01 4.936690956662019403e+01 4.755096754817801497e+01 4.755096754817801497e+01 4.097647403625288831e+01 2.888010709657208963e+01
3.692962094424935771e+01 4.884724843665358662e+01 5.634990901048514900e+01 5.796415149622016116e+01 5.406110273430141433e+01 4.936690956662019403e+01 4.755096754817801497e+01 2.888010709657208963e+01 2.888010709657208963e+01 2.888010709657208963e+01
3.942523307240261943e+01 5.067301608423492354e+01 5.634990901048514900e+01 6.113570016413739694e+01 4.936690956662019403e+01 4.755096754817801497e+01 2.888010709657208963e+01 2.888010709657208963e+01 2.002136501972170990e+01 2.002136501972170990e+01
3.942523307240261943e+01 5.067301608423492354e+01 5.634990901048514900e+01 5.796415149622016116e+01 4.936690956662019403e+01 4.755096754817801497e+01 2.888010709657208963e+01 2.002136501972170990e+01 2.002136501972170990e+01 2.002136501972170990e+01
3.942523307240261943e+01 4.970088972005061834e+01 5.452174403358022658e+01 4.936690956662019403e+01 4.936690956662019403e+01 3.571854255907041420e+01 2.888010709657208963e+01 2.002136501972170990e+01 2.002136501972170990e+01 2.002136501972170990e+01
3.692962094424935771e+01 4.097647403625288831e+01 4.970088972005061834e+01 4.830404051149663047e+01 4.755096754817801497e+01 2.888010709657208963e+01 2.888010709657208963e+01 2.002136501972170990e+01 2.002136501972170990e+01 2.002136501972170990e+01
2.888010709657208963e+01 4.097647403625288831e+01 4.097647403625288831e+01 4.755096754817801497e+01 4.755096754817801497e+01 2.888010709657208963e+01 2.888010709657208963e+01 2.002136501972170990e+01 2.002136501972170990e+01 2.002136501972170990e+01
2.888010709657208963e+01 4.097647403625288831e+01 4.097647403625288831e+01 4.097647403625288831e+01 4.097647403625288831e+01 2.888010709657208963e+01 2.888010709657208963e+01 2.002136501972170990e+01 2.002136501972170990e+01 2.002136501972170990e+01
