9.733769765131622620e+00 2.492990172445543351e+01 1.064291695968121410e+01 9.733769765131622620e+00 7.926427409250157652e+00 7.926427409250157652e+00 7.730014943668368055e+00 8.861528487099727514e+00 9.052976691945955778e+00 7.730014943668368055e+00
7.730014943668368055e+00 7.226540191997708362e+00 1.533937055038828134e+01 7.730014943668368055e+00 7.226540191997708362e+00 7.973105036080767150e+00 1.037162747816753949e+01 1.399742621724690750e+01 1.074348984911151206e+01 7.926427409250157652e+00
7.730014943668368055e+00 7.730014943668368055e+00 7.730014943668368055e+00 7.226540191997708362e+00 7.730014943668368055e+00 8.861528487099727514e+00 1.077817345651359027e+01 1.399742621724690750e+01 1.459954885016880155e+01 7.926427409250157652e+00
1.037162747816753949e+01 1.037162747816753949e+01 1.037162747816753949e+01 1.037162747816753949e+01 1.037162747816753949e+01 1.077817345651359027e+01 1.399742621724690750e+01 2.730195504296236919e+01 1.459954885016880155e+01 4.330613604383693627e+01
1.037162747816753949e+01 1.037162747816753949e+01 1.037162747816753949e+01 1.037162747816753949e+01 1.037162747816753949e+01 7.973105036080767150e+00 2.730195504296236919e+01 2.730195504296236919e+01 1.026348350201770074e+02 6.913037915619551654e+01
1.037162747816753949e+01 1.037162747816753949e+01 1.037162747816753949e+01 1.037162747816753949e+01 1.037162747816753949e+01 7.226540191997708362e+00 9.341501186019122827e+00 2.492990172445543351e+01 1.903026673963481841e+01 2.492990172445543351e+01
1.037162747816753949e+01 1.037162747816753949e+01 1.037162747816753949e+01 1.037162747816753949e+01 1.037162747816753949e+01 7.226540191997708362e+00 1.077817345651359027e+01 2.492990172445543351e+01 1.064291695968121410e+01 8.068763304870577358e+00
1.037162747816753949e+01 1.037162747816753949e+01 1.037162747816753949e+01 1.037162747816753949e+01 1.037162747816753949e+01 7.226540191997708362e+00 7.730014943668368055e+00 7.973105036080767150e+00 7.226540191997708362e+00 7.226540191997708362e+00
1.037162747816753949e+01 1.037162747816753949e+01 1.037162747816753949e+01 1.037162747816753949e+01 1.037162747816753949e+01 7.730014943668368055e+00 8.861528487099727514e+00 1.074348984911151206e+01 1.074348984911151206e+01 7.926427409250157652e+00
1.037162747816753949e+01 1.037162747816753949e+01 1.037162747816753949e+01 1.037162747816753949e+01 1.037162747816753949e+01 1.077817345651359027e+01 8.861528487099727514e+00 1.399742621724690750e+01 1.459954885016880155e+01 7.926427409250157652e+00
