2.293394806402699437e+00 2.293394806402699437e+00 2.293394806402699437e+00 2.293394806402699437e+00 2.293394806402699437e+00 2.293394806402699437e+00 2.293394806402699437e+00 2.293394806402699437e+00 2.293394806402699437e+00 2.293394806402699437e+00
2.293394806402699437e+00 2.293394806402699437e+00 2.293394806402699437e+00 2.293394806402699437e+00 2.293394806402699437e+00 2.293394806402699437e+00 2.293394806402699437e+00 2.293394806402699437e+00 2.293394806402699437e+00 2.293394806402699437e+00
2.293394806402699437e+00 2.293394806402699437e+00 2.293394806402699437e+00 2.293394806402699437e+00 2.293394806402699437e+00 2.293394806402699437e+00 2.293394806402699437e+00 2.293394806402699437e+00 2.293394806402699437e+00 2.293394806402699437e+00
2.293394806402699437e+00 2.293394806402699437e+00 2.293394806402699437e+00 2.293394806402699437e+00 2.293394806402699437e+00 2.293394806402699437e+00 2.293394806402699437e+00 2.293394806402699437e+00 2.293394806402699437e+00 2.293394806402699437e+00
2.293394806402699437e+00 2.293394806402699437e+00 2.293394806402699437e+00 2.293394806402699437e+00 2.293394806402699437e+00 2.293394806402699437e+00 2.293394806402699437e+00 2.293394806402699437e+00 2.293394806402699437e+00 2.293394806402699437e+00
2.293394806402699437e+00 2.293394806402699437e+00 2.293394806402699437e+00 2.293394806402699437e+00 2.293394806402699437e+00 2.293394806402699437e+00 2.293394806402699437e+00 2.293394806402699437e+00 2.293394806402699437e+00 2.293394806402699437e+00
2.293394806402699437e+00 2.293394806402699437e+00 2.293394806402699437e+00 2.293394806402699437e+00 2.293394806402699437e+00 2.293394806402699437e+00 2.293394806402699437e+00 2.293394806402699437e+00 2.293394806402699437e+00 2.293394806402699437e+00
2.293394806402699437e+00 2.293394806402699437e+00 2.293394806402699437e+00 2.293394806402699437e+00 2.293394806402699437e+00 2.293394806402699437e+00 2.293394806402699437e+00 2.293394806402699437e+00 2.293394806402699437e+00 2.293394806402699437e+00
2.293394806402699437e+00 2.293394806402699437e+00 2.293394806402699437e+00 2.293394806402699437e+00 2.293394806402699437e+00 2.293394806402699437e+00 2.293394806402699437e+00 2.293394806402699437e+00 2.293394806402699437e+00 2.293394806402699437e+00
2.293394806402699437e+00 2.293394806402699437e+00 2.293394806402699437e+00 2.293394806402699437e+00 2.293394806402699437e+00 2.293394806402699437e+00 2.293394806402699437e+00 2.293394806402699437e+00 2.293394806402699437e+00 2.293394806402699437e+00
