6.341129176679046076e+00 6.341129176679046076e+00 6.341129176679046076e+00 6.341129176679046076e+00 6.341129176679046076e+00 6.341129176679046076e+00 6.341129176679046076e+00 6.341129176679046076e+00 6.341129176679046076e+00 6.341129176679046076e+00
6.341129176679046076e+00 6.341129176679046076e+00 8.881977607634180316e+00 6.341129176679046076e+00 6.341129176679046076e+00 6.341129176679046076e+00 6.341129176679046076e+00 6.341129176679046076e+00 6.341129176679046076e+00 6.341129176679046076e+00
6.341129176679046076e+00 6.341129176679046076e+00 6.998290503990102884e+00 8.881977607634180316e+00 1.226121352047454671e+01 7.526414858871008917e+00 6.341129176679046076e+00 6.341129176679046076e+00 6.341129176679046076e+00 6.341129176679046076e+00
6.341129176679046076e+00 6.341129176679046076e+00 8.852692226339074821e+00 9.270430038948470397e+00 1.018834658811586635e+01 7.526414858871008917e+00 7.526414858871008917e+00 6.341129176679046076e+00 6.341129176679046076e+00 6.341129176679046076e+00
6.341129176679046076e+00 6.998290503990102884e+00 9.636052470075915366e+00 9.270430038948470397e+00 2.404753646520165589e+01 7.526414858871008917e+00 7.526414858871008917e+00 6.341129176679046076e+00 6.341129176679046076e+00 6.341129176679046076e+00
6.341129176679046076e+00 6.911577183015810810e+00 2.546365023763880586e+01 6.689269446832228994e+01 9.020802252200697069e+01 3.980766660212723451e+01 7.526414858871008917e+00 7.526414858871008917e+00 6.341129176679046076e+00 6.341129176679046076e+00
6.341129176679046076e+00 7.670153033709544488e+00 2.546365023763880586e+01 6.689269446832228994e+01 1.026348350201770074e+02 3.980766660212723451e+01 7.926427409250157652e+00 7.526414858871008917e+00 6.341129176679046076e+00 6.341129176679046076e+00
6.341129176679046076e+00 6.341129176679046076e+00 9.636052470075915366e+00 6.689269446832228994e+01 5.981822309669626492e+01 5.853659664998112078e+01 2.686863260957623467e+01 6.341129176679046076e+00 6.341129176679046076e+00 6.341129176679046076e+00
7.670153033709544488e+00 6.998290503990102884e+00 9.636052470075915366e+00 1.659814092492700865e+01 2.304437567391806496e+01 2.453052687034213974e+01 1.183211368264437269e+01 7.526414858871008917e+00 6.341129176679046076e+00 6.341129176679046076e+00
6.341129176679046076e+00 7.269368390588820006e+00 8.881977607634180316e+00 1.186226228550565587e+01 1.659814092492700865e+01 1.186400712638915067e+01 1.183211368264437269e+01 6.341129176679046076e+00 6.341129176679046076e+00 6.341129176679046076e+00
