1.589333482773712225e+00 1.589333482773712225e+00 1.589333482773712225e+00 1.589333482773712225e+00 1.704949649950225909e+00 1.820678482048187163e+00 1.850245839375112666e+00 1.851761834146205210e+00 1.851761834146205210e+00 1.850245839375112666e+00 1.820678482048187163e+00 1.851761834146205210e+00 1.851761834146205210e+00 1.704949649950225909e+00
1.589333482773712225e+00 1.589333482773712225e+00 1.589333482773712225e+00 1.589333482773712225e+00 1.589333482773712225e+00 1.704949649950225909e+00 1.704949649950225909e+00 1.704949649950225909e+00 1.704949649950225909e+00 1.704949649950225909e+00 1.704949649950225909e+00 1.704949649950225909e+00 1.704949649950225909e+00 1.589333482773712225e+00
1.589333482773712225e+00 1.589333482773712225e+00 1.589333482773712225e+00 1.589333482773712225e+00 1.589333482773712225e+00 1.697384880109645833e+00 1.704949649950225909e+00 1.704949649950225909e+00 1.704949649950225909e+00 1.697384880109645833e+00 1.697384880109645833e+00 1.697384880109645833e+00 1.589333482773712225e+00 1.589333482773712225e+00
1.589333482773712225e+00 1.589333482773712225e+00 1.589333482773712225e+00 1.589333482773712225e+00 1.589333482773712225e+00 1.589333482773712225e+00 1.589333482773712225e+00 1.697384880109645833e+00 1.697384880109645833e+00 1.913957730343963215e+00 1.850245839375112666e+00 1.704949649950225909e+00 1.589333482773712225e+00 1.589333482773712225e+00
1.589333482773712225e+00 1.589333482773712225e+00 1.589333482773712225e+00 1.589333482773712225e+00 1.589333482773712225e+00 1.697384880109645833e+00 2.631167612107380815e+00 1.697384880109645833e+00 2.986243547263968789e+00 2.794286636527202550e+00 1.850245839375112666e+00 1.820678482048187163e+00 1.589333482773712225e+00 1.589333482773712225e+00
1.589333482773712225e+00 1.589333482773712225e+00 1.589333482773712225e+00 1.589333482773712225e+00 1.589333482773712225e+00 3.141188232471117558e+00 2.674780289298992031e+00 2.986086797840771911e+00 5.185129352479579623e+00 1.850245839375112666e+00 1.851761834146205210e+00 1.704949649950225909e+00 1.589333482773712225e+00 1.589333482773712225e+00
1.589333482773712225e+00 1.589333482773712225e+00 1.589333482773712225e+00 1.697384880109645833e+00 3.141188232471117558e+00 1.091482207506517987e+01 4.023761670430924475e+00 8.188867866602425494e+00 1.102866500939092376e+01 1.850245839375112666e+00 1.704949649950225909e+00 1.589333482773712225e+00 1.589333482773712225e+00 1.589333482773712225e+00
1.589333482773712225e+00 1.589333482773712225e+00 1.697384880109645833e+00 2.674780289298992031e+00 4.023761670430924475e+00 7.709271504544809694e+00 7.709271504544809694e+00 4.031390142215419026e+00 1.850245839375112666e+00 1.851761834146205210e+00 1.589333482773712225e+00 1.589333482773712225e+00 1.589333482773712225e+00 1.589333482773712225e+00
1.589333482773712225e+00 1.697384880109645833e+00 6.130688190885105371e+01 1.195525126140515795e+02 9.178491871064321117e+01 3.629718257620775290e+01 1.850245839375112666e+00 1.850245839375112666e+00 1.851761834146205210e+00 1.704949649950225909e+00 1.589333482773712225e+00 1.589333482773712225e+00 1.589333482773712225e+00 1.589333482773712225e+00
1.589333482773712225e+00 3.141188232471117558e+00 1.433254706959278337e+02 1.619288674668477483e+02 6.223029084456506155e+01 1.850245839375112666e+00 1.850245839375112666e+00 1.850245839375112666e+00 1.704949649950225909e+00 1.589333482773712225e+00 1.589333482773712225e+00 1.589333482773712225e+00 1.589333482773712225e+00 1.589333482773712225e+00
3.141188232471117558e+00 1.096856863138169302e+02 1.575255377943428243e+02 1.618433361360519882e+02 7.981220444861367014e+01 7.865423286368507405e+00 1.913957730343963215e+00 1.850245839375112666e+00 1.850245839375112666e+00 1.704949649950225909e+00 1.589333482773712225e+00 1.589333482773712225e+00 1.589333482773712225e+00 1.589333482773712225e+00
3.141188232471117558e+00 1.181832897243638598e+02 1.543801980319576330e+02 1.618433361360519882e+02 7.842324911192790182e+01 8.188867866602425494e+00 1.472537813492662018e+01 2.674780289298992031e+00 1.913957730343963215e+00 1.913957730343963215e+00 1.850245839375112666e+00 1.589333482773712225e+00 1.589333482773712225e+00 1.589333482773712225e+00
3.214809760036732200e+01 1.181832897243638598e+02 1.543801980319576330e+02 1.618433361360519882e+02 1.414110852903597220e+02 7.842324911192790182e+01 7.842324911192790182e+01 7.842324911192790182e+01 8.188867866602425494e+00 1.913957730343963215e+00 1.913957730343963215e+00 1.850245839375112666e+00 1.589333482773712225e+00 1.589333482773712225e+00
9.947504255465696943e+00 1.746256709674040764e+01 1.556400844006978446e+02 1.580397746314901326e+02 1.540818088261351875e+02 1.540818088261351875e+02 1.260564444228032244e+02 1.260564444228032244e+02 5.879849207685252566e+01 2.391400445721756185e+01 2.139733611556867032e+00 1.850245839375112666e+00 1.589333482773712225e+00 1.589333482773712225e+00
