1.370102194308270604e+01 1.970065542339666464e+01 2.507138706158189478e+01 3.744605818537794306e+01 4.834169162800077402e+01 5.730640986311559004e+01 6.114404888573766073e+01 6.242735440911350508e+01 6.242735440911350508e+01 6.242735440911350508e+01 6.746530062338723610e+01 7.999050834554125800e+01 8.684450542270153051e+01 9.182066759051268434e+01
1.245995707934052099e+01 1.370102194308270604e+01 2.278457871638444487e+01 3.330290800335433943e+01 4.253260336922389229e+01 5.139663274229836532e+01 5.039493692143558690e+01 5.039493692143558690e+01 5.039493692143558690e+01 5.833995552262445017e+01 6.773896187622952425e+01 7.999050834554125800e+01 8.903824087264986531e+01 8.819690875628272408e+01
1.245995707934052099e+01 1.370102194308270604e+01 2.025696973751074381e+01 2.713805653283272434e+01 3.322093473646240369e+01 3.734716217153546580e+01 4.364750924106148489e+01 4.364750924106148489e+01 4.910123471354123126e+01 5.673441073656329081e+01 6.969307784074891288e+01 8.253675678480324507e+01 8.641127911744987955e+01 8.355374884856638573e+01
1.245995707934052099e+01 1.370102194308270604e+01 1.970065542339666464e+01 2.507138706158189478e+01 2.713805653283272434e+01 3.387189480042240319e+01 4.026403280914248484e+01 4.465031061132961554e+01 5.374554979250829945e+01 6.525262326260092038e+01 7.587659414469689523e+01 8.573731068117716347e+01 8.601183495813653224e+01 7.765621724621632893e+01
1.846912776979471715e+01 2.266636312830651434e+01 2.393284480094772348e+01 2.794232681241258476e+01 3.223255768168584723e+01 3.764282049129840857e+01 4.399893291783650540e+01 5.456309836349773690e+01 6.721196271470356010e+01 7.587659414469689523e+01 8.573731068117716347e+01 8.601183495813653224e+01 8.009879008385529175e+01 6.737994550275789152e+01
2.393284480094772348e+01 3.207126348970353291e+01 3.354750743654665257e+01 3.915207957714218168e+01 3.915207957714218168e+01 4.399893291783650540e+01 5.543534740156005114e+01 6.525262326260092038e+01 7.587659414469689523e+01 8.372059335875455588e+01 8.729111233836187012e+01 8.355374884856638573e+01 7.240563760014903494e+01 5.937398582160611937e+01
3.363530593177917183e+01 4.080902666266129586e+01 4.803271027386318792e+01 5.543534740156005114e+01 5.543534740156005114e+01 6.227883944956781193e+01 7.246446136839057317e+01 8.372059335875455588e+01 8.927852292724867311e+01 9.159204088308445080e+01 9.216294929360114452e+01 8.236161172519973661e+01 6.737994550275789152e+01 5.224363479186511938e+01
5.543534740156005114e+01 5.886388699849842965e+01 7.246446136839057317e+01 7.246446136839057317e+01 8.219423821727639279e+01 8.372059335875455588e+01 8.927852292724867311e+01 9.945408516295168511e+01 9.945408516295168511e+01 1.005700541765686467e+02 8.980059219771334256e+01 7.525729657246728266e+01 5.945566352202914828e+01 4.173636324376357720e+01
6.721196271470356010e+01 7.477018531392079126e+01 8.051597091188743605e+01 8.927852292724867311e+01 9.945408516295168511e+01 9.945408516295168511e+01 1.037643705702017769e+02 1.075220973910217879e+02 1.075220973910217879e+02 1.037643705702017769e+02 9.532976937209564028e+01 8.236161172519973661e+01 5.945566352202914828e+01 3.878256731385647527e+01
8.372059335875455588e+01 8.601183495813653224e+01 8.505586279909812220e+01 8.684450542270153051e+01 1.009573268802200943e+02 1.075220973910217879e+02 0.000000000000000000e+00 0.000000000000000000e+00 0.000000000000000000e+00 1.037643705702017769e+02 9.879476682507797136e+01 8.236161172519973661e+01 6.320200336751075554e+01 4.173636324376357720e+01
8.781138918742729516e+01 7.693179623505737652e+01 7.641102891083566817e+01 8.313192451720793485e+01 9.929326071912890939e+01 1.075220973910217879e+02 1.075220973910217879e+02 1.075220973910217879e+02 1.075220973910217879e+02 1.075220973910217879e+02 9.879476682507797136e+01 8.236161172519973661e+01 6.320200336751075554e+01 4.421875147029712139e+01
8.236161172519973661e+01 7.240563760014903494e+01 7.086108507876001283e+01 8.313192451720793485e+01 9.352332390602308010e+01 1.002304925568110718e+02 9.338566311987783308e+01 8.819690875628272408e+01 9.706002351411262907e+01 9.629227944082896329e+01 9.879476682507797136e+01 8.236161172519973661e+01 6.757944943562254991e+01 5.363295896950373987e+01
8.236161172519973661e+01 7.378040800510243002e+01 7.246446136839057317e+01 8.122333411005516268e+01 8.355374884856638573e+01 8.009879008385529175e+01 7.693179623505737652e+01 7.641102891083566817e+01 7.641102891083566817e+01 7.641102891083566817e+01 8.380706486395185095e+01 8.291658052758594977e+01 7.608325832075973949e+01 5.667177514220234258e+01
8.236161172519973661e+01 8.291658052758594977e+01 7.733586335087724706e+01 7.621789236604790574e+01 6.706568238052163622e+01 5.899242062323633462e+01 5.523752225604684440e+01 5.296583381851623074e+01 5.470308321436824173e+01 6.193087741073404118e+01 7.641102891083566817e+01 7.641102891083566817e+01 6.757944943562254991e+01 5.945566352202914828e+01
