2.041477865295440175e+00 2.041477865295440175e+00 2.041477865295440175e+00 2.041477865295440175e+00 2.041477865295440175e+00 2.674780289298992031e+00 2.674780289298992031e+00 8.188867866602425494e+00 8.188867866602425494e+00 2.674780289298992031e+00 2.674780289298992031e+00 2.674780289298992031e+00 2.674780289298992031e+00 2.638221339397656795e+00
2.041477865295440175e+00 2.041477865295440175e+00 2.041477865295440175e+00 2.073707641961571646e+00 2.674780289298992031e+00 2.674780289298992031e+00 2.095139464864417533e+01 1.195525126140515795e+02 7.842324911192790182e+01 7.842324911192790182e+01 7.842324911192790182e+01 8.188867866602425494e+00 4.997160835585831684e+00 2.643053021828186466e+00
2.041477865295440175e+00 2.073707641961571646e+00 2.674780289298992031e+00 2.674780289298992031e+00 2.674780289298992031e+00 2.095139464864417533e+01 1.083774968778088663e+02 1.435542746028941679e+02 1.577253118628295283e+02 1.190917882983829656e+02 1.090384736469040945e+02 1.102866500939092376e+01 1.102866500939092376e+01 2.547129718914361796e+00
2.041477865295440175e+00 2.041477865295440175e+00 2.674780289298992031e+00 2.912730841857046116e+00 8.580662024078561956e+01 1.119844442714097710e+02 8.064380880580986855e+01 3.689357171653247747e+01 4.580187788375489788e+01 4.580187788375489788e+01 4.580187788375489788e+01 1.568844210146630225e+01 4.965392080600970814e+00 2.041477865295440175e+00
2.073707641961571646e+00 2.674780289298992031e+00 2.912730841857046116e+00 1.083774968778088663e+02 1.539763973420185152e+02 1.414110852903597220e+02 6.223029084456506155e+01 3.271935469070127223e+00 2.041477865295440175e+00 2.041477865295440175e+00 2.041477865295440175e+00 1.208352091186794652e+01 2.073707641961571646e+00 2.041477865295440175e+00
2.041477865295440175e+00 2.674780289298992031e+00 2.912730841857046116e+00 1.555482203618284984e+02 1.580627038367384500e+02 1.560268232629254044e+02 7.981220444861367014e+01 1.102866500939092376e+01 2.041477865295440175e+00 2.073707641961571646e+00 2.041477865295440175e+00 2.041477865295440175e+00 2.041477865295440175e+00 2.041477865295440175e+00
2.674780289298992031e+00 2.912730841857046116e+00 1.181832897243638598e+02 1.552979333638847095e+02 1.577253118628295283e+02 1.560268232629254044e+02 7.981220444861367014e+01 2.804445452818116280e+01 2.041477865295440175e+00 2.041477865295440175e+00 2.041477865295440175e+00 2.041477865295440175e+00 2.041477865295440175e+00 2.041477865295440175e+00
2.674780289298992031e+00 2.176979778917394626e+01 1.746256709674040764e+01 1.107715371362803012e+02 1.529847752023972873e+02 1.577253118628295283e+02 1.033171142470223884e+02 4.997160835585831684e+00 1.102866500939092376e+01 2.041477865295440175e+00 2.041477865295440175e+00 2.041477865295440175e+00 2.041477865295440175e+00 2.041477865295440175e+00
2.041477865295440175e+00 2.041477865295440175e+00 1.541646971861783832e+01 7.738717201858642625e+01 9.620390695021163197e+01 1.107715371362803012e+02 1.033171142470223884e+02 6.888941341812859775e+01 1.102866500939092376e+01 2.484596896076765482e+00 2.041477865295440175e+00 2.041477865295440175e+00 2.041477865295440175e+00 2.041477865295440175e+00
2.073707641961571646e+00 2.073707641961571646e+00 2.041477865295440175e+00 2.041477865295440175e+00 1.541646971861783832e+01 7.738717201858642625e+01 5.097468627942762964e+01 3.680939894496120957e+01 1.102866500939092376e+01 2.041477865295440175e+00 2.041477865295440175e+00 2.041477865295440175e+00 2.041477865295440175e+00 2.041477865295440175e+00
2.041477865295440175e+00 2.073707641961571646e+00 2.073707641961571646e+00 2.041477865295440175e+00 2.912730841857046116e+00 3.249032700230021220e+00 3.689357171653247747e+01 3.680939894496120957e+01 2.484596896076765482e+00 2.041477865295440175e+00 2.041477865295440175e+00 2.041477865295440175e+00 2.041477865295440175e+00 2.041477865295440175e+00
2.041477865295440175e+00 2.041477865295440175e+00 2.073707641961571646e+00 2.041477865295440175e+00 2.041477865295440175e+00 3.249032700230021220e+00 2.275431568550741090e+01 4.965392080600970814e+00 2.041477865295440175e+00 2.041477865295440175e+00 2.041477865295440175e+00 2.041477865295440175e+00 2.041477865295440175e+00 2.041477865295440175e+00
2.041477865295440175e+00 2.041477865295440175e+00 2.041477865295440175e+00 2.073707641961571646e+00 2.073707641961571646e+00 2.912730841857046116e+00 3.249032700230021220e+00 2.041477865295440175e+00 2.041477865295440175e+00 2.041477865295440175e+00 2.041477865295440175e+00 2.041477865295440175e+00 2.041477865295440175e+00 2.041477865295440175e+00
2.041477865295440175e+00 2.041477865295440175e+00 2.041477865295440175e+00 2.041477865295440175e+00 2.073707641961571646e+00 2.041477865295440175e+00 2.041477865295440175e+00 2.041477865295440175e+00 2.041477865295440175e+00 2.041477865295440175e+00 2.041477865295440175e+00 2.041477865295440175e+00 2.041477865295440175e+00 2.041477865295440175e+00
