3.001394119773546265e+01 4.108222620658361990e+01 5.682490736661330999e+01 6.659176036058798331e+01 7.206360315756209900e+01 7.487467340967275220e+01 7.163816594509175673e+01 7.163816594509175673e+01 7.487467340967275220e+01 7.487467340967275220e+01 6.106856062815383268e+01 4.785651494989652122e+01 3.625755788125747614e+01 2.474048865661019647e+01
4.108222620658361990e+01 5.463012801856896772e+01 6.659176036058798331e+01 7.206360315756209900e+01 7.135006515705472907e+01 7.135006515705472907e+01 7.135006515705472907e+01 7.325003321994718419e+01 8.253675678480324507e+01 7.487467340967275220e+01 7.487467340967275220e+01 6.106856062815383268e+01 5.272069267636254608e+01 3.393503120193472000e+01
4.785651494989652122e+01 6.659176036058798331e+01 7.206360315756209900e+01 7.135006515705472907e+01 7.019722487241477893e+01 6.190021981169580556e+01 6.461019159422511393e+01 7.084349171231525588e+01 8.253675678480324507e+01 8.650741943854750104e+01 8.650741943854750104e+01 7.487467340967275220e+01 6.106856062815383268e+01 4.216471468775570486e+01
5.682490736661330999e+01 7.206360315756209900e+01 7.135006515705472907e+01 6.241059465534154782e+01 5.744965949542583417e+01 5.272069267636254608e+01 5.272069267636254608e+01 7.084349171231525588e+01 8.253675678480324507e+01 8.650741943854750104e+01 0.000000000000000000e+00 8.350834333202203652e+01 7.019722487241477893e+01 5.082444868138318128e+01
6.659176036058798331e+01 7.163816594509175673e+01 7.019722487241477893e+01 5.744965949542583417e+01 4.920114803036190665e+01 4.216471468775570486e+01 4.920114803036190665e+01 6.659176036058798331e+01 7.947017357214292588e+01 0.000000000000000000e+00 0.000000000000000000e+00 8.650741943854750104e+01 7.019722487241477893e+01 5.272069267636254608e+01
7.206360315756209900e+01 7.135006515705472907e+01 6.241059465534154782e+01 5.082444868138318128e+01 4.046896229548563895e+01 3.502170507429325852e+01 4.785651494989652122e+01 6.659176036058798331e+01 8.253675678480324507e+01 0.000000000000000000e+00 0.000000000000000000e+00 8.650741943854750104e+01 7.019722487241477893e+01 5.082444868138318128e+01
7.487467340967275220e+01 7.135006515705472907e+01 6.241059465534154782e+01 5.082444868138318128e+01 3.502170507429325852e+01 3.502170507429325852e+01 5.039034304519631746e+01 7.084349171231525588e+01 8.253675678480324507e+01 0.000000000000000000e+00 0.000000000000000000e+00 8.650741943854750104e+01 7.019722487241477893e+01 5.082444868138318128e+01
7.487467340967275220e+01 7.487467340967275220e+01 6.707238524416627001e+01 5.272069267636254608e+01 4.359584266248888440e+01 4.785651494989652122e+01 5.682490736661330999e+01 7.154113763770095602e+01 8.650741943854750104e+01 0.000000000000000000e+00 0.000000000000000000e+00 8.650741943854750104e+01 6.504921769932889219e+01 4.920114803036190665e+01
7.721233643451192563e+01 7.487467340967275220e+01 7.163816594509175673e+01 6.106856062815383268e+01 6.106856062815383268e+01 5.682490736661330999e+01 6.659176036058798331e+01 7.947017357214292588e+01 8.650741943854750104e+01 0.000000000000000000e+00 0.000000000000000000e+00 8.350834333202203652e+01 6.504921769932889219e+01 4.216471468775570486e+01
7.325003321994718419e+01 7.163816594509175673e+01 7.019722487241477893e+01 7.019722487241477893e+01 6.106856062815383268e+01 6.106856062815383268e+01 7.206360315756209900e+01 8.108599252179176631e+01 8.650741943854750104e+01 0.000000000000000000e+00 0.000000000000000000e+00 8.350834333202203652e+01 6.504921769932889219e+01 4.216471468775570486e+01
6.047049306465046925e+01 6.190021981169580556e+01 6.461019159422511393e+01 6.190021981169580556e+01 6.190021981169580556e+01 6.190021981169580556e+01 6.190021981169580556e+01 7.325003321994718419e+01 8.108599252179176631e+01 8.650741943854750104e+01 8.650741943854750104e+01 8.017456271298409831e+01 6.504921769932889219e+01 4.216471468775570486e+01
4.920114803036190665e+01 4.920114803036190665e+01 4.920114803036190665e+01 4.920114803036190665e+01 4.920114803036190665e+01 4.920114803036190665e+01 4.920114803036190665e+01 5.744965949542583417e+01 7.084349171231525588e+01 8.108599252179176631e+01 8.650741943854750104e+01 7.669656813143497232e+01 6.504921769932889219e+01 4.216471468775570486e+01
3.305089086842004775e+01 3.305089086842004775e+01 3.999689931569127310e+01 3.999689931569127310e+01 3.999689931569127310e+01 3.999689931569127310e+01 3.999689931569127310e+01 4.920114803036190665e+01 6.106856062815383268e+01 7.084349171231525588e+01 8.253675678480324507e+01 7.669656813143497232e+01 6.504921769932889219e+01 4.216471468775570486e+01
2.402635092846709597e+01 2.402635092846709597e+01 2.402635092846709597e+01 2.402635092846709597e+01 2.402635092846709597e+01 2.402635092846709597e+01 3.305089086842004775e+01 3.813525858072569719e+01 5.039034304519631746e+01 7.084349171231525588e+01 7.721233643451192563e+01 7.669656813143497232e+01 6.241059465534154782e+01 4.216471468775570486e+01
