1.542099253067050313e+01 1.542099253067050313e+01 2.144907713620003520e+01 2.588714239006633377e+01 3.255690626568675583e+01 4.632976083980494764e+01 5.480820024437635851e+01 6.244568168778034334e+01 6.292169918447866195e+01 6.292169918447866195e+01 6.292169918447866195e+01 6.292169918447866195e+01 6.099958958614686821e+01 5.136777949110827990e+01
1.542099253067050313e+01 1.542099253067050313e+01 2.144907713620003520e+01 2.837285294487475085e+01 3.340960691242074887e+01 3.982445768224360449e+01 4.890637007730496322e+01 6.037259671355285207e+01 6.222193333606872301e+01 6.222193333606872301e+01 6.202181447020471694e+01 6.222193333606872301e+01 5.934616967157018763e+01 5.358112506869689895e+01
1.542099253067050313e+01 2.144907713620003520e+01 2.144907713620003520e+01 2.667329345627562986e+01 2.931565342159915843e+01 3.732313235112594185e+01 4.365470249687341919e+01 4.735373257065683106e+01 4.939713211738342835e+01 4.939713211738342835e+01 4.939713211738342835e+01 4.939713211738342835e+01 4.939713211738342835e+01 4.735373257065683106e+01
2.144907713620003520e+01 2.144907713620003520e+01 2.588714239006633377e+01 2.667329345627562986e+01 2.777363342758522435e+01 3.305089086842004775e+01 3.305089086842004775e+01 3.305089086842004775e+01 3.305089086842004775e+01 3.305089086842004775e+01 3.305089086842004775e+01 3.305089086842004775e+01 3.613337920809593840e+01 3.305089086842004775e+01
2.588714239006633377e+01 3.255690626568675583e+01 3.352221239503676742e+01 3.352221239503676742e+01 2.628170959798054795e+01 2.628170959798054795e+01 2.697882987816238654e+01 2.398565854866488323e+01 2.236190613797570137e+01 2.236190613797570137e+01 2.236190613797570137e+01 2.236190613797570137e+01 2.236190613797570137e+01 2.236190613797570137e+01
3.285897699452786469e+01 3.863651584168134434e+01 4.465747165659994522e+01 4.243680410334931707e+01 4.243680410334931707e+01 2.628170959798054795e+01 2.628170959798054795e+01 2.236190613797570137e+01 2.236190613797570137e+01 1.542099253067050313e+01 1.542099253067050313e+01 1.542099253067050313e+01 1.542099253067050313e+01 1.542099253067050313e+01
3.503567567916075376e+01 4.775920824796492070e+01 5.441245447305104221e+01 5.136777949110827990e+01 4.810627335786983139e+01 3.526309723171025468e+01 2.628170959798054795e+01 1.542099253067050313e+01 1.542099253067050313e+01 1.542099253067050313e+01 1.542099253067050313e+01 1.542099253067050313e+01 1.542099253067050313e+01 1.542099253067050313e+01
4.056470108315866696e+01 5.374175673041325751e+01 6.057761459250176017e+01 6.208499769905805721e+01 5.722041175202659247e+01 4.810627335786983139e+01 3.526309723171025468e+01 2.628170959798054795e+01 1.542099253067050313e+01 1.542099253067050313e+01 1.542099253067050313e+01 1.542099253067050313e+01 1.542099253067050313e+01 1.542099253067050313e+01
3.982445768224360449e+01 4.991518935521285272e+01 6.772872800606739929e+01 7.021971055865475364e+01 6.322277504999223652e+01 5.722041175202659247e+01 4.810627335786983139e+01 3.469781266913977191e+01 2.628170959798054795e+01 1.542099253067050313e+01 1.542099253067050313e+01 1.542099253067050313e+01 1.542099253067050313e+01 1.542099253067050313e+01
3.732313235112594185e+01 4.991518935521285272e+01 6.192010113694680484e+01 7.390234140800063756e+01 7.355844749074179845e+01 6.322277504999223652e+01 5.058302352747446662e+01 4.810627335786983139e+01 3.469781266913977191e+01 2.628170959798054795e+01 1.542099253067050313e+01 1.542099253067050313e+01 1.542099253067050313e+01 1.542099253067050313e+01
2.496229484777533969e+01 4.087174910637257597e+01 6.192010113694680484e+01 6.192010113694680484e+01 7.278574186425417736e+01 6.589813906204807381e+01 6.322277504999223652e+01 5.136777949110827990e+01 4.810627335786983139e+01 3.469781266913977191e+01 2.628170959798054795e+01 1.542099253067050313e+01 1.542099253067050313e+01 1.542099253067050313e+01
2.325476052806439142e+01 2.931565342159915843e+01 4.365470249687341919e+01 5.207160103861610878e+01 6.037259671355285207e+01 6.622607785614476938e+01 6.322277504999223652e+01 6.099958958614686821e+01 5.136777949110827990e+01 4.243680410334931707e+01 3.175388885094004365e+01 2.628170959798054795e+01 1.542099253067050313e+01 1.542099253067050313e+01
1.542099253067050313e+01 2.496229484777533969e+01 3.732313235112594185e+01 4.365470249687341919e+01 4.890637007730496322e+01 6.037259671355285207e+01 6.535513828820512572e+01 6.322277504999223652e+01 6.099958958614686821e+01 5.136777949110827990e+01 4.243680410334931707e+01 2.628170959798054795e+01 1.542099253067050313e+01 1.542099253067050313e+01
1.542099253067050313e+01 1.542099253067050313e+01 2.496229484777533969e+01 2.931565342159915843e+01 3.732313235112594185e+01 4.890637007730496322e+01 5.761559470203845734e+01 6.244568168778034334e+01 6.322277504999223652e+01 6.099958958614686821e+01 5.058302352747446662e+01 3.469781266913977191e+01 2.354561180966722844e+01 1.542099253067050313e+01
