1.589333482773712225e+00 1.589333482773712225e+00 1.589333482773712225e+00 2.176979778917394626e+01 7.738717201858642625e+01 6.697574277334953763e+01 1.435542746028941679e+02 3.689357171653247747e+01 3.689357171653247747e+01 4.580187788375489788e+01 7.738717201858642625e+01 1.107715371362803012e+02 6.888941341812859775e+01 1.850245839375112666e+00
1.589333482773712225e+00 1.589333482773712225e+00 1.589333482773712225e+00 1.863344037991506497e+00 9.947504255465696943e+00 5.541786285533587630e+01 4.965392080600970814e+00 2.567710876292102373e+00 1.850245839375112666e+00 1.863344037991506497e+00 9.947504255465696943e+00 7.738717201858642625e+01 9.250535634105845872e+01 6.888941341812859775e+01
1.589333482773712225e+00 1.589333482773712225e+00 1.589333482773712225e+00 1.589333482773712225e+00 1.863344037991506497e+00 4.104549919480613873e+00 1.850245839375112666e+00 1.850245839375112666e+00 1.850245839375112666e+00 1.589333482773712225e+00 2.476144318296366720e+00 8.293597221389363483e+01 1.387399736839248590e+02 6.888941341812859775e+01
1.589333482773712225e+00 1.589333482773712225e+00 1.589333482773712225e+00 1.589333482773712225e+00 1.589333482773712225e+00 1.850245839375112666e+00 1.850245839375112666e+00 1.589333482773712225e+00 1.589333482773712225e+00 1.589333482773712225e+00 1.589333482773712225e+00 3.141188232471117558e+00 1.580627038367384500e+02 1.560268232629254044e+02
1.589333482773712225e+00 1.589333482773712225e+00 1.589333482773712225e+00 1.589333482773712225e+00 1.589333482773712225e+00 1.589333482773712225e+00 1.589333482773712225e+00 1.589333482773712225e+00 1.589333482773712225e+00 1.589333482773712225e+00 1.589333482773712225e+00 8.293597221389363483e+01 1.580627038367384500e+02 1.560268232629254044e+02
1.589333482773712225e+00 1.589333482773712225e+00 1.589333482773712225e+00 1.589333482773712225e+00 1.589333482773712225e+00 1.589333482773712225e+00 1.589333482773712225e+00 1.589333482773712225e+00 1.589333482773712225e+00 1.589333482773712225e+00 1.589333482773712225e+00 8.293597221389363483e+01 1.580627038367384500e+02 7.981220444861367014e+01
1.589333482773712225e+00 1.589333482773712225e+00 1.589333482773712225e+00 1.589333482773712225e+00 2.073707641961571646e+00 1.589333482773712225e+00 2.476144318296366720e+00 2.986243547263968789e+00 2.674780289298992031e+00 2.674780289298992031e+00 3.496886298304635599e+00 1.555482203618284984e+02 1.580627038367384500e+02 7.981220444861367014e+01
1.589333482773712225e+00 2.674780289298992031e+00 2.674780289298992031e+00 2.674780289298992031e+00 2.674780289298992031e+00 2.674780289298992031e+00 2.986086797840771911e+00 5.681839891404220744e+00 2.674780289298992031e+00 4.920071898427118384e+01 1.195525126140515795e+02 1.555482203618284984e+02 1.552979333638847095e+02 7.981220444861367014e+01
2.674780289298992031e+00 4.920071898427118384e+01 8.580662024078561956e+01 7.842324911192790182e+01 7.842324911192790182e+01 7.842324911192790182e+01 7.842324911192790182e+01 7.842324911192790182e+01 1.544945487047969834e+02 1.397562742176679933e+02 1.172196506873423232e+02 1.580627038367384500e+02 1.563111050762567231e+02 7.981220444861367014e+01
1.544945487047969834e+02 1.397562742176679933e+02 1.544945487047969834e+02 1.544945487047969834e+02 1.555482203618284984e+02 1.568110290111475820e+02 1.555482203618284984e+02 1.560782184989785719e+02 1.555482203618284984e+02 1.435542746028941679e+02 1.435542746028941679e+02 1.577253118628295283e+02 1.577253118628295283e+02 5.475238893367608384e+00
1.580627038367384500e+02 1.580627038367384500e+02 1.580627038367384500e+02 1.577253118628295283e+02 1.577253118628295283e+02 1.577253118628295283e+02 1.577253118628295283e+02 1.577253118628295283e+02 1.435542746028941679e+02 1.265355167558200975e+02 3.689357171653247747e+01 4.580187788375489788e+01 4.965392080600970814e+00 2.073707641961571646e+00
1.577253118628295283e+02 1.577253118628295283e+02 1.577253118628295283e+02 1.577253118628295283e+02 1.435542746028941679e+02 1.577253118628295283e+02 1.435542746028941679e+02 1.262406989377307127e+02 3.689357171653247747e+01 4.580187788375489788e+01 1.850245839375112666e+00 1.850245839375112666e+00 1.850245839375112666e+00 1.850245839375112666e+00
1.577253118628295283e+02 1.435542746028941679e+02 1.435542746028941679e+02 1.262406989377307127e+02 3.689357171653247747e+01 4.580187788375489788e+01 5.541786285533587630e+01 4.580187788375489788e+01 1.850245839375112666e+00 1.850245839375112666e+00 1.850245839375112666e+00 1.589333482773712225e+00 1.589333482773712225e+00 1.589333482773712225e+00
5.541786285533587630e+01 3.689357171653247747e+01 8.064380880580986855e+01 4.965392080600970814e+00 1.850245839375112666e+00 1.850245839375112666e+00 1.850245839375112666e+00 1.850245839375112666e+00 1.850245839375112666e+00 1.589333482773712225e+00 1.589333482773712225e+00 1.589333482773712225e+00 1.589333482773712225e+00 1.589333482773712225e+00
