2.344978832937255220e+01 3.675462192466794420e+01 4.748570622206666059e+01 6.525262326260092038e+01 7.246446136839057317e+01 8.051597091188743605e+01 8.051597091188743605e+01 8.365724413540496585e+01 7.733586335087724706e+01 7.362998816063537788e+01 7.003590419869088635e+01 6.202273888433143867e+01 5.355021719676354763e+01 4.283832690314048364e+01
3.004091692468419694e+01 4.277891131317936413e+01 5.673441073656329081e+01 6.969307784074891288e+01 8.122333411005516268e+01 8.729111233836187012e+01 8.602847287451929503e+01 8.505888995683896781e+01 7.621789236604790574e+01 6.785550502431182451e+01 6.202273888433143867e+01 5.355021719676354763e+01 4.727425403019531558e+01 3.323260162523924066e+01
3.228588059638294538e+01 4.999473949873976864e+01 6.629464886179110295e+01 7.838488955154400628e+01 8.641127911744987955e+01 8.834059522733926428e+01 8.505888995683896781e+01 7.621789236604790574e+01 6.785550502431182451e+01 6.202273888433143867e+01 5.355021719676354763e+01 4.283832690314048364e+01 3.818950252179777038e+01 2.727104660687365723e+01
3.796246368755780054e+01 5.241778282947203138e+01 7.086108507876001283e+01 8.380706486395185095e+01 8.810615433398702123e+01 8.810615433398702123e+01 8.030797089644711662e+01 7.362998816063537788e+01 6.757944943562254991e+01 5.546826767134182745e+01 4.490074115822233836e+01 3.800350727464888223e+01 2.847329172505004635e+01 2.299331771575371164e+01
3.796246368755780054e+01 5.241778282947203138e+01 7.222216419156782763e+01 8.684450542270153051e+01 8.810615433398702123e+01 8.810615433398702123e+01 8.278312152308967597e+01 7.608325832075973949e+01 6.806485859263955263e+01 5.720099184569695439e+01 4.876491478729406737e+01 3.834740959946546468e+01 2.931657326131780295e+01 2.329451150387865965e+01
3.744605818537794306e+01 5.511145276148086936e+01 7.222216419156782763e+01 8.518911456391633408e+01 8.834059522733926428e+01 8.810615433398702123e+01 8.810615433398702123e+01 8.365724413540496585e+01 7.608325832075973949e+01 6.806485859263955263e+01 5.489060708135207989e+01 4.421875147029712139e+01 3.432061282638556321e+01 2.738472995290051415e+01
3.788277646337393634e+01 5.426747143733947354e+01 6.746530062338723610e+01 7.903968954815319137e+01 8.558110558170746174e+01 8.834059522733926428e+01 8.558110558170746174e+01 8.505888995683896781e+01 7.492700806634285016e+01 7.362998816063537788e+01 6.114879676107006645e+01 5.150751870016534184e+01 4.421875147029712139e+01 3.345737236635119416e+01
3.089734867577282529e+01 4.253260336922389229e+01 5.426747143733947354e+01 6.746530062338723610e+01 7.641102891083566817e+01 7.641102891083566817e+01 7.641102891083566817e+01 7.621789236604790574e+01 7.136815085207689435e+01 7.176958466025463679e+01 6.474010205219906311e+01 5.870271862170708488e+01 4.672712962316768426e+01 3.834740959946546468e+01
2.323511397751568808e+01 3.322093473646240369e+01 4.381596246013310036e+01 5.470308321436824173e+01 5.470308321436824173e+01 5.899242062323633462e+01 5.899242062323633462e+01 5.899242062323633462e+01 6.249418854025513070e+01 6.249418854025513070e+01 6.590157299245579736e+01 6.474010205219906311e+01 5.489060708135207989e+01 4.672712962316768426e+01
2.025696973751074381e+01 2.323511397751568808e+01 3.484101822103106372e+01 4.381596246013310036e+01 4.756723695525482754e+01 4.756723695525482754e+01 4.756723695525482754e+01 4.756723695525482754e+01 4.880042878862845157e+01 5.139663274229836532e+01 5.759016593215273616e+01 6.290127443247300221e+01 6.094788724662303991e+01 5.150751870016534184e+01
1.695672245240581688e+01 2.323511397751568808e+01 2.507138706158189478e+01 3.322093473646240369e+01 3.310559562334120187e+01 3.350119458488929070e+01 3.441471061555042610e+01 3.322093473646240369e+01 3.734716217153546580e+01 4.583503502392150608e+01 5.798558163153492728e+01 6.136419983166420877e+01 6.474010205219906311e+01 5.211950347936440409e+01
1.877890350778820761e+01 2.178711771701550504e+01 2.640731286870060046e+01 3.251399029034904231e+01 3.462673109704419971e+01 3.274173463363529635e+01 3.274173463363529635e+01 3.062583771277562406e+01 3.504486789683335246e+01 4.317911192173303192e+01 5.480820024437635851e+01 6.154799381333552333e+01 6.290127443247300221e+01 5.720099184569695439e+01
2.178711771701550504e+01 2.794232681241258476e+01 3.364367448066261090e+01 3.915207957714218168e+01 4.261743439754786777e+01 4.104856468592274155e+01 3.354750743654665257e+01 3.354750743654665257e+01 4.080902666266129586e+01 4.854916593671967462e+01 5.969751333772483548e+01 6.694178846233150182e+01 6.806485859263955263e+01 5.667177514220234258e+01
2.344978832937255220e+01 3.228588059638294538e+01 4.399893291783650540e+01 5.047826101361331297e+01 5.609967058736025081e+01 5.609967058736025081e+01 4.916501334428203052e+01 4.916501334428203052e+01 5.047826101361331297e+01 5.886388699849842965e+01 6.694178846233150182e+01 7.118223715208995372e+01 6.757944943562254991e+01 5.667177514220234258e+01
