1.589333482773712225e+00 1.589333482773712225e+00 1.589333482773712225e+00 1.589333482773712225e+00 1.589333482773712225e+00 1.850245839375112666e+00 1.851761834146205210e+00 1.850245839375112666e+00 6.006490993686674074e+01 7.345097497090701211e+01 1.107715371362803012e+02 1.562369205883770178e+02 1.591652663913326080e+02 1.569379460133689008e+02
1.589333482773712225e+00 1.589333482773712225e+00 1.589333482773712225e+00 1.589333482773712225e+00 1.850245839375112666e+00 1.850245839375112666e+00 1.850245839375112666e+00 1.850245839375112666e+00 1.850245839375112666e+00 2.476144318296366720e+00 1.556400844006978446e+02 1.472988338878242018e+02 1.591652663913326080e+02 1.569379460133689008e+02
1.589333482773712225e+00 1.589333482773712225e+00 1.589333482773712225e+00 1.589333482773712225e+00 1.589333482773712225e+00 1.850245839375112666e+00 1.850245839375112666e+00 1.850245839375112666e+00 1.589333482773712225e+00 3.141188232471117558e+00 8.293597221389363483e+01 1.562369205883770178e+02 1.574579089726649102e+02 7.981220444861367014e+01
1.589333482773712225e+00 1.589333482773712225e+00 1.589333482773712225e+00 1.589333482773712225e+00 1.589333482773712225e+00 1.850245839375112666e+00 1.589333482773712225e+00 2.674780289298992031e+00 2.674780289298992031e+00 5.681839891404220744e+00 1.562369205883770178e+02 1.591652663913326080e+02 1.569379460133689008e+02 1.850245839375112666e+00
1.589333482773712225e+00 1.589333482773712225e+00 1.589333482773712225e+00 1.589333482773712225e+00 1.589333482773712225e+00 1.589333482773712225e+00 2.476144318296366720e+00 3.141188232471117558e+00 8.580662024078561956e+01 1.555482203618284984e+02 1.562369205883770178e+02 1.574579089726649102e+02 5.475238893367608384e+00 1.850245839375112666e+00
1.589333482773712225e+00 1.589333482773712225e+00 1.589333482773712225e+00 1.589333482773712225e+00 1.589333482773712225e+00 1.589333482773712225e+00 2.476144318296366720e+00 1.746256709674040764e+01 1.452280819713968469e+02 1.562369205883770178e+02 1.591652663913326080e+02 7.981220444861367014e+01 1.850245839375112666e+00 1.851761834146205210e+00
1.589333482773712225e+00 1.589333482773712225e+00 1.589333482773712225e+00 1.850245839375112666e+00 1.850245839375112666e+00 1.851761834146205210e+00 1.851761834146205210e+00 2.476144318296366720e+00 3.689357171653247747e+01 4.580187788375489788e+01 6.006490993686674074e+01 2.029665377933823400e+00 1.850245839375112666e+00 1.589333482773712225e+00
1.589333482773712225e+00 1.589333482773712225e+00 1.589333482773712225e+00 1.850245839375112666e+00 1.851761834146205210e+00 1.851761834146205210e+00 1.589333482773712225e+00 1.850245839375112666e+00 1.850245839375112666e+00 2.476144318296366720e+00 1.851761834146205210e+00 1.850245839375112666e+00 1.851761834146205210e+00 1.589333482773712225e+00
1.589333482773712225e+00 1.589333482773712225e+00 1.850245839375112666e+00 1.851761834146205210e+00 1.851761834146205210e+00 1.589333482773712225e+00 1.589333482773712225e+00 1.589333482773712225e+00 1.850245839375112666e+00 1.589333482773712225e+00 2.029665377933823400e+00 1.850245839375112666e+00 1.589333482773712225e+00 1.589333482773712225e+00
1.589333482773712225e+00 1.589333482773712225e+00 1.850245839375112666e+00 1.851761834146205210e+00 1.589333482773712225e+00 1.589333482773712225e+00 1.589333482773712225e+00 1.589333482773712225e+00 1.850245839375112666e+00 1.851761834146205210e+00 1.850245839375112666e+00 1.850245839375112666e+00 1.589333482773712225e+00 1.589333482773712225e+00
1.850245839375112666e+00 1.851761834146205210e+00 1.850245839375112666e+00 1.589333482773712225e+00 1.589333482773712225e+00 1.589333482773712225e+00 1.589333482773712225e+00 1.589333482773712225e+00 1.589333482773712225e+00 1.589333482773712225e+00 1.850245839375112666e+00 1.851761834146205210e+00 1.589333482773712225e+00 1.589333482773712225e+00
2.019586739786674467e+00 1.850245839375112666e+00 1.850245839375112666e+00 1.589333482773712225e+00 1.589333482773712225e+00 1.589333482773712225e+00 1.589333482773712225e+00 1.589333482773712225e+00 1.589333482773712225e+00 1.589333482773712225e+00 1.589333482773712225e+00 1.851761834146205210e+00 1.589333482773712225e+00 1.589333482773712225e+00
7.842324911192790182e+01 2.019586739786674467e+00 2.019586739786674467e+00 2.674780289298992031e+00 2.019586739786674467e+00 1.850245839375112666e+00 1.589333482773712225e+00 1.589333482773712225e+00 1.589333482773712225e+00 1.589333482773712225e+00 1.589333482773712225e+00 1.589333482773712225e+00 1.589333482773712225e+00 1.589333482773712225e+00
1.564764520439981084e+02 7.842324911192790182e+01 6.537437283341435545e+01 8.188867866602425494e+00 5.681839891404220744e+00 2.019586739786674467e+00 1.850245839375112666e+00 1.850245839375112666e+00 1.851761834146205210e+00 1.589333482773712225e+00 1.589333482773712225e+00 1.589333482773712225e+00 1.589333482773712225e+00 1.589333482773712225e+00
