5.682490736661330999e+01 6.723128307485227140e+01 6.647146769750717965e+01 8.091511112781898873e+01 8.091511112781898873e+01 8.091511112781898873e+01 8.091511112781898873e+01 8.091511112781898873e+01 8.091511112781898873e+01 8.091511112781898873e+01 7.378040800510243002e+01 6.983094927840723187e+01 4.810574762557450867e+01 3.526309723171025468e+01
6.723128307485227140e+01 8.091511112781898873e+01 8.692320408397262099e+01 9.150035675970542570e+01 9.600637108363879690e+01 9.600637108363879690e+01 9.600637108363879690e+01 0.000000000000000000e+00 8.749924198687982368e+01 9.150035675970542570e+01 8.430517260306932315e+01 8.430517260306932315e+01 6.081402654721120626e+01 4.226787399640446097e+01
7.274854914062731837e+01 8.313192451720793485e+01 9.150035675970542570e+01 9.600637108363879690e+01 0.000000000000000000e+00 0.000000000000000000e+00 0.000000000000000000e+00 0.000000000000000000e+00 9.600637108363879690e+01 9.600637108363879690e+01 9.600637108363879690e+01 8.749924198687982368e+01 6.983094927840723187e+01 5.119031026631098769e+01
6.998925968477408333e+01 7.848999649688636282e+01 9.150035675970542570e+01 9.600637108363879690e+01 9.600637108363879690e+01 9.600637108363879690e+01 9.600637108363879690e+01 9.600637108363879690e+01 9.600637108363879690e+01 9.600637108363879690e+01 9.600637108363879690e+01 9.600637108363879690e+01 8.240353568234165493e+01 5.119031026631098769e+01
5.720586512303491844e+01 6.295102956109495551e+01 7.391108293958131981e+01 7.619155477230987117e+01 7.685870398387379510e+01 7.391108293958131981e+01 7.770548885786330118e+01 8.313192451720793485e+01 9.150035675970542570e+01 0.000000000000000000e+00 0.000000000000000000e+00 9.600637108363879690e+01 8.240353568234165493e+01 6.266452515688513358e+01
3.770778057158939589e+01 5.227965575415557709e+01 5.164922740495267561e+01 5.227965575415557709e+01 5.374263806168386282e+01 5.227965575415557709e+01 6.037259671355285207e+01 7.391108293958131981e+01 8.313192451720793485e+01 9.600637108363879690e+01 0.000000000000000000e+00 9.600637108363879690e+01 8.240353568234165493e+01 6.266452515688513358e+01
3.305089086842004775e+01 3.305089086842004775e+01 3.305089086842004775e+01 3.305089086842004775e+01 3.305089086842004775e+01 3.770778057158939589e+01 4.871469062199381028e+01 6.772958756288429072e+01 7.848999649688636282e+01 9.150035675970542570e+01 9.600637108363879690e+01 9.600637108363879690e+01 8.009106746657977283e+01 5.312451188641799149e+01
2.232138256000804688e+01 2.232138256000804688e+01 2.232138256000804688e+01 2.404286806235423057e+01 2.705509887659587065e+01 3.770778057158939589e+01 3.770778057158939589e+01 5.761559470203845734e+01 7.848999649688636282e+01 9.150035675970542570e+01 9.600637108363879690e+01 8.749924198687982368e+01 7.328159946614509579e+01 5.312451188641799149e+01
1.273393478705237669e+01 1.273393478705237669e+01 1.273393478705237669e+01 2.166211900657520673e+01 2.166211900657520673e+01 2.789786992165028323e+01 4.621958524637923915e+01 5.887263617321858789e+01 8.313192451720793485e+01 9.600637108363879690e+01 9.600637108363879690e+01 8.388996591228502098e+01 6.737994550275789152e+01 4.387385279561299001e+01
1.273393478705237669e+01 1.273393478705237669e+01 1.273393478705237669e+01 2.166211900657520673e+01 2.322774200060086613e+01 3.502170507429325852e+01 5.021275913746300290e+01 6.682465360686418876e+01 8.313192451720793485e+01 9.600637108363879690e+01 8.860982927787740948e+01 8.009106746657977283e+01 6.266452515688513358e+01 4.226787399640446097e+01
1.273393478705237669e+01 1.273393478705237669e+01 1.273393478705237669e+01 2.166211900657520673e+01 2.789786992165028323e+01 4.367373857731382003e+01 5.540524566877417811e+01 7.274854914062731837e+01 8.692320408397262099e+01 9.600637108363879690e+01 8.749924198687982368e+01 7.619155477230987117e+01 5.312451188641799149e+01 3.546415795043099450e+01
1.273393478705237669e+01 1.273393478705237669e+01 1.273393478705237669e+01 2.166211900657520673e+01 3.195757030912174912e+01 5.021275913746300290e+01 6.772958756288429072e+01 8.313192451720793485e+01 9.150035675970542570e+01 8.749924198687982368e+01 8.240353568234165493e+01 6.464422591041210353e+01 4.387385279561299001e+01 3.546415795043099450e+01
1.273393478705237669e+01 1.273393478705237669e+01 2.166211900657520673e+01 2.521369300670077962e+01 3.625755788125747614e+01 5.426396690622460994e+01 7.274854914062731837e+01 8.692320408397262099e+01 9.600637108363879690e+01 8.749924198687982368e+01 7.619155477230987117e+01 5.312451188641799149e+01 4.226787399640446097e+01 2.936928531635449247e+01
1.273393478705237669e+01 1.273393478705237669e+01 2.166211900657520673e+01 3.001394119773546265e+01 4.621958524637923915e+01 5.887263617321858789e+01 8.313192451720793485e+01 9.150035675970542570e+01 9.600637108363879690e+01 8.388996591228502098e+01 6.737994550275789152e+01 5.119031026631098769e+01 3.240949085750929726e+01 2.232138256000804688e+01
