4.279275205564257334e+01 5.844597469594899763e+01 7.416586900401411242e+01 8.078414435607916744e+01 8.457312176905855949e+01 8.178234134834602287e+01 7.802182607286491134e+01 7.802182607286491134e+01 7.802182607286491134e+01 7.770269792442243784e+01 7.641102891083566817e+01 7.909175667494422157e+01 8.558110558170746174e+01 8.248006162210936054e+01
5.422583267836476750e+01 6.636271732378294530e+01 8.078414435607916744e+01 8.852757357516071579e+01 8.505695542959730915e+01 7.654207500124496732e+01 7.624648064423564620e+01 6.785550502431182451e+01 6.785550502431182451e+01 6.936853839226179730e+01 7.345624437224370240e+01 7.782893462458306999e+01 8.043676504279252981e+01 8.327682344962180139e+01
5.621474520362075111e+01 7.376377800587539468e+01 8.580296101055662916e+01 8.769866114690650249e+01 8.338001751629109037e+01 7.169704325698117486e+01 6.785550502431182451e+01 6.220693747168862586e+01 6.205951634080432200e+01 6.205951634080432200e+01 6.772859036636033636e+01 7.286958076077748103e+01 8.043676504279252981e+01 7.733586335087724706e+01
6.303581678687888257e+01 7.983546031888228356e+01 8.957472150547174294e+01 8.938672771856279553e+01 8.248006162210936054e+01 6.755710491278811958e+01 6.466051941243563306e+01 5.978138860492802564e+01 5.978138860492802564e+01 6.601506423843994753e+01 6.887232017525417405e+01 7.756407290461254433e+01 7.909175667494422157e+01 7.395325540277843857e+01
6.303581678687888257e+01 7.999050834554125800e+01 8.957472150547174294e+01 8.938672771856279553e+01 8.248006162210936054e+01 7.600170271045028869e+01 6.876283954318508052e+01 6.442839467087554794e+01 7.246446136839057317e+01 7.246446136839057317e+01 7.665029510811862679e+01 7.893166837186761597e+01 7.733586335087724706e+01 6.974619596140118460e+01
6.303581678687888257e+01 7.919984485058573398e+01 9.006753258301270648e+01 9.510923574630510302e+01 9.675142807943306877e+01 9.374010425169572613e+01 9.038093819252975436e+01 8.371052746413738532e+01 8.926885489561281872e+01 8.926885489561281872e+01 9.038093819252975436e+01 8.278336041109319865e+01 7.654207500124496732e+01 6.483352269987913985e+01
5.510641182832056728e+01 7.221617231970822104e+01 9.006753258301270648e+01 1.015804188115203743e+02 1.053485693201913023e+02 1.023324183034076924e+02 1.023324183034076924e+02 1.023324183034076924e+02 1.023324183034076924e+02 1.023324183034076924e+02 9.618109611188715746e+01 8.987035192069834011e+01 7.796704601067915519e+01 5.879230683409223701e+01
5.019303853828463247e+01 7.221617231970822104e+01 8.518132350843316658e+01 1.019834413438034630e+02 1.108223666253781090e+02 1.108223666253781090e+02 1.108223666253781090e+02 1.108223666253781090e+02 1.108223666253781090e+02 1.108223666253781090e+02 1.023324183034076924e+02 9.255307591301767900e+01 7.796704601067915519e+01 5.788840653957058180e+01
5.029827421726489689e+01 6.568281325754199429e+01 8.518132350843316658e+01 1.019834413438034630e+02 1.072703262441643091e+02 1.072703262441643091e+02 1.072703262441643091e+02 1.072703262441643091e+02 1.072703262441643091e+02 1.072703262441643091e+02 1.060783753340079443e+02 9.675142807943306877e+01 7.796704601067915519e+01 6.246425651889532560e+01
4.633048950072192440e+01 6.568281325754199429e+01 7.999050834554125800e+01 9.354784984740649634e+01 9.899825925164651608e+01 9.407963081441243958e+01 9.407963081441243958e+01 9.407963081441243958e+01 9.489972443874518149e+01 9.628496825069217380e+01 9.899825925164651608e+01 9.579937713295380775e+01 8.422169629564847071e+01 6.442212294858927635e+01
5.241778282947203138e+01 6.636271732378294530e+01 8.064060367824387754e+01 8.732931087358421962e+01 8.505695542959730915e+01 8.010756757340840295e+01 7.539630248717691074e+01 7.539630248717691074e+01 7.539630248717691074e+01 8.493168592541853457e+01 9.354784984740649634e+01 9.390567892906652503e+01 8.327682344962180139e+01 6.442212294858927635e+01
5.241778282947203138e+01 7.221617231970822104e+01 8.379968758043588650e+01 8.617210182363068327e+01 7.976400554800969189e+01 6.706568238052163622e+01 6.070842349833871054e+01 6.242735440911350508e+01 6.370239743185522485e+01 7.829527471168701425e+01 8.518132350843316658e+01 8.818696706517442863e+01 8.240364643249105825e+01 6.414783324249827956e+01
5.510641182832056728e+01 7.221617231970822104e+01 8.379968758043588650e+01 8.810615433398702123e+01 7.877089220111371048e+01 6.520120250479057233e+01 5.685224518016519113e+01 5.700726645253847380e+01 5.833995552262445017e+01 7.099662277539917454e+01 7.852869029639275311e+01 8.178234134834602287e+01 7.612417918573133591e+01 6.461472334607370271e+01
5.019303853828463247e+01 7.221617231970822104e+01 8.043676504279252981e+01 8.558110558170746174e+01 8.248006162210936054e+01 6.876283954318508052e+01 6.114879676107006645e+01 5.772740915022864527e+01 6.477564279614051657e+01 6.887232017525417405e+01 7.756407290461254433e+01 7.802182607286491134e+01 7.169704325698117486e+01 6.129227141216873775e+01
