3.376633168118821970e+01 4.448305731438778565e+01 5.482898261370938542e+01 6.369317689079979061e+01 6.707238524416627001e+01 6.661227543170507204e+01 6.369317689079979061e+01 6.130087145603634724e+01 6.130087145603634724e+01 6.369317689079979061e+01 6.369317689079979061e+01 6.661227543170507204e+01 7.107292656566220046e+01 7.107292656566220046e+01
3.761538319161986976e+01 4.784671588755824700e+01 6.130087145603634724e+01 7.107292656566220046e+01 7.449387819114855347e+01 7.107292656566220046e+01 6.661227543170507204e+01 6.369317689079979061e+01 6.130087145603634724e+01 6.487655806873289066e+01 7.107292656566220046e+01 7.449387819114855347e+01 7.883075392660894920e+01 8.141899166146282596e+01
3.761538319161986976e+01 4.784671588755824700e+01 5.846263792748785448e+01 6.369317689079979061e+01 6.487655806873289066e+01 6.369317689079979061e+01 5.846263792748785448e+01 5.262713333200321131e+01 5.262713333200321131e+01 5.482898261370938542e+01 6.369317689079979061e+01 7.449387819114855347e+01 8.653347660041589506e+01 8.653347660041589506e+01
3.376633168118821970e+01 3.910072415817848679e+01 5.086429892863524316e+01 5.086429892863524316e+01 5.086429892863524316e+01 5.086429892863524316e+01 4.448305731438778565e+01 3.910072415817848679e+01 3.910072415817848679e+01 4.784671588755824700e+01 5.846263792748785448e+01 7.107292656566220046e+01 8.262846630875426968e+01 8.653347660041589506e+01
2.606111703623522757e+01 3.081961747463809331e+01 3.376633168118821970e+01 3.761538319161986976e+01 3.376633168118821970e+01 3.376633168118821970e+01 3.081961747463809331e+01 2.950203571946404324e+01 3.376633168118821970e+01 4.448305731438778565e+01 5.482898261370938542e+01 7.107292656566220046e+01 8.141899166146282596e+01 8.331264480913907278e+01
1.096892216440653556e+01 2.232045164731794884e+01 2.334198026168997586e+01 2.606111703623522757e+01 2.606111703623522757e+01 2.334198026168997586e+01 2.606111703623522757e+01 2.847069351918760560e+01 3.761538319161986976e+01 4.784671588755824700e+01 6.130087145603634724e+01 7.107292656566220046e+01 7.883075392660894920e+01 7.612861495934690481e+01
1.096892216440653556e+01 1.096892216440653556e+01 1.096892216440653556e+01 1.096892216440653556e+01 1.096892216440653556e+01 2.195535829403841532e+01 2.606111703623522757e+01 3.376633168118821970e+01 4.448305731438778565e+01 5.846263792748785448e+01 6.661227543170507204e+01 7.246546819752730073e+01 7.107292656566220046e+01 6.369317689079979061e+01
1.096892216440653556e+01 1.096892216440653556e+01 1.096892216440653556e+01 1.096892216440653556e+01 1.096892216440653556e+01 2.606111703623522757e+01 3.376633168118821970e+01 4.448305731438778565e+01 5.846263792748785448e+01 6.735951668925211777e+01 7.449387819114855347e+01 7.107292656566220046e+01 6.369317689079979061e+01 5.086429892863524316e+01
1.096892216440653556e+01 1.096892216440653556e+01 1.096892216440653556e+01 1.096892216440653556e+01 2.334198026168997586e+01 3.376633168118821970e+01 4.448305731438778565e+01 5.846263792748785448e+01 7.107292656566220046e+01 7.449387819114855347e+01 7.612861495934690481e+01 6.487655806873289066e+01 5.262713333200321131e+01 3.910072415817848679e+01
1.096892216440653556e+01 1.096892216440653556e+01 1.096892216440653556e+01 2.334198026168997586e+01 3.376633168118821970e+01 4.448305731438778565e+01 5.846263792748785448e+01 7.107292656566220046e+01 7.883075392660894920e+01 7.673188488393640228e+01 7.107292656566220046e+01 5.482898261370938542e+01 4.448305731438778565e+01 3.081961747463809331e+01
1.096892216440653556e+01 1.096892216440653556e+01 2.334198026168997586e+01 3.376633168118821970e+01 4.448305731438778565e+01 5.482898261370938542e+01 7.107292656566220046e+01 7.449387819114855347e+01 7.673188488393640228e+01 7.107292656566220046e+01 5.846263792748785448e+01 4.448305731438778565e+01 3.376633168118821970e+01 2.334198026168997586e+01
1.096892216440653556e+01 2.334198026168997586e+01 3.376633168118821970e+01 4.448305731438778565e+01 5.482898261370938542e+01 6.661227543170507204e+01 7.449387819114855347e+01 7.366656239959807806e+01 7.107292656566220046e+01 5.846263792748785448e+01 5.086429892863524316e+01 3.376633168118821970e+01 2.334198026168997586e+01 1.096892216440653556e+01
2.606111703623522757e+01 3.376633168118821970e+01 4.448305731438778565e+01 5.482898261370938542e+01 6.487655806873289066e+01 7.449387819114855347e+01 7.449387819114855347e+01 6.487655806873289066e+01 5.482898261370938542e+01 4.448305731438778565e+01 3.376633168118821970e+01 2.606111703623522757e+01 1.096892216440653556e+01 1.096892216440653556e+01
3.761538319161986976e+01 4.448305731438778565e+01 5.846263792748785448e+01 6.707238524416627001e+01 7.449387819114855347e+01 7.449387819114855347e+01 6.487655806873289066e+01 5.482898261370938542e+01 4.448305731438778565e+01 3.376633168118821970e+01 2.606111703623522757e+01 1.096892216440653556e+01 1.096892216440653556e+01 1.096892216440653556e+01
