1.589333482773712225e+00 1.631327368262521560e+00 1.697384880109645833e+00 1.697384880109645833e+00 4.023761670430924475e+00 6.506639882991224866e+00 7.643514495997018798e+01 4.580187788375489788e+01 4.031390142215419026e+00 1.850245839375112666e+00 1.851761834146205210e+00 1.631327368262521560e+00 1.697384880109645833e+00 1.704949649950225909e+00
1.589333482773712225e+00 1.631327368262521560e+00 1.589333482773712225e+00 3.141188232471117558e+00 2.794286636527202550e+00 1.850245839375112666e+00 1.851761834146205210e+00 1.850245839375112666e+00 1.631327368262521560e+00 1.631327368262521560e+00 1.704949649950225909e+00 1.697384880109645833e+00 1.631327368262521560e+00 1.631327368262521560e+00
1.589333482773712225e+00 1.710732980955257831e+00 2.675367228783234630e+00 1.850245839375112666e+00 1.631327368262521560e+00 1.631327368262521560e+00 1.631327368262521560e+00 1.589333482773712225e+00 1.631327368262521560e+00 1.631327368262521560e+00 1.589333482773712225e+00 1.589333482773712225e+00 1.631327368262521560e+00 1.631327368262521560e+00
1.589333482773712225e+00 1.589333482773712225e+00 1.631327368262521560e+00 1.631327368262521560e+00 1.631327368262521560e+00 1.589333482773712225e+00 1.589333482773712225e+00 1.589333482773712225e+00 1.589333482773712225e+00 1.631327368262521560e+00 1.589333482773712225e+00 1.850245839375112666e+00 1.631327368262521560e+00 1.631327368262521560e+00
1.631327368262521560e+00 1.704949649950225909e+00 1.631327368262521560e+00 1.631327368262521560e+00 1.589333482773712225e+00 1.589333482773712225e+00 1.589333482773712225e+00 1.589333482773712225e+00 1.589333482773712225e+00 1.631327368262521560e+00 1.631327368262521560e+00 1.589333482773712225e+00 1.631327368262521560e+00 1.589333482773712225e+00
1.631327368262521560e+00 1.589333482773712225e+00 1.631327368262521560e+00 1.631327368262521560e+00 1.589333482773712225e+00 1.631327368262521560e+00 1.589333482773712225e+00 1.589333482773712225e+00 1.589333482773712225e+00 1.589333482773712225e+00 1.631327368262521560e+00 1.589333482773712225e+00 1.589333482773712225e+00 1.589333482773712225e+00
1.631327368262521560e+00 1.850245839375112666e+00 1.631327368262521560e+00 1.631327368262521560e+00 1.704949649950225909e+00 1.631327368262521560e+00 1.589333482773712225e+00 1.589333482773712225e+00 1.589333482773712225e+00 1.631327368262521560e+00 1.631327368262521560e+00 1.589333482773712225e+00 1.589333482773712225e+00 1.589333482773712225e+00
1.589333482773712225e+00 1.850245839375112666e+00 1.631327368262521560e+00 1.631327368262521560e+00 1.704949649950225909e+00 1.631327368262521560e+00 1.589333482773712225e+00 1.589333482773712225e+00 1.589333482773712225e+00 1.589333482773712225e+00 1.631327368262521560e+00 1.631327368262521560e+00 1.589333482773712225e+00 1.589333482773712225e+00
1.589333482773712225e+00 1.850245839375112666e+00 1.631327368262521560e+00 1.631327368262521560e+00 1.589333482773712225e+00 1.589333482773712225e+00 1.589333482773712225e+00 1.589333482773712225e+00 1.589333482773712225e+00 1.589333482773712225e+00 1.631327368262521560e+00 1.631327368262521560e+00 1.589333482773712225e+00 1.589333482773712225e+00
1.589333482773712225e+00 1.631327368262521560e+00 1.631327368262521560e+00 1.631327368262521560e+00 1.589333482773712225e+00 1.589333482773712225e+00 1.589333482773712225e+00 1.589333482773712225e+00 1.589333482773712225e+00 1.589333482773712225e+00 1.631327368262521560e+00 1.589333482773712225e+00 1.631327368262521560e+00 1.631327368262521560e+00
1.589333482773712225e+00 1.631327368262521560e+00 1.631327368262521560e+00 1.631327368262521560e+00 1.589333482773712225e+00 1.589333482773712225e+00 1.589333482773712225e+00 1.589333482773712225e+00 1.589333482773712225e+00 1.589333482773712225e+00 1.589333482773712225e+00 1.589333482773712225e+00 1.631327368262521560e+00 1.631327368262521560e+00
1.589333482773712225e+00 1.631327368262521560e+00 1.631327368262521560e+00 1.631327368262521560e+00 1.631327368262521560e+00 1.589333482773712225e+00 1.589333482773712225e+00 1.589333482773712225e+00 1.631327368262521560e+00 1.589333482773712225e+00 2.396400471972329971e+00 1.850245839375112666e+00 1.631327368262521560e+00 1.631327368262521560e+00
1.589333482773712225e+00 3.341179757723959654e+01 4.997160835585831684e+00 2.396400471972329971e+00 1.631327368262521560e+00 1.631327368262521560e+00 1.631327368262521560e+00 1.589333482773712225e+00 1.631327368262521560e+00 1.710732980955257831e+00 1.631327368262521560e+00 1.631327368262521560e+00 1.631327368262521560e+00 1.631327368262521560e+00
1.589333482773712225e+00 9.947504255465696943e+00 2.966562058618896103e+00 2.638195130186635318e+00 1.631327368262521560e+00 1.631327368262521560e+00 1.710732980955257831e+00 1.753154676049083704e+00 1.697384880109645833e+00 1.850245839375112666e+00 1.631327368262521560e+00 1.631327368262521560e+00 1.631327368262521560e+00 1.589333482773712225e+00
