1.589333482773712225e+00 1.631327368262521560e+00 1.589333482773712225e+00 1.631327368262521560e+00 1.589333482773712225e+00 1.589333482773712225e+00 1.704949649950225909e+00 2.476144318296366720e+00 3.264748503160791415e+01 1.206649741408067769e+02 5.879849207685252566e+01 1.631327368262521560e+00 1.631327368262521560e+00 1.589333482773712225e+00
1.589333482773712225e+00 1.589333482773712225e+00 1.631327368262521560e+00 1.589333482773712225e+00 1.589333482773712225e+00 1.697384880109645833e+00 1.631327368262521560e+00 1.589333482773712225e+00 3.141188232471117558e+00 1.042662056684622485e+01 3.760292923035191137e+01 1.631327368262521560e+00 1.631327368262521560e+00 1.589333482773712225e+00
1.589333482773712225e+00 1.589333482773712225e+00 1.631327368262521560e+00 1.589333482773712225e+00 1.589333482773712225e+00 1.589333482773712225e+00 1.631327368262521560e+00 1.589333482773712225e+00 2.476144318296366720e+00 4.433821124253929824e+00 1.631327368262521560e+00 1.631327368262521560e+00 1.589333482773712225e+00 1.589333482773712225e+00
1.589333482773712225e+00 1.589333482773712225e+00 1.589333482773712225e+00 1.589333482773712225e+00 1.589333482773712225e+00 1.589333482773712225e+00 1.631327368262521560e+00 1.589333482773712225e+00 3.496886298304635599e+00 1.631327368262521560e+00 1.631327368262521560e+00 1.704949649950225909e+00 1.589333482773712225e+00 1.589333482773712225e+00
1.589333482773712225e+00 1.589333482773712225e+00 1.589333482773712225e+00 1.589333482773712225e+00 1.589333482773712225e+00 1.631327368262521560e+00 1.589333482773712225e+00 1.704949649950225909e+00 2.794286636527202550e+00 1.631327368262521560e+00 1.631327368262521560e+00 1.589333482773712225e+00 1.589333482773712225e+00 1.589333482773712225e+00
1.589333482773712225e+00 1.589333482773712225e+00 1.589333482773712225e+00 1.589333482773712225e+00 1.631327368262521560e+00 1.589333482773712225e+00 1.697384880109645833e+00 2.794286636527202550e+00 1.631327368262521560e+00 1.631327368262521560e+00 1.589333482773712225e+00 1.589333482773712225e+00 1.589333482773712225e+00 1.589333482773712225e+00
1.631327368262521560e+00 1.631327368262521560e+00 1.589333482773712225e+00 1.589333482773712225e+00 1.589333482773712225e+00 1.697384880109645833e+00 2.396400471972329971e+00 1.631327368262521560e+00 1.631327368262521560e+00 1.589333482773712225e+00 1.589333482773712225e+00 1.589333482773712225e+00 1.589333482773712225e+00 1.589333482773712225e+00
1.589333482773712225e+00 1.589333482773712225e+00 1.589333482773712225e+00 1.589333482773712225e+00 1.697384880109645833e+00 3.141188232471117558e+00 1.631327368262521560e+00 1.631327368262521560e+00 1.589333482773712225e+00 1.589333482773712225e+00 1.589333482773712225e+00 1.589333482773712225e+00 1.631327368262521560e+00 1.589333482773712225e+00
1.589333482773712225e+00 1.589333482773712225e+00 1.589333482773712225e+00 1.697384880109645833e+00 5.018680626866109051e+00 2.794286636527202550e+00 1.631327368262521560e+00 1.631327368262521560e+00 1.589333482773712225e+00 1.589333482773712225e+00 1.589333482773712225e+00 1.631327368262521560e+00 1.631327368262521560e+00 1.589333482773712225e+00
1.631327368262521560e+00 2.396400471972329971e+00 1.697384880109645833e+00 4.023761670430924475e+00 2.794286636527202550e+00 1.631327368262521560e+00 1.631327368262521560e+00 1.589333482773712225e+00 1.589333482773712225e+00 1.589333482773712225e+00 1.589333482773712225e+00 1.631327368262521560e+00 1.631327368262521560e+00 1.589333482773712225e+00
2.396400471972329971e+00 2.638195130186635318e+00 3.141188232471117558e+00 1.631327368262521560e+00 1.631327368262521560e+00 1.631327368262521560e+00 1.631327368262521560e+00 1.589333482773712225e+00 1.589333482773712225e+00 1.589333482773712225e+00 1.589333482773712225e+00 1.631327368262521560e+00 1.631327368262521560e+00 1.589333482773712225e+00
3.341179757723959654e+01 6.611191397986637242e+01 1.206649741408067769e+02 5.802405574848131664e+01 1.631327368262521560e+00 1.631327368262521560e+00 1.704949649950225909e+00 1.589333482773712225e+00 1.589333482773712225e+00 1.589333482773712225e+00 1.631327368262521560e+00 1.589333482773712225e+00 1.589333482773712225e+00 1.589333482773712225e+00
3.141188232471117558e+00 8.422843037185646153e+01 1.470448074674466739e+02 1.310530923759849600e+02 1.631327368262521560e+00 1.631327368262521560e+00 1.631327368262521560e+00 1.631327368262521560e+00 1.589333482773712225e+00 1.697384880109645833e+00 1.631327368262521560e+00 1.631327368262521560e+00 1.631327368262521560e+00 1.589333482773712225e+00
2.476144318296366720e+00 8.057294855935172961e+01 1.450505960147244195e+02 1.450505960147244195e+02 3.689357171653247747e+01 1.631327368262521560e+00 2.396400471972329971e+00 2.396400471972329971e+00 1.697384880109645833e+00 1.631327368262521560e+00 1.850245839375112666e+00 1.631327368262521560e+00 1.631327368262521560e+00 1.589333482773712225e+00
