1.965536776763386584e+01 2.307989546242196965e+01 3.544639048119015001e+01 4.524336348181330436e+01 5.473214524085270227e+01 6.192356560567576196e+01 7.000295164188936781e+01 7.641102891083566817e+01 8.212814756373944647e+01 8.556916720781950403e+01 8.248006162210936054e+01 7.819949085041528747e+01 5.797744756500947005e+01 3.993665330401503866e+01
1.692307123266824220e+01 2.307989546242196965e+01 3.128909949339715268e+01 4.119209542015845216e+01 4.959901956502771725e+01 5.507041740862967316e+01 6.192356560567576196e+01 7.099662277539917454e+01 7.999050834554125800e+01 8.956858991871236242e+01 8.811883437891002302e+01 8.131861052847169447e+01 6.442212294858927635e+01 4.173636324376357720e+01
1.692307123266824220e+01 2.273954158543353543e+01 2.888409338821120897e+01 3.850798851226401354e+01 4.465335331749347603e+01 5.103847277007039906e+01 6.067209742721608023e+01 7.376377800587539468e+01 8.483205252983123046e+01 9.297928408245392973e+01 9.618109611188715746e+01 8.422169629564847071e+01 6.442212294858927635e+01 4.536313481656021906e+01
1.873701979366200376e+01 2.367502319400761124e+01 3.228701332227191756e+01 4.412181224631417820e+01 5.374529701577525742e+01 5.772740915022864527e+01 6.928991371962432311e+01 7.982199812231132796e+01 9.006753258301270648e+01 9.707934112933786253e+01 9.968382719792634816e+01 9.017716833262232967e+01 7.087468150897637997e+01 4.940700242854996560e+01
2.344978832937255220e+01 3.004091692468419694e+01 4.279275205564257334e+01 5.453464148871811545e+01 6.536263922824504391e+01 7.246446136839057317e+01 7.982199812231132796e+01 8.926885489561281872e+01 1.015804188115203743e+02 1.053485693201913023e+02 1.037305128623467994e+02 9.675142807943306877e+01 7.796704601067915519e+01 5.503090069557752173e+01
2.588714239006633377e+01 3.679494076349064358e+01 5.257745640686931665e+01 6.616785135373397964e+01 7.982199812231132796e+01 8.570437079816537107e+01 9.707934112933786253e+01 1.006504298146974747e+02 1.053485693201913023e+02 1.105491790160688197e+02 1.037305128623467994e+02 9.836038955891011426e+01 8.233867005807906025e+01 5.797744756500947005e+01
3.160544981020042599e+01 4.424726977054905319e+01 5.911760559090968314e+01 7.590040724829508179e+01 8.670992366839335830e+01 9.436899755376596488e+01 9.796973440288461177e+01 9.796973440288461177e+01 1.049713097901457672e+02 1.061277435104136941e+02 1.061277435104136941e+02 9.872656016775825094e+01 8.233867005807906025e+01 6.246425651889532560e+01
3.328536634547347717e+01 4.714376423934513127e+01 6.303581678687888257e+01 7.219063077976720422e+01 8.540478826464558892e+01 9.272875560521001148e+01 9.272875560521001148e+01 9.272875560521001148e+01 9.407963081441243958e+01 1.009140649405160417e+02 9.908471325790232243e+01 9.389885215741600177e+01 8.233867005807906025e+01 6.246425651889532560e+01
3.128909949339715268e+01 4.252025680034113719e+01 5.473214524085270227e+01 6.646838519914426513e+01 7.539630248717691074e+01 7.539630248717691074e+01 7.539630248717691074e+01 7.539630248717691074e+01 8.493168592541853457e+01 9.123841223914439524e+01 9.338461559102576359e+01 8.987035192069834011e+01 8.240364643249105825e+01 6.246425651889532560e+01
2.749960158577438563e+01 3.591680854473347750e+01 4.381596246013310036e+01 5.139663274229836532e+01 5.296583381851623074e+01 6.123856625512573260e+01 6.123856625512573260e+01 6.192356560567576196e+01 7.325124619221247713e+01 8.518132350843316658e+01 8.972896733746307518e+01 8.528163807449986678e+01 7.525729657246728266e+01 5.762150160859646775e+01
2.502023993428778681e+01 3.128909949339715268e+01 3.481841773990936417e+01 4.035190108882670046e+01 4.366752728167081443e+01 4.362749120045215534e+01 4.985671349822355580e+01 5.970607638813154949e+01 7.084690540035177264e+01 8.483205252983123046e+01 8.843741936747056798e+01 8.360437359496567922e+01 7.241881248250280123e+01 5.474827858769770472e+01
2.622708630572149602e+01 3.364367448066261090e+01 3.561683461155583075e+01 3.859658808395428764e+01 4.219147470147335355e+01 4.568235998516325225e+01 5.374529701577525742e+01 6.616785135373397964e+01 7.590040724829508179e+01 8.483205252983123046e+01 8.617210182363068327e+01 7.763750168469182711e+01 6.464074891788312982e+01 4.852724507124574416e+01
3.926889115379101014e+01 3.926889115379101014e+01 4.374587967759256202e+01 4.374587967759256202e+01 4.916501334428203052e+01 5.374529701577525742e+01 6.536263922824504391e+01 7.417292246230321950e+01 8.152519274775383451e+01 8.643920337386884967e+01 8.145723504917293667e+01 7.043883464829163188e+01 5.513385618045913361e+01 4.125842567781239723e+01
4.916501334428203052e+01 5.333683622347277264e+01 5.778895084442459051e+01 6.442839467087554794e+01 6.442839467087554794e+01 6.978252384189772783e+01 7.665029510811862679e+01 8.152519274775383451e+01 8.181978698775843384e+01 8.145723504917293667e+01 7.027715197167894701e+01 5.937398582160611937e+01 4.663979467451617467e+01 3.323260162523924066e+01
