1.589333482773712225e+00 1.589333482773712225e+00 3.141188232471117558e+00 1.096856863138169302e+02 1.630894303660942626e+02 6.223029084456506155e+01 1.850245839375112666e+00 1.851761834146205210e+00 1.589333482773712225e+00 1.589333482773712225e+00 1.589333482773712225e+00 1.589333482773712225e+00 1.589333482773712225e+00 1.589333482773712225e+00
1.589333482773712225e+00 1.710732980955257831e+00 3.141188232471117558e+00 1.096856863138169302e+02 1.414553367934180130e+02 4.816885418674495156e+00 1.850245839375112666e+00 1.589333482773712225e+00 1.589333482773712225e+00 1.589333482773712225e+00 1.589333482773712225e+00 1.589333482773712225e+00 1.589333482773712225e+00 1.589333482773712225e+00
1.589333482773712225e+00 1.589333482773712225e+00 3.341179757723959654e+01 1.396427814571195256e+02 1.414553367934180130e+02 4.997160835585831684e+00 1.850245839375112666e+00 1.589333482773712225e+00 1.589333482773712225e+00 1.589333482773712225e+00 1.589333482773712225e+00 1.589333482773712225e+00 1.589333482773712225e+00 1.589333482773712225e+00
1.589333482773712225e+00 1.704949649950225909e+00 9.947504255465696943e+00 1.115543649852323682e+02 9.250535634105845872e+01 4.758073895890402838e+01 1.913957730343963215e+00 2.548593817746051204e+00 1.913957730343963215e+00 2.033402877107663098e+00 2.029665377933823400e+00 1.850245839375112666e+00 1.710732980955257831e+00 1.589333482773712225e+00
1.589333482773712225e+00 1.589333482773712225e+00 3.064484630059424841e+00 9.947504255465696943e+00 7.345097497090701211e+01 1.470448074674466739e+02 7.842324911192790182e+01 2.638195130186635318e+00 1.472537813492662018e+01 2.638195130186635318e+00 1.913957730343963215e+00 2.033402877107663098e+00 1.850245839375112666e+00 1.589333482773712225e+00
1.589333482773712225e+00 1.589333482773712225e+00 1.704949649950225909e+00 1.016218855334143178e+01 3.283472157821866411e+00 1.115543649852323682e+02 1.470448074674466739e+02 1.630894303660942626e+02 7.842324911192790182e+01 7.842324911192790182e+01 8.188867866602425494e+00 1.913957730343963215e+00 1.850245839375112666e+00 1.704949649950225909e+00
1.589333482773712225e+00 1.589333482773712225e+00 1.589333482773712225e+00 1.589333482773712225e+00 1.589333482773712225e+00 3.341179757723959654e+01 1.463019846762794032e+02 1.607063370870678796e+02 1.630894303660942626e+02 1.630894303660942626e+02 7.842324911192790182e+01 6.223029084456506155e+01 1.850245839375112666e+00 1.704949649950225909e+00
1.589333482773712225e+00 1.589333482773712225e+00 1.589333482773712225e+00 1.589333482773712225e+00 1.589333482773712225e+00 3.341179757723959654e+01 1.556400844006978446e+02 1.559096859360193719e+02 1.630894303660942626e+02 1.630894303660942626e+02 1.630894303660942626e+02 6.507113423451720280e+01 4.997160835585831684e+00 1.850245839375112666e+00
1.589333482773712225e+00 1.589333482773712225e+00 1.589333482773712225e+00 1.589333482773712225e+00 1.589333482773712225e+00 3.141188232471117558e+00 1.181832897243638598e+02 1.543801980319576330e+02 1.607063370870678796e+02 1.607063370870678796e+02 1.607063370870678796e+02 1.033171142470223884e+02 5.879849207685252566e+01 1.850245839375112666e+00
1.589333482773712225e+00 1.589333482773712225e+00 1.589333482773712225e+00 1.589333482773712225e+00 1.589333482773712225e+00 3.141188232471117558e+00 1.181832897243638598e+02 1.435049410097014970e+02 9.443127054277509558e+01 4.868346326787342804e+01 1.036890140524480444e+02 5.097468627942762964e+01 7.981220444861367014e+01 1.850245839375112666e+00
1.589333482773712225e+00 1.589333482773712225e+00 1.589333482773712225e+00 1.753154676049083704e+00 1.589333482773712225e+00 1.096856863138169302e+02 1.209001076254435247e+02 6.564497435756049981e+01 4.997160835585831684e+00 2.675367228783234630e+00 3.283472157821866411e+00 8.550508419012949446e+00 4.816885418674495156e+00 1.850245839375112666e+00
1.589333482773712225e+00 1.589333482773712225e+00 1.589333482773712225e+00 1.710732980955257831e+00 3.141188232471117558e+00 1.445087691828582308e+02 1.630894303660942626e+02 5.437980178685261023e+01 2.391400445721756185e+01 2.794286636527202550e+00 3.283472157821866411e+00 1.042662056684622485e+01 2.794286636527202550e+00 1.850245839375112666e+00
1.589333482773712225e+00 1.589333482773712225e+00 1.589333482773712225e+00 1.710732980955257831e+00 3.141188232471117558e+00 1.556400844006978446e+02 1.630894303660942626e+02 1.310530923759849600e+02 4.997160835585831684e+00 5.185129352479579623e+00 7.595214475200130266e+00 4.816885418674495156e+00 1.850245839375112666e+00 1.851761834146205210e+00
1.589333482773712225e+00 1.589333482773712225e+00 1.589333482773712225e+00 1.704949649950225909e+00 3.341179757723959654e+01 1.546147177048218850e+02 1.607063370870678796e+02 1.310530923759849600e+02 7.842324911192790182e+01 1.600849450302838406e+01 4.579979318979940928e+00 2.794286636527202550e+00 1.850245839375112666e+00 1.704949649950225909e+00
