7.298822587955892338e+00 7.298822587955892338e+00 7.298822587955892338e+00 7.298822587955892338e+00 7.298822587955892338e+00 7.298822587955892338e+00 7.298822587955892338e+00 7.298822587955892338e+00 7.298822587955892338e+00 7.298822587955892338e+00 7.298822587955892338e+00 7.298822587955892338e+00 7.298822587955892338e+00 7.298822587955892338e+00 7.298822587955892338e+00 7.298822587955892338e+00 7.298822587955892338e+00 7.298822587955892338e+00 7.298822587955892338e+00 7.298822587955892338e+00 7.298822587955892338e+00 7.298822587955892338e+00 7.298822587955892338e+00 7.298822587955892338e+00
7.298822587955892338e+00 7.298822587955892338e+00 7.298822587955892338e+00 7.298822587955892338e+00 7.298822587955892338e+00 7.298822587955892338e+00 7.298822587955892338e+00 7.298822587955892338e+00 7.298822587955892338e+00 7.298822587955892338e+00 7.298822587955892338e+00 7.298822587955892338e+00 7.298822587955892338e+00 7.298822587955892338e+00 7.298822587955892338e+00 1.616455933952472890e+01 1.651771633869707756e+01 1.651771633869707756e+01 1.850472048031121375e+01 1.562177023339191351e+01 7.298822587955892338e+00 7.298822587955892338e+00 7.298822587955892338e+00 7.298822587955892338e+00
7.298822587955892338e+00 7.298822587955892338e+00 7.298822587955892338e+00 7.298822587955892338e+00 7.298822587955892338e+00 7.298822587955892338e+00 7.298822587955892338e+00 7.298822587955892338e+00 1.609137129526699184e+01 1.806648320193076529e+01 1.651771633869707756e+01 1.651771633869707756e+01 1.942538671651505311e+01 2.287076992358195326e+01 2.973491274623159342e+01 3.873946965454670988e+01 5.057571528748987078e+01 5.057571528748987078e+01 3.795647426314754114e+01 2.426997916939262723e+01 1.701278828566780987e+01 7.298822587955892338e+00 7.298822587955892338e+00 7.298822587955892338e+00
7.298822587955892338e+00 7.298822587955892338e+00 7.298822587955892338e+00 7.298822587955892338e+00 7.298822587955892338e+00 7.298822587955892338e+00 7.298822587955892338e+00 1.616455933952472890e+01 2.794098720443157546e+01 3.735248872743217419e+01 5.057571528748987078e+01 5.057571528748987078e+01 5.467823002597000936e+01 6.086229722309040824e+01 7.146237641647014982e+01 8.472427983539094498e+01 9.367843477005270358e+01 8.931893004115225665e+01 6.746810699588478144e+01 3.489222650976694950e+01 1.469421162702968076e+01 7.298822587955892338e+00 7.298822587955892338e+00 7.298822587955892338e+00
7.298822587955892338e+00 7.298822587955892338e+00 7.298822587955892338e+00 7.298822587955892338e+00 7.298822587955892338e+00 7.298822587955892338e+00 1.476763291604230766e+01 2.628542722377049401e+01 5.337129471595616792e+01 8.472427983539094498e+01 9.367843477005270358e+01 1.095929174788823843e+02 1.095929174788823843e+02 1.132677611429018043e+02 1.132677611429018043e+02 1.138209876543209873e+02 1.050020576131687164e+02 9.847427983539093077e+01 6.470910986520736685e+01 4.189159184999738983e+01 1.689571612883820606e+01 7.298822587955892338e+00 7.298822587955892338e+00 7.298822587955892338e+00
7.298822587955892338e+00 7.298822587955892338e+00 7.298822587955892338e+00 7.298822587955892338e+00 7.298822587955892338e+00 7.298822587955892338e+00 1.536443096401773900e+01 4.730183322260023715e+01 8.275595460780644430e+01 1.124327846364883357e+02 1.255350668535853771e+02 1.202602880658436248e+02 1.248923182441700845e+02 1.189596315892612068e+02 1.179320987654320732e+02 1.121755829903977997e+02 9.651028806584362485e+01 8.228792866941014950e+01 5.044487801441660224e+01 2.618173393874083033e+01 1.646016765763812728e+01 7.298822587955892338e+00 7.298822587955892338e+00 7.298822587955892338e+00
7.298822587955892338e+00 7.298822587955892338e+00 7.298822587955892338e+00 7.298822587955892338e+00 7.298822587955892338e+00 7.298822587955892338e+00 2.628542722377049401e+01 6.563380199438277884e+01 1.043699131229995487e+02 1.243072702331961494e+02 1.251156963452111199e+02 1.121755829903977997e+02 9.651028806584362485e+01 9.154937842935527215e+01 8.412482853223593793e+01 6.640775034293551471e+01 5.042213094932779427e+01 3.747663574054308100e+01 2.692220930095228226e+01 1.646016765763812728e+01 7.298822587955892338e+00 7.298822587955892338e+00 7.298822587955892338e+00 7.298822587955892338e+00
7.298822587955892338e+00 7.298822587955892338e+00 7.298822587955892338e+00 7.298822587955892338e+00 7.298822587955892338e+00 1.735371337859244534e+01 4.227969888732204140e+01 8.773731138545952035e+01 1.112064471879286600e+02 1.182060539551897733e+02 8.228792866941014950e+01 7.116023960992168895e+01 5.042213094932779427e+01 4.289678390609071812e+01 3.785336920793294269e+01 2.884751156622987978e+01 2.279623607076871750e+01 1.646016765763812728e+01 1.558079993176847644e+01 7.298822587955892338e+00 7.298822587955892338e+00 7.298822587955892338e+00 7.298822587955892338e+00 7.298822587955892338e+00
7.298822587955892338e+00 7.298822587955892338e+00 7.298822587955892338e+00 7.298822587955892338e+00 7.298822587955892338e+00 1.536443096401773900e+01 4.279713375457068025e+01 8.773731138545952035e+01 1.135802469135802397e+02 9.886428898033835821e+01 6.328156529849570688e+01 3.756691811770933498e+01 4.105847018823775585e+01 2.739627109921501358e+01 2.606627113659416395e+01 1.714886548402346733e+01 7.298822587955892338e+00 7.298822587955892338e+00 7.298822587955892338e+00 7.298822587955892338e+00 7.298822587955892338e+00 7.298822587955892338e+00 7.298822587955892338e+00 7.298822587955892338e+00
7.298822587955892338e+00 7.298822587955892338e+00 7.298822587955892338e+00 7.298822587955892338e+00 7.298822587955892338e+00 1.866245827890308462e+01 5.050146964760886448e+01 9.917163622361802311e+01 1.191146364883401816e+02 1.007199841166702754e+02 6.677661832752539794e+01 6.031072321374517742e+01 6.086229722309040824e+01 6.086229722309040824e+01 5.517890884276989283e+01 3.795647426314754114e+01 2.426997916939262723e+01 1.562177023339191351e+01 7.298822587955892338e+00 7.298822587955892338e+00 7.298822587955892338e+00 7.298822587955892338e+00 7.298822587955892338e+00 7.298822587955892338e+00
7.298822587955892338e+00 7.298822587955892338e+00 7.298822587955892338e+00 7.298822587955892338e+00 7.298822587955892338e+00 2.589701240631324097e+01 6.184776025078220840e+01 1.064650205761316641e+02 1.241063100137174189e+02 1.134149519890260649e+02 1.069416522181139584e+02 9.367843477005270358e+01 1.132677611429018043e+02 1.095929174788823843e+02 9.236351165980795486e+01 6.869387303970637504e+01 4.850998164543491953e+01 1.860442098956449897e+01 7.298822587955892338e+00 7.298822587955892338e+00 7.298822587955892338e+00 7.298822587955892338e+00 7.298822587955892338e+00 7.298822587955892338e+00
7.298822587955892338e+00 7.298822587955892338e+00 7.298822587955892338e+00 7.298822587955892338e+00 7.298822587955892338e+00 2.495869261618254598e+01 4.640886356965748405e+01 1.012393689986282368e+02 1.233459955682177878e+02 1.426718683602912279e+02 1.202602880658436248e+02 1.202602880658436248e+02 1.189596315892612068e+02 1.189596315892612068e+02 1.145637860082304371e+02 9.825857338820300413e+01 6.677661832752539794e+01 3.417993642263827070e+01 1.619355841794678241e+01 7.298822587955892338e+00 7.298822587955892338e+00 7.298822587955892338e+00 7.298822587955892338e+00 7.298822587955892338e+00
7.298822587955892338e+00 7.298822587955892338e+00 7.298822587955892338e+00 7.298822587955892338e+00 7.298822587955892338e+00 1.871902292001039214e+01 3.665876307273937584e+01 7.232716049382716506e+01 1.030701646090535064e+02 1.121755829903977997e+02 1.121755829903977997e+02 9.430589849108365286e+01 9.154937842935527215e+01 9.154937842935527215e+01 9.346639231824414651e+01 9.228600823045266566e+01 9.654142661179697882e+01 5.921086716012349882e+01 2.545819392467762299e+01 1.562177023339191351e+01 7.298822587955892338e+00 7.298822587955892338e+00 7.298822587955892338e+00 7.298822587955892338e+00
7.298822587955892338e+00 7.298822587955892338e+00 7.298822587955892338e+00 7.298822587955892338e+00 7.298822587955892338e+00 7.298822587955892338e+00 2.540877709431698150e+01 4.041956213806607678e+01 7.082064471879284895e+01 7.082064471879284895e+01 7.116023960992168895e+01 5.725133355244174282e+01 5.042213094932779427e+01 4.289678390609071812e+01 6.061378367975439119e+01 7.975685871056241183e+01 9.228600823045266566e+01 7.847873799725651622e+01 4.444503677010270337e+01 1.860442098956449897e+01 7.298822587955892338e+00 7.298822587955892338e+00 7.298822587955892338e+00 7.298822587955892338e+00
7.298822587955892338e+00 7.298822587955892338e+00 7.298822587955892338e+00 7.298822587955892338e+00 7.298822587955892338e+00 7.298822587955892338e+00 1.548626642010560062e+01 2.540877709431698150e+01 3.280965575224574593e+01 3.785336920793294269e+01 2.568608981252595669e+01 2.279623607076871750e+01 2.279623607076871750e+01 2.010642818534656584e+01 3.300718236928270244e+01 6.357235939643346256e+01 7.954080932784636104e+01 8.291152263374485187e+01 5.921086716012349882e+01 3.402018684355081035e+01 7.298822587955892338e+00 7.298822587955892338e+00 7.298822587955892338e+00 7.298822587955892338e+00
7.298822587955892338e+00 7.298822587955892338e+00 7.298822587955892338e+00 7.298822587955892338e+00 7.298822587955892338e+00 7.298822587955892338e+00 7.298822587955892338e+00 7.298822587955892338e+00 7.298822587955892338e+00 7.298822587955892338e+00 7.298822587955892338e+00 7.298822587955892338e+00 7.298822587955892338e+00 7.298822587955892338e+00 1.871902292001039214e+01 4.279713375457068025e+01 8.158470507544581096e+01 9.943758573388201683e+01 7.847873799725651622e+01 3.877448563056967146e+01 1.469421162702968076e+01 7.298822587955892338e+00 7.298822587955892338e+00 7.298822587955892338e+00
7.298822587955892338e+00 7.298822587955892338e+00 7.298822587955892338e+00 7.298822587955892338e+00 7.298822587955892338e+00 7.298822587955892338e+00 7.298822587955892338e+00 7.298822587955892338e+00 1.562177023339191351e+01 1.562177023339191351e+01 1.562177023339191351e+01 7.298822587955892338e+00 7.298822587955892338e+00 7.298822587955892338e+00 1.758059573559844679e+01 4.279713375457068025e+01 8.022736625514401965e+01 1.050020576131687164e+02 8.609019204389574043e+01 4.189159184999738983e+01 1.689571612883820606e+01 7.298822587955892338e+00 7.298822587955892338e+00 7.298822587955892338e+00
7.298822587955892338e+00 7.298822587955892338e+00 7.298822587955892338e+00 7.298822587955892338e+00 7.298822587955892338e+00 7.298822587955892338e+00 1.616455933952472890e+01 2.404571000652127566e+01 3.195030390095496386e+01 2.935011346062422888e+01 2.446977533690731121e+01 1.701278828566780987e+01 7.298822587955892338e+00 7.298822587955892338e+00 1.866245827890308462e+01 5.074202662273931708e+01 8.388219587728059423e+01 9.782304526748970375e+01 7.407315957933241179e+01 3.952803826269993692e+01 1.901474512077659540e+01 7.298822587955892338e+00 7.298822587955892338e+00 7.298822587955892338e+00
7.298822587955892338e+00 7.298822587955892338e+00 7.298822587955892338e+00 7.298822587955892338e+00 7.298822587955892338e+00 7.298822587955892338e+00 2.212187200924889297e+01 4.791328465265365111e+01 7.146237641647014982e+01 7.306447187928668541e+01 5.045486150586440033e+01 3.129983531457513379e+01 1.728541898354863093e+01 1.988636912858326511e+01 3.647612952223246197e+01 7.186044016631912257e+01 1.078971193415637799e+02 1.019985629368345315e+02 6.421773733810771034e+01 2.891394978647216973e+01 7.298822587955892338e+00 7.298822587955892338e+00 7.298822587955892338e+00 7.298822587955892338e+00
7.298822587955892338e+00 7.298822587955892338e+00 7.298822587955892338e+00 7.298822587955892338e+00 7.298822587955892338e+00 1.735371337859244534e+01 3.542589558050487852e+01 7.034567901234566989e+01 1.113953429355281202e+02 1.069416522181139584e+02 7.659971082193303005e+01 5.517890884276989283e+01 3.975326256311313955e+01 4.422717980903713908e+01 7.001553761738948367e+01 9.246136259716504924e+01 1.135802469135802397e+02 9.378875171467763039e+01 5.350937573774037759e+01 2.209229417599317813e+01 7.298822587955892338e+00 7.298822587955892338e+00 7.298822587955892338e+00 7.298822587955892338e+00
7.298822587955892338e+00 7.298822587955892338e+00 7.298822587955892338e+00 7.298822587955892338e+00 7.298822587955892338e+00 1.735371337859244534e+01 4.279713375457068025e+01 8.773731138545952035e+01 1.237266392318244215e+02 1.247863511659808040e+02 1.129259259259259238e+02 9.866261304551389344e+01 8.427572016460905502e+01 9.367843477005270358e+01 1.004723365340649366e+02 1.227753772290809025e+02 1.084509602194787306e+02 7.546784979423868833e+01 3.753861214572975058e+01 1.689571612883820606e+01 7.298822587955892338e+00 7.298822587955892338e+00 7.298822587955892338e+00 7.298822587955892338e+00
7.298822587955892338e+00 7.298822587955892338e+00 7.298822587955892338e+00 7.298822587955892338e+00 7.298822587955892338e+00 1.735371337859244534e+01 3.665876307273937584e+01 7.232716049382716506e+01 1.095359215941087143e+02 1.170649291266575176e+02 1.248923182441700845e+02 1.202602880658436248e+02 1.202602880658436248e+02 1.255350668535853771e+02 1.180243484224965584e+02 1.113223593964334555e+02 8.635175387027238969e+01 5.909359975495706863e+01 2.550558854943460929e+01 7.298822587955892338e+00 7.298822587955892338e+00 7.298822587955892338e+00 7.298822587955892338e+00 7.298822587955892338e+00
7.298822587955892338e+00 7.298822587955892338e+00 7.298822587955892338e+00 7.298822587955892338e+00 7.298822587955892338e+00 7.298822587955892338e+00 2.495869261618254598e+01 4.507822654535900142e+01 7.232716049382716506e+01 9.773751814368199575e+01 9.773751814368199575e+01 9.651028806584362485e+01 9.651028806584362485e+01 9.651028806584362485e+01 9.651028806584362485e+01 8.228792866941014950e+01 5.100202788754167926e+01 3.060608236123740156e+01 1.901474512077659540e+01 7.298822587955892338e+00 7.298822587955892338e+00 7.298822587955892338e+00 7.298822587955892338e+00 7.298822587955892338e+00
7.298822587955892338e+00 7.298822587955892338e+00 7.298822587955892338e+00 7.298822587955892338e+00 7.298822587955892338e+00 7.298822587955892338e+00 1.548626642010560062e+01 2.540877709431698150e+01 3.640923691654276695e+01 4.319275956907385705e+01 4.824027868754518522e+01 5.466031703136664532e+01 5.466031703136664532e+01 5.713223593964333702e+01 5.042213094932779427e+01 3.747663574054308100e+01 2.481013210070470265e+01 1.646016765763812728e+01 7.298822587955892338e+00 7.298822587955892338e+00 7.298822587955892338e+00 7.298822587955892338e+00 7.298822587955892338e+00 7.298822587955892338e+00
