2.305555555555555414e-01 2.305555555555555414e-01 2.305555555555555414e-01 2.305555555555555414e-01 2.233796296296295947e-01 3.180555555555555358e-01 1.341203703703703676e+00 1.547430376112546746e+00 1.762962962962963065e+00 1.447707231040564091e+00 1.269091300602928518e+00 9.237037037037036935e-01 3.180555555555555358e-01 9.635802469135802406e-01 1.871904761904761738e+00 1.871904761904761738e+00 1.319135802469135754e+00 2.167777777777777803e+00 1.706677248677248571e+00 1.030555555555555447e+00 1.345238095238095344e+00 2.233796296296295947e-01 2.233796296296295947e-01 2.305555555555555414e-01
2.305555555555555414e-01 2.305555555555555414e-01 2.305555555555555414e-01 2.305555555555555414e-01 2.233796296296295947e-01 2.305555555555555414e-01 3.333333333333333148e-01 1.613827160493827018e+00 1.772447089947089882e+00 1.393518518518518601e+00 9.237037037037036935e-01 1.447707231040564091e+00 5.708333333333333037e-01 8.911111111111111871e-01 1.447707231040564091e+00 6.754765079365077440e+01 2.364010614470736904e+00 1.789814814814814969e+00 1.720591563786008082e+00 1.647916666666666474e+00 9.249382716049382447e-01 9.237037037037036935e-01 3.180555555555555358e-01 2.233796296296295947e-01
2.305555555555555414e-01 2.305555555555555414e-01 2.305555555555555414e-01 2.305555555555555414e-01 3.180555555555555358e-01 4.187683715461492651e-01 8.563271604938270665e-01 1.613827160493827018e+00 1.447707231040564091e+00 1.215740740740740788e+00 1.229488536155202594e+00 9.382901234567901483e+00 6.161111111111110539e-01 1.447707231040564091e+00 1.666627314814814440e+02 1.663881944444444230e+02 1.215740740740740788e+00 1.706677248677248571e+00 1.613827160493827018e+00 1.275555555555555554e+00 1.125694444444444331e+00 2.233796296296295947e-01 2.233796296296295947e-01 3.180555555555555358e-01
2.305555555555555414e-01 2.305555555555555414e-01 2.305555555555555414e-01 2.305555555555555414e-01 2.233796296296295947e-01 3.333333333333333148e-01 9.282407407407405886e-01 1.094603174603174578e+00 9.904761904761905100e-01 8.911111111111111871e-01 1.647916666666666474e+00 9.175308641975309376e-01 8.462543209876541539e+01 1.672241358024691067e+02 1.661673280423280517e+02 1.669144444444444275e+02 1.215740740740740788e+00 1.227283950617283903e+00 1.209382716049382633e+00 1.447707231040564091e+00 1.484691358024691210e+00 5.708333333333333037e-01 2.233796296296295947e-01 2.305555555555555414e-01
2.305555555555555414e-01 2.305555555555555414e-01 2.305555555555555414e-01 2.305555555555555414e-01 2.305555555555555414e-01 2.305555555555555414e-01 4.976851851851851194e-01 8.879629629629629539e-01 9.175308641975309376e-01 1.588888888888889239e+00 1.483564814814814614e+00 4.265041666666666487e+01 1.669444444444444287e+02 1.668590277777777544e+02 1.564534004450186444e+02 9.026851851851851904e+01 5.449444444444444713e+01 6.037037037037036313e-01 3.180555555555555358e-01 6.161111111111110539e-01 2.233796296296295947e-01 2.233796296296295947e-01 3.180555555555555358e-01 2.305555555555555414e-01
3.180555555555555358e-01 2.305555555555555414e-01 2.233796296296295947e-01 2.233796296296295947e-01 2.233796296296295947e-01 4.187683715461492651e-01 3.180555555555555358e-01 1.215740740740740788e+00 1.319135802469135754e+00 1.386869920675433798e+00 1.447707231040564091e+00 1.669444444444444287e+02 1.665143518518518135e+02 1.667187500000000000e+02 1.231874999999999858e+02 2.364010614470736904e+00 6.037037037037036313e-01 3.180555555555555358e-01 3.180555555555555358e-01 8.227513227513227889e-01 8.563271604938270665e-01 2.305555555555555414e-01 3.180555555555555358e-01 2.305555555555555414e-01
3.180555555555555358e-01 4.187683715461492651e-01 2.233796296296295947e-01 2.233796296296295947e-01 3.180555555555555358e-01 2.233796296296295947e-01 4.187683715461492651e-01 4.187683715461492651e-01 1.196697530864197612e+00 1.345238095238095344e+00 1.447707231040564091e+00 1.648150305137844214e+02 1.409098677248677234e+02 1.669144444444444275e+02 2.364010614470736904e+00 6.250000000000000000e-01 3.180555555555555358e-01 2.233796296296295947e-01 2.233796296296295947e-01 2.233796296296295947e-01 2.233796296296295947e-01 2.233796296296295947e-01 3.180555555555555358e-01 2.305555555555555414e-01
2.233796296296295947e-01 2.233796296296295947e-01 2.233796296296295947e-01 3.180555555555555358e-01 2.233796296296295947e-01 2.233796296296295947e-01 3.180555555555555358e-01 2.449869809203142346e+00 1.613827160493827018e+00 1.447707231040564091e+00 1.195007407407407527e+02 1.347114748677248599e+02 1.664344444444444093e+02 8.357253086419751753e+01 6.037037037037036313e-01 3.180555555555555358e-01 5.708333333333333037e-01 2.233796296296295947e-01 2.233796296296295947e-01 3.180555555555555358e-01 3.180555555555555358e-01 2.305555555555555414e-01 2.233796296296295947e-01 2.305555555555555414e-01
6.037037037037036313e-01 3.180555555555555358e-01 3.180555555555555358e-01 3.180555555555555358e-01 3.180555555555555358e-01 3.333333333333333148e-01 5.708333333333333037e-01 1.669753086419752952e+00 1.447707231040564091e+00 9.201388888888888573e+01 1.663881944444444230e+02 1.652051835978836039e+02 2.364010614470736904e+00 9.249382716049382447e-01 3.180555555555555358e-01 2.233796296296295947e-01 1.319135802469135754e+00 1.247074074074074002e+00 8.563271604938270665e-01 2.233796296296295947e-01 3.180555555555555358e-01 2.233796296296295947e-01 2.233796296296295947e-01 3.180555555555555358e-01
8.563271604938270665e-01 3.180555555555555358e-01 2.233796296296295947e-01 2.233796296296295947e-01 3.180555555555555358e-01 2.233796296296295947e-01 1.345238095238095344e+00 1.447707231040564091e+00 1.116340277777777601e+02 1.669444444444444287e+02 1.665601421833047766e+02 9.026851851851851904e+01 1.215740740740740788e+00 2.210322598019629936e+00 6.043650793650794384e-01 1.215740740740740788e+00 1.547430376112546746e+00 1.269091300602928518e+00 8.453703703703704386e-01 2.233796296296295947e-01 2.233796296296295947e-01 2.233796296296295947e-01 2.233796296296295947e-01 2.233796296296295947e-01
9.295555555555555793e-01 3.180555555555555358e-01 2.233796296296295947e-01 2.233796296296295947e-01 2.305555555555555414e-01 8.911111111111111871e-01 1.447707231040564091e+00 7.381406525573190436e+01 1.444066666666666379e+02 1.667187500000000000e+02 1.669144444444444275e+02 8.357253086419751753e+01 2.364010614470736904e+00 2.258842175508842143e+00 1.447707231040564091e+00 6.161111111111110539e-01 1.196697530864197612e+00 1.495046296296296262e+00 1.447707231040564091e+00 5.708333333333333037e-01 4.187683715461492651e-01 8.563271604938270665e-01 5.708333333333333037e-01 2.233796296296295947e-01
8.046296296296295836e-01 8.563271604938270665e-01 2.233796296296295947e-01 2.233796296296295947e-01 3.180555555555555358e-01 4.187683715461492651e-01 1.878379629629629477e+01 1.099838888888888988e+02 1.673833333333332973e+02 1.670104166666666572e+02 2.364010614470736904e+00 2.258842175508842143e+00 1.209382716049382633e+00 1.447707231040564091e+00 1.447707231040564091e+00 8.333472222222222570e+01 8.359050925925924957e+01 6.754765079365077440e+01 1.490443057964796836e+01 1.215740740740740788e+00 1.029417975917802153e+00 6.161111111111110539e-01 2.233796296296295947e-01 2.233796296296295947e-01
3.180555555555555358e-01 1.269091300602928518e+00 2.233796296296295947e-01 2.233796296296295947e-01 3.180555555555555358e-01 1.447707231040564091e+00 9.304429012345678984e+01 1.669444444444444287e+02 1.674830555555555236e+02 1.416694444444444514e+02 4.334333333333332661e+01 2.665637566137565972e+00 1.447707231040564091e+00 6.076453703703703013e+01 1.670534722222221831e+02 1.324158024691357980e+02 1.663011111111111120e+02 1.661472222222222115e+02 1.598765624999999773e+02 3.897222222222222143e+01 1.258052910052909867e+00 1.447707231040564091e+00 2.233796296296295947e-01 2.305555555555555414e-01
5.708333333333333037e-01 1.193981481481481310e+00 1.199074074074074181e+00 6.043650793650794384e-01 5.708333333333333037e-01 1.824884259259259167e+01 1.478966666666666754e+02 1.654347222222222342e+02 1.518744047619047421e+02 5.441000000000000369e+01 4.945277777777776151e+01 6.511226851851851904e+01 7.966851851851849631e+01 1.338625000000000114e+02 1.669444444444444287e+02 1.664344444444444093e+02 1.662826543209876320e+02 1.651807407407407311e+02 1.633800925925925753e+02 1.598765624999999773e+02 1.215740740740740788e+00 8.879629629629629539e-01 3.180555555555555358e-01 2.305555555555555414e-01
1.243055555555555358e+00 7.731481481481482509e-01 4.976851851851851194e-01 5.708333333333333037e-01 1.779583333333333073e+01 1.824884259259259167e+01 1.482099999999999795e+02 1.667187500000000000e+02 1.518744047619047421e+02 2.258842175508842143e+00 3.759259259259259522e+00 1.007038756613756618e+02 1.664827335858585684e+02 1.563365714285714034e+02 9.282777777777778283e+01 1.010622222222222177e+02 7.981848148148148425e+01 1.332242603174603062e+02 1.673486111111110972e+02 1.663881944444444230e+02 1.215740740740740788e+00 8.453703703703704386e-01 2.233796296296295947e-01 2.305555555555555414e-01
8.453703703703704386e-01 6.037037037037036313e-01 3.180555555555555358e-01 4.976851851851851194e-01 1.682414141414141362e+00 4.265041666666666487e+01 1.669444444444444287e+02 1.599413359788359514e+02 1.518744047619047421e+02 6.511226851851851904e+01 7.966851851851849631e+01 1.670534722222221831e+02 1.673833333333332973e+02 1.231874999999999858e+02 6.817026455026454812e+01 5.310138888888888431e+01 1.379255555555555475e+02 1.339881944444444457e+02 1.669444444444444287e+02 1.668590277777777544e+02 1.215740740740740788e+00 9.249382716049382447e-01 2.233796296296295947e-01 2.305555555555555414e-01
7.999999999999999334e-01 3.180555555555555358e-01 8.227513227513227889e-01 8.563271604938270665e-01 1.772447089947089882e+00 4.265041666666666487e+01 1.654347222222222342e+02 1.662283835880490130e+02 1.302564814814815009e+02 1.282733333333333121e+02 1.664827335858585684e+02 1.663677777777777465e+02 1.661673280423280517e+02 1.231874999999999858e+02 1.282733333333333121e+02 1.282733333333333121e+02 1.664827335858585684e+02 1.669444444444444287e+02 1.670104166666666572e+02 9.877993109388458493e+01 1.243055555555555358e+00 8.453703703703704386e-01 2.233796296296295947e-01 2.233796296296295947e-01
8.547619047619047228e-01 4.976851851851851194e-01 2.233796296296295947e-01 1.319135802469135754e+00 1.239103835978835777e+00 5.148648148148147641e+01 1.648150305137844214e+02 1.655853850676072625e+02 1.651266666666666367e+02 1.664827335858585684e+02 1.667331851851851923e+02 1.665601421833047766e+02 1.669144444444444275e+02 1.645663148148148025e+02 1.673833333333332973e+02 1.342298518518518335e+02 1.669444444444444287e+02 1.430461111111110881e+02 8.357253086419751753e+01 1.843750000000000000e+00 2.037499999999999645e+00 1.250846560846560651e+00 5.708333333333333037e-01 2.233796296296295947e-01
8.635416666666667629e-01 6.161111111111110539e-01 3.180555555555555358e-01 1.194629629629629486e+00 1.588888888888889239e+00 5.148648148148147641e+01 1.669444444444444287e+02 1.662826543209876320e+02 1.657759259259259181e+02 1.662826543209876320e+02 1.669444444444444287e+02 1.664344444444444093e+02 1.409098677248677234e+02 1.669444444444444287e+02 1.670104166666666572e+02 6.011700000000000443e+01 1.002370634920634842e+02 9.700291666666666401e+01 1.319814814814814419e+01 1.682414141414141362e+00 3.010985211463761857e+00 1.588888888888889239e+00 2.233796296296295947e-01 2.233796296296295947e-01
6.161111111111110539e-01 2.233796296296295947e-01 3.180555555555555358e-01 2.305555555555555414e-01 1.008703703703703658e+00 9.637511022927689464e-01 8.378055555555555145e+01 8.378055555555555145e+01 1.291695301783264540e+02 1.479016666666666708e+02 9.282777777777778283e+01 7.099309523809525047e+01 1.547430376112546746e+00 1.547430376112546746e+00 1.547430376112546746e+00 1.547430376112546746e+00 9.637511022927689464e-01 6.037037037037036313e-01 3.180555555555555358e-01 4.976851851851851194e-01 8.635416666666667629e-01 9.237037037037036935e-01 3.180555555555555358e-01 2.233796296296295947e-01
8.911111111111111871e-01 3.180555555555555358e-01 4.187683715461492651e-01 2.305555555555555414e-01 3.180555555555555358e-01 2.305555555555555414e-01 1.125694444444444331e+00 8.635416666666667629e-01 5.027407407407407192e+01 1.547430376112546746e+00 1.547430376112546746e+00 1.071604938271604857e+00 2.305555555555555414e-01 6.250000000000000000e-01 3.180555555555555358e-01 6.250000000000000000e-01 6.250000000000000000e-01 3.180555555555555358e-01 3.180555555555555358e-01 2.305555555555555414e-01 4.976851851851851194e-01 8.635416666666667629e-01 5.708333333333333037e-01 2.233796296296295947e-01
1.044444444444444509e+00 5.708333333333333037e-01 2.233796296296295947e-01 2.233796296296295947e-01 3.180555555555555358e-01 2.305555555555555414e-01 2.305555555555555414e-01 3.180555555555555358e-01 3.180555555555555358e-01 2.305555555555555414e-01 2.305555555555555414e-01 3.180555555555555358e-01 2.305555555555555414e-01 1.447707231040564091e+00 2.305555555555555414e-01 2.305555555555555414e-01 2.305555555555555414e-01 5.708333333333333037e-01 2.233796296296295947e-01 4.187683715461492651e-01 2.305555555555555414e-01 6.161111111111110539e-01 2.233796296296295947e-01 2.233796296296295947e-01
2.305555555555555414e-01 2.233796296296295947e-01 2.233796296296295947e-01 2.233796296296295947e-01 2.233796296296295947e-01 2.233796296296295947e-01 2.233796296296295947e-01 2.233796296296295947e-01 2.305555555555555414e-01 2.305555555555555414e-01 2.305555555555555414e-01 2.305555555555555414e-01 2.305555555555555414e-01 2.305555555555555414e-01 2.305555555555555414e-01 2.305555555555555414e-01 2.305555555555555414e-01 2.305555555555555414e-01 2.305555555555555414e-01 2.305555555555555414e-01 2.305555555555555414e-01 2.305555555555555414e-01 5.708333333333333037e-01 2.305555555555555414e-01
2.305555555555555414e-01 2.305555555555555414e-01 2.305555555555555414e-01 2.305555555555555414e-01 2.305555555555555414e-01 2.305555555555555414e-01 2.305555555555555414e-01 2.305555555555555414e-01 2.305555555555555414e-01 2.305555555555555414e-01 2.305555555555555414e-01 2.305555555555555414e-01 2.305555555555555414e-01 2.305555555555555414e-01 2.305555555555555414e-01 2.305555555555555414e-01 2.305555555555555414e-01 2.305555555555555414e-01 2.305555555555555414e-01 2.305555555555555414e-01 2.305555555555555414e-01 2.305555555555555414e-01 2.305555555555555414e-01 2.305555555555555414e-01
