8.919202932679205276e+00 8.919202932679205276e+00 8.919202932679205276e+00 8.919202932679205276e+00 8.919202932679205276e+00 8.919202932679205276e+00 8.919202932679205276e+00 8.919202932679205276e+00 8.919202932679205276e+00 8.919202932679205276e+00 1.817873002202034272e+01 2.736552508678408202e+01 5.872926979582911855e+01 7.512071330589850504e+01 7.262757201646090266e+01 4.447048766426113531e+01 2.050495983383818555e+01 8.919202932679205276e+00 8.919202932679205276e+00 8.919202932679205276e+00 8.919202932679205276e+00 8.919202932679205276e+00 8.919202932679205276e+00 8.919202932679205276e+00
8.919202932679205276e+00 8.919202932679205276e+00 8.919202932679205276e+00 8.919202932679205276e+00 8.919202932679205276e+00 8.919202932679205276e+00 8.919202932679205276e+00 8.919202932679205276e+00 8.919202932679205276e+00 1.817873002202034272e+01 2.736552508678408202e+01 6.357643643310018433e+01 9.213580246913579685e+01 1.187441580631964086e+02 9.595404663923181943e+01 5.149154992308135093e+01 2.818717396353559934e+01 8.919202932679205276e+00 8.919202932679205276e+00 8.919202932679205276e+00 8.919202932679205276e+00 8.919202932679205276e+00 8.919202932679205276e+00 8.919202932679205276e+00
8.919202932679205276e+00 8.919202932679205276e+00 8.919202932679205276e+00 8.919202932679205276e+00 8.919202932679205276e+00 8.919202932679205276e+00 8.919202932679205276e+00 8.919202932679205276e+00 8.919202932679205276e+00 1.817873002202034272e+01 5.235983380052086034e+01 8.600880658436213366e+01 1.210685871056241183e+02 1.284833586022669749e+02 8.620736168267031019e+01 5.149154992308135093e+01 2.794432208319638988e+01 8.919202932679205276e+00 8.919202932679205276e+00 8.919202932679205276e+00 8.919202932679205276e+00 8.919202932679205276e+00 8.919202932679205276e+00 8.919202932679205276e+00
8.919202932679205276e+00 8.919202932679205276e+00 8.919202932679205276e+00 8.919202932679205276e+00 8.919202932679205276e+00 8.919202932679205276e+00 8.919202932679205276e+00 8.919202932679205276e+00 1.817873002202034272e+01 2.909103298145165795e+01 8.600880658436213366e+01 1.210685871056241183e+02 1.362632604144104960e+02 1.181183037325824898e+02 7.715336076817557398e+01 2.794432208319638988e+01 8.919202932679205276e+00 8.919202932679205276e+00 8.919202932679205276e+00 8.919202932679205276e+00 8.919202932679205276e+00 8.919202932679205276e+00 8.919202932679205276e+00 8.919202932679205276e+00
8.919202932679205276e+00 8.919202932679205276e+00 8.919202932679205276e+00 8.919202932679205276e+00 8.919202932679205276e+00 8.919202932679205276e+00 8.919202932679205276e+00 8.919202932679205276e+00 2.736552508678408202e+01 5.235983380052086034e+01 1.042036213991769387e+02 1.210685871056241183e+02 1.236281755829904085e+02 8.620736168267031019e+01 4.382189968328646756e+01 2.794432208319638988e+01 8.919202932679205276e+00 8.919202932679205276e+00 8.919202932679205276e+00 8.919202932679205276e+00 8.919202932679205276e+00 8.919202932679205276e+00 8.919202932679205276e+00 8.919202932679205276e+00
8.919202932679205276e+00 8.919202932679205276e+00 8.919202932679205276e+00 8.919202932679205276e+00 8.919202932679205276e+00 8.919202932679205276e+00 8.919202932679205276e+00 1.817873002202034272e+01 3.878257092304327358e+01 8.600880658436213366e+01 1.210685871056241183e+02 1.362632604144104960e+02 1.028151577503429337e+02 7.715336076817557398e+01 2.794432208319638988e+01 8.919202932679205276e+00 8.919202932679205276e+00 8.919202932679205276e+00 8.919202932679205276e+00 8.919202932679205276e+00 8.919202932679205276e+00 8.919202932679205276e+00 8.919202932679205276e+00 8.919202932679205276e+00
8.919202932679205276e+00 8.919202932679205276e+00 8.919202932679205276e+00 8.919202932679205276e+00 8.919202932679205276e+00 8.919202932679205276e+00 8.919202932679205276e+00 1.817873002202034272e+01 5.520896153412921592e+01 1.042036213991769387e+02 1.310826294130387737e+02 1.236281755829904085e+02 8.620736168267031019e+01 4.382189968328646756e+01 2.794432208319638988e+01 8.919202932679205276e+00 8.919202932679205276e+00 8.919202932679205276e+00 8.919202932679205276e+00 8.919202932679205276e+00 8.919202932679205276e+00 8.919202932679205276e+00 8.919202932679205276e+00 8.919202932679205276e+00
8.919202932679205276e+00 8.919202932679205276e+00 8.919202932679205276e+00 8.919202932679205276e+00 8.919202932679205276e+00 8.919202932679205276e+00 1.817873002202034272e+01 3.878257092304327358e+01 8.600880658436213366e+01 1.210685871056241183e+02 1.335391572208986020e+02 1.028151577503429337e+02 6.517524005486967553e+01 2.794432208319638988e+01 1.684803401674591683e+01 2.291613717591080146e+01 2.991092093532101615e+01 2.991092093532101615e+01 2.636229498419514528e+01 2.050495983383818555e+01 8.919202932679205276e+00 8.919202932679205276e+00 8.919202932679205276e+00 8.919202932679205276e+00
8.919202932679205276e+00 8.919202932679205276e+00 8.919202932679205276e+00 8.919202932679205276e+00 8.919202932679205276e+00 8.919202932679205276e+00 1.817873002202034272e+01 5.235983380052086034e+01 1.042036213991769387e+02 1.210685871056241183e+02 1.236281755829904085e+02 8.620736168267031019e+01 5.149154992308135093e+01 2.381453040434427848e+01 4.306441478115696242e+01 5.235983380052086034e+01 6.379478737997255422e+01 7.262757201646090266e+01 5.046178008389495062e+01 2.636229498419514528e+01 2.050495983383818555e+01 8.919202932679205276e+00 8.919202932679205276e+00 8.919202932679205276e+00
8.919202932679205276e+00 8.919202932679205276e+00 8.919202932679205276e+00 8.919202932679205276e+00 8.919202932679205276e+00 8.919202932679205276e+00 2.909103298145165795e+01 6.598885069921814761e+01 1.210685871056241183e+02 1.335391572208986020e+02 1.181183037325824898e+02 8.620736168267031019e+01 4.595766305025564691e+01 4.949169316798362672e+01 7.149629629629627914e+01 9.498628257887516213e+01 1.168566409164199911e+02 1.091250451230958021e+02 8.546570644718792664e+01 6.196433470507543007e+01 2.818717396353559934e+01 8.919202932679205276e+00 8.919202932679205276e+00 8.919202932679205276e+00
8.919202932679205276e+00 8.919202932679205276e+00 8.919202932679205276e+00 8.919202932679205276e+00 8.919202932679205276e+00 1.817873002202034272e+01 4.891960464669356412e+01 8.600880658436213366e+01 1.210685871056241183e+02 1.335391572208986020e+02 9.908436213991768682e+01 5.149154992308135093e+01 6.357643643310018433e+01 8.327270233196158244e+01 1.124023776863282933e+02 1.294372247491155861e+02 1.315262255432820666e+02 1.391647794383077041e+02 1.208830589849108321e+02 9.595404663923181943e+01 4.447048766426113531e+01 2.050495983383818555e+01 8.919202932679205276e+00 8.919202932679205276e+00
8.919202932679205276e+00 8.919202932679205276e+00 8.919202932679205276e+00 8.919202932679205276e+00 8.919202932679205276e+00 2.736552508678408202e+01 5.740312651173269387e+01 1.042036213991769387e+02 1.315262255432820666e+02 1.264001371742112383e+02 9.908436213991768682e+01 7.262757201646090266e+01 8.600880658436213366e+01 1.124023776863282933e+02 1.315262255432820666e+02 1.291470850480109505e+02 1.402623902004668537e+02 1.402623902004668537e+02 1.417706302794022122e+02 1.129259259259259238e+02 5.921086716012349882e+01 2.818717396353559934e+01 8.919202932679205276e+00 8.919202932679205276e+00
8.919202932679205276e+00 8.919202932679205276e+00 8.919202932679205276e+00 8.919202932679205276e+00 1.817873002202034272e+01 3.878257092304327358e+01 8.600880658436213366e+01 1.210685871056241183e+02 1.335391572208986020e+02 1.028151577503429337e+02 8.620736168267031019e+01 8.600880658436213366e+01 1.210685871056241183e+02 1.315262255432820666e+02 1.181183037325824898e+02 1.291470850480109505e+02 1.375409621447308268e+02 1.375409621447308268e+02 1.417706302794022122e+02 1.039742798353909450e+02 5.149154992308135093e+01 2.794432208319638988e+01 8.919202932679205276e+00 8.919202932679205276e+00
8.919202932679205276e+00 8.919202932679205276e+00 8.919202932679205276e+00 8.919202932679205276e+00 1.817873002202034272e+01 5.235983380052086034e+01 1.042036213991769387e+02 1.310826294130387737e+02 1.264001371742112383e+02 1.039742798353909450e+02 1.114206675811614105e+02 1.042036213991769387e+02 1.315262255432820666e+02 1.335391572208986020e+02 1.264001371742112383e+02 1.191167695473250916e+02 1.195347166269583141e+02 1.375409621447308268e+02 1.417706302794022122e+02 9.908436213991768682e+01 5.149154992308135093e+01 2.794432208319638988e+01 8.919202932679205276e+00 8.919202932679205276e+00
8.919202932679205276e+00 8.919202932679205276e+00 8.919202932679205276e+00 8.919202932679205276e+00 1.817873002202034272e+01 4.891960464669356412e+01 1.042036213991769387e+02 1.375409621447308268e+02 1.379848386398093965e+02 1.129259259259259238e+02 1.114206675811614105e+02 1.210685871056241183e+02 1.391647794383077041e+02 1.379848386398093965e+02 1.208830589849108321e+02 1.114206675811614105e+02 1.210685871056241183e+02 1.335391572208986020e+02 1.236281755829904085e+02 8.620736168267031019e+01 2.953206554391725547e+01 8.919202932679205276e+00 8.919202932679205276e+00 8.919202932679205276e+00
8.919202932679205276e+00 8.919202932679205276e+00 8.919202932679205276e+00 8.919202932679205276e+00 1.817873002202034272e+01 3.633824994977553757e+01 9.315843621399176300e+01 1.346529131470651919e+02 1.391647794383077041e+02 1.254298065121651575e+02 1.254298065121651575e+02 1.434888022525449287e+02 1.391647794383077041e+02 1.391647794383077041e+02 1.254298065121651575e+02 1.187441580631964086e+02 1.315262255432820666e+02 1.342573460399971168e+02 1.028151577503429337e+02 6.517524005486967553e+01 2.794432208319638988e+01 8.919202932679205276e+00 8.919202932679205276e+00 8.919202932679205276e+00
8.919202932679205276e+00 8.919202932679205276e+00 8.919202932679205276e+00 8.919202932679205276e+00 1.817873002202034272e+01 3.298205188486242889e+01 8.600880658436213366e+01 1.346529131470651919e+02 1.402623902004668537e+02 1.473684682213076940e+02 1.573146332672453127e+02 1.573146332672453127e+02 1.573146332672453127e+02 1.391647794383077041e+02 1.391647794383077041e+02 1.362632604144104960e+02 1.342573460399971168e+02 1.028151577503429337e+02 7.715336076817557398e+01 4.382189968328646756e+01 2.338454841197295764e+01 8.919202932679205276e+00 8.919202932679205276e+00 8.919202932679205276e+00
8.919202932679205276e+00 8.919202932679205276e+00 8.919202932679205276e+00 8.919202932679205276e+00 8.919202932679205276e+00 3.298205188486242889e+01 6.598885069921814761e+01 1.025233015666738936e+02 1.346529131470651919e+02 1.573146332672453127e+02 1.573146332672453127e+02 1.573146332672453127e+02 1.473684682213076940e+02 1.473684682213076940e+02 1.342573460399971168e+02 1.342573460399971168e+02 1.073454985199624474e+02 7.715336076817557398e+01 4.382189968328646756e+01 2.854594226477535557e+01 8.919202932679205276e+00 8.919202932679205276e+00 8.919202932679205276e+00 8.919202932679205276e+00
8.919202932679205276e+00 8.919202932679205276e+00 8.919202932679205276e+00 8.919202932679205276e+00 8.919202932679205276e+00 2.535430524329028401e+01 4.041956213806607678e+01 6.598885069921814761e+01 8.657878492527615322e+01 1.291470850480109505e+02 1.291470850480109505e+02 1.291470850480109505e+02 1.342573460399971168e+02 1.236281755829904085e+02 1.073454985199624474e+02 9.647744711573172083e+01 7.613971193415638083e+01 4.382189968328646756e+01 2.854594226477535557e+01 8.919202932679205276e+00 8.919202932679205276e+00 8.919202932679205276e+00 8.919202932679205276e+00 8.919202932679205276e+00
8.919202932679205276e+00 8.919202932679205276e+00 8.919202932679205276e+00 8.919202932679205276e+00 8.919202932679205276e+00 8.919202932679205276e+00 2.164897560869982840e+01 4.041956213806607678e+01 5.502849843939483776e+01 8.657878492527615322e+01 8.657878492527615322e+01 1.025233015666738936e+02 9.148408779149518466e+01 7.613971193415638083e+01 7.613971193415638083e+01 4.382189968328646756e+01 3.260653748157024978e+01 2.338454841197295764e+01 8.919202932679205276e+00 8.919202932679205276e+00 8.919202932679205276e+00 8.919202932679205276e+00 8.919202932679205276e+00 8.919202932679205276e+00
8.919202932679205276e+00 8.919202932679205276e+00 8.919202932679205276e+00 8.919202932679205276e+00 8.919202932679205276e+00 8.919202932679205276e+00 8.919202932679205276e+00 8.919202932679205276e+00 2.535430524329028401e+01 4.079736116485732822e+01 4.318634321385260222e+01 4.318634321385260222e+01 4.344217311783066293e+01 3.260653748157024978e+01 3.260653748157024978e+01 2.338454841197295764e+01 2.134869669425384942e+01 8.919202932679205276e+00 8.919202932679205276e+00 8.919202932679205276e+00 8.919202932679205276e+00 8.919202932679205276e+00 8.919202932679205276e+00 8.919202932679205276e+00
8.919202932679205276e+00 8.919202932679205276e+00 8.919202932679205276e+00 8.919202932679205276e+00 8.919202932679205276e+00 8.919202932679205276e+00 8.919202932679205276e+00 8.919202932679205276e+00 8.919202932679205276e+00 8.919202932679205276e+00 2.164897560869982840e+01 2.338454841197295764e+01 2.134869669425384942e+01 8.919202932679205276e+00 8.919202932679205276e+00 8.919202932679205276e+00 8.919202932679205276e+00 8.919202932679205276e+00 8.919202932679205276e+00 8.919202932679205276e+00 8.919202932679205276e+00 8.919202932679205276e+00 8.919202932679205276e+00 8.919202932679205276e+00
8.919202932679205276e+00 8.919202932679205276e+00 8.919202932679205276e+00 8.919202932679205276e+00 8.919202932679205276e+00 8.919202932679205276e+00 8.919202932679205276e+00 8.919202932679205276e+00 8.919202932679205276e+00 8.919202932679205276e+00 8.919202932679205276e+00 8.919202932679205276e+00 8.919202932679205276e+00 8.919202932679205276e+00 8.919202932679205276e+00 8.919202932679205276e+00 8.919202932679205276e+00 8.919202932679205276e+00 8.919202932679205276e+00 8.919202932679205276e+00 8.919202932679205276e+00 8.919202932679205276e+00 8.919202932679205276e+00 8.919202932679205276e+00
8.919202932679205276e+00 8.919202932679205276e+00 8.919202932679205276e+00 8.919202932679205276e+00 8.919202932679205276e+00 8.919202932679205276e+00 8.919202932679205276e+00 8.919202932679205276e+00 8.919202932679205276e+00 8.919202932679205276e+00 8.919202932679205276e+00 8.919202932679205276e+00 8.919202932679205276e+00 8.919202932679205276e+00 8.919202932679205276e+00 8.919202932679205276e+00 8.919202932679205276e+00 8.919202932679205276e+00 8.919202932679205276e+00 8.919202932679205276e+00 8.919202932679205276e+00 8.919202932679205276e+00 8.919202932679205276e+00 8.919202932679205276e+00
