2.305555555555555414e-01 2.305555555555555414e-01 2.305555555555555414e-01 2.305555555555555414e-01 2.305555555555555414e-01 4.187683715461492651e-01 2.233796296296295947e-01 1.360740740740740806e+00 8.635416666666667629e-01 1.194444444444444420e+00 1.227283950617283903e+00 9.027160493827161014e-01 1.058981481481481524e+00 8.563271604938270665e-01 1.320555555555555483e+00 9.925925925925925819e-01 1.227283950617283903e+00 1.125694444444444331e+00 1.044444444444444509e+00 9.175308641975309376e-01 4.976851851851851194e-01 4.976851851851851194e-01 2.305555555555555414e-01 2.233796296296295947e-01
2.305555555555555414e-01 2.305555555555555414e-01 2.305555555555555414e-01 2.305555555555555414e-01 2.233796296296295947e-01 2.305555555555555414e-01 4.976851851851851194e-01 1.044444444444444509e+00 1.396296296296296147e+00 8.635416666666667629e-01 7.944444444444445086e-01 1.283456790123456814e+00 1.547430376112546746e+00 1.396296296296296147e+00 1.547430376112546746e+00 1.588888888888889239e+00 1.495046296296296262e+00 2.305555555555555414e-01 2.305555555555555414e-01 2.233796296296295947e-01 2.233796296296295947e-01 2.233796296296295947e-01 2.233796296296295947e-01 2.233796296296295947e-01
2.305555555555555414e-01 2.305555555555555414e-01 2.305555555555555414e-01 2.305555555555555414e-01 2.233796296296295947e-01 4.187683715461492651e-01 1.044444444444444509e+00 1.538359788359788372e+00 2.364010614470736904e+00 6.161111111111110539e-01 2.342361111111110894e+00 6.161111111111110539e-01 1.345238095238095344e+00 1.829611111111110855e+00 2.210322598019629936e+00 1.797171075837742604e+00 1.413728967062300335e+00 6.043650793650794384e-01 2.233796296296295947e-01 4.976851851851851194e-01 2.233796296296295947e-01 2.233796296296295947e-01 2.305555555555555414e-01 2.233796296296295947e-01
2.305555555555555414e-01 2.305555555555555414e-01 2.305555555555555414e-01 2.305555555555555414e-01 2.233796296296295947e-01 2.305555555555555414e-01 4.976851851851851194e-01 1.483564814814814614e+00 1.135793650793650933e+01 1.544603174603174622e+01 1.669753086419752952e+00 1.382846988402543831e+00 1.044444444444444509e+00 1.588888888888889239e+00 1.985870129870129563e+00 1.367592592592592471e+00 9.282407407407405886e-01 9.027160493827161014e-01 8.635416666666667629e-01 2.233796296296295947e-01 2.233796296296295947e-01 2.233796296296295947e-01 2.305555555555555414e-01 2.233796296296295947e-01
2.305555555555555414e-01 2.305555555555555414e-01 2.305555555555555414e-01 2.305555555555555414e-01 2.305555555555555414e-01 2.305555555555555414e-01 1.215740740740740788e+00 1.322962962962962896e+00 4.265041666666666487e+01 8.560925925925926094e+01 6.754765079365077440e+01 1.490443057964796836e+01 1.490443057964796836e+01 1.209382716049382633e+00 2.152160493827160348e+00 1.544603174603174622e+01 1.258052910052909867e+00 9.295555555555555793e-01 6.161111111111110539e-01 2.233796296296295947e-01 8.563271604938270665e-01 2.233796296296295947e-01 2.233796296296295947e-01 2.233796296296295947e-01
2.305555555555555414e-01 2.305555555555555414e-01 2.305555555555555414e-01 2.305555555555555414e-01 2.305555555555555414e-01 2.233796296296295947e-01 2.305555555555555414e-01 4.976851851851851194e-01 2.322328042328042574e+00 4.362808730158729986e+01 1.147091666666666754e+02 1.147091666666666754e+02 6.511226851851851904e+01 8.496148148148147072e+01 6.754765079365077440e+01 6.754765079365077440e+01 1.490443057964796836e+01 2.235978835978835733e+01 7.731481481481482509e-01 6.161111111111110539e-01 9.282407407407405886e-01 2.233796296296295947e-01 2.233796296296295947e-01 2.305555555555555414e-01
2.305555555555555414e-01 2.305555555555555414e-01 2.305555555555555414e-01 2.305555555555555414e-01 2.305555555555555414e-01 2.305555555555555414e-01 4.187683715461492651e-01 2.305555555555555414e-01 4.976851851851851194e-01 1.824884259259259167e+01 7.099309523809525047e+01 1.547430376112546746e+00 1.069944444444444258e+02 1.332388888888888800e+02 1.159054526748971057e+02 1.399752380952380975e+02 1.128432539682539471e+02 2.090203703703703653e+01 2.233796296296295947e-01 2.364010614470736904e+00 1.319259259259259132e+00 9.295555555555555793e-01 4.976851851851851194e-01 2.305555555555555414e-01
2.305555555555555414e-01 2.305555555555555414e-01 2.305555555555555414e-01 2.305555555555555414e-01 2.305555555555555414e-01 2.233796296296295947e-01 4.187683715461492651e-01 7.866666666666666252e-01 1.251851851851851771e+00 9.637511022927689464e-01 1.722222222222222099e+00 1.682414141414141362e+00 2.342361111111110894e+00 2.342361111111110894e+00 9.026851851851851904e+01 6.985111111111110915e+01 1.338625000000000114e+02 1.347114748677248599e+02 4.351527777777777573e+01 2.364010614470736904e+00 1.706677248677248571e+00 8.879629629629629539e-01 2.233796296296295947e-01 2.305555555555555414e-01
2.305555555555555414e-01 2.305555555555555414e-01 2.305555555555555414e-01 2.305555555555555414e-01 2.233796296296295947e-01 2.305555555555555414e-01 1.294444444444444509e+00 9.925925925925925819e-01 1.413728967062300335e+00 1.215740740740740788e+00 2.080572782084409766e+00 1.378002244668911080e+00 1.516759259259259141e+00 1.577962962962962568e+00 1.722222222222222099e+00 1.682414141414141362e+00 5.592283950617283494e+01 9.512608024691355979e+01 9.026851851851851904e+01 1.502962962962962834e+00 1.761825396825396739e+00 1.588888888888889239e+00 2.233796296296295947e-01 2.305555555555555414e-01
2.305555555555555414e-01 2.305555555555555414e-01 2.305555555555555414e-01 2.305555555555555414e-01 2.233796296296295947e-01 4.187683715461492651e-01 1.194629629629629486e+00 1.547430376112546746e+00 1.421666666666666412e+00 2.233796296296295947e-01 9.635802469135802406e-01 1.985870129870129563e+00 9.282407407407405886e-01 7.866666666666666252e-01 8.563271604938270665e-01 5.592283950617283494e+01 7.167092592592591416e+01 1.185662345679012333e+02 2.364010614470736904e+00 2.329851851851851841e+00 2.210322598019629936e+00 1.797171075837742604e+00 1.386869920675433798e+00 2.233796296296295947e-01
2.305555555555555414e-01 2.305555555555555414e-01 2.305555555555555414e-01 2.305555555555555414e-01 2.233796296296295947e-01 2.305555555555555414e-01 1.193981481481481310e+00 1.396296296296296147e+00 1.516759259259259141e+00 1.185802469135802228e+00 8.911111111111111871e-01 1.612698412698412298e+00 9.222222222222222765e-01 6.161111111111110539e-01 1.058981481481481524e+00 5.592283950617283494e+01 1.429011111111111063e+02 2.364010614470736904e+00 2.586094104308389596e+00 2.342361111111110894e+00 2.235061728395061564e+00 1.588888888888889239e+00 7.866666666666666252e-01 2.233796296296295947e-01
2.305555555555555414e-01 2.305555555555555414e-01 2.305555555555555414e-01 2.305555555555555414e-01 2.233796296296295947e-01 2.305555555555555414e-01 1.215740740740740788e+00 1.058981481481481524e+00 1.470524691358024327e+00 1.571944444444444589e+00 2.342361111111110894e+00 1.612698412698412298e+00 2.384722222222221966e+00 1.024458028550476296e+00 8.046296296296295836e-01 1.324158024691357980e+02 1.300742857142857360e+02 4.351527777777777573e+01 2.586094104308389596e+00 2.152160493827160348e+00 2.087294238683127912e+00 9.222222222222222765e-01 1.229488536155202594e+00 4.976851851851851194e-01
2.305555555555555414e-01 2.305555555555555414e-01 2.305555555555555414e-01 2.305555555555555414e-01 2.233796296296295947e-01 2.305555555555555414e-01 2.305555555555555414e-01 8.046296296296295836e-01 4.976851851851851194e-01 2.384782154126960929e+00 2.012910425778642765e+00 2.364010614470736904e+00 1.094603174603174578e+00 1.345238095238095344e+00 1.447707231040564091e+00 9.282777777777778283e+01 7.627407407407407902e+01 4.334333333333332661e+01 2.258484848484848317e+00 2.449869809203142346e+00 1.706677248677248571e+00 1.030555555555555447e+00 1.413728967062300335e+00 2.233796296296295947e-01
2.305555555555555414e-01 2.305555555555555414e-01 2.305555555555555414e-01 2.305555555555555414e-01 2.233796296296295947e-01 2.305555555555555414e-01 4.187683715461492651e-01 2.305555555555555414e-01 8.046296296296295836e-01 1.260529100529100388e+00 2.384722222222221966e+00 2.805092916330541808e+00 2.122962962962962941e+00 1.447707231040564091e+00 1.347114748677248599e+02 2.364010614470736904e+00 1.404382716049382473e+00 1.227283950617283903e+00 1.470524691358024327e+00 8.635416666666667629e-01 1.866208112874779390e+00 1.094603174603174578e+00 1.413728967062300335e+00 2.233796296296295947e-01
2.305555555555555414e-01 2.305555555555555414e-01 2.305555555555555414e-01 2.305555555555555414e-01 2.233796296296295947e-01 4.187683715461492651e-01 2.233796296296295947e-01 6.161111111111110539e-01 4.976851851851851194e-01 1.194444444444444420e+00 1.483564814814814614e+00 1.541719576719576601e+00 1.447707231040564091e+00 1.635482969576719654e+02 1.002238888888888795e+02 3.141416022263371488e+01 8.474074074074072760e-01 8.474074074074072760e-01 2.305555555555555414e-01 1.322962962962962896e+00 1.057716049382716017e+00 1.194444444444444420e+00 7.866666666666666252e-01 2.233796296296295947e-01
2.305555555555555414e-01 2.305555555555555414e-01 2.305555555555555414e-01 2.305555555555555414e-01 2.233796296296295947e-01 2.305555555555555414e-01 4.187683715461492651e-01 2.233796296296295947e-01 8.046296296296295836e-01 6.250000000000000000e-01 1.089475273924092713e+00 1.447707231040564091e+00 1.117023148148147982e+02 9.700291666666666401e+01 2.364010614470736904e+00 7.999999999999999334e-01 7.999999999999999334e-01 9.637511022927689464e-01 2.305555555555555414e-01 9.531893004115224999e-01 6.250000000000000000e-01 6.250000000000000000e-01 1.089475273924092713e+00 4.976851851851851194e-01
2.305555555555555414e-01 2.305555555555555414e-01 2.305555555555555414e-01 2.305555555555555414e-01 2.233796296296295947e-01 4.187683715461492651e-01 1.243055555555555358e+00 7.999999999999999334e-01 9.175308641975309376e-01 4.187683715461492651e-01 8.046296296296295836e-01 2.333109154330440660e+01 9.282777777777778283e+01 2.364010614470736904e+00 1.749074074074074003e+00 1.319259259259259132e+00 7.944444444444445086e-01 6.161111111111110539e-01 9.637511022927689464e-01 8.563271604938270665e-01 2.305555555555555414e-01 8.879629629629629539e-01 2.305555555555555414e-01 2.233796296296295947e-01
2.305555555555555414e-01 2.305555555555555414e-01 2.305555555555555414e-01 2.305555555555555414e-01 2.233796296296295947e-01 2.364010614470736904e+00 4.187683715461492651e-01 2.233796296296295947e-01 9.295555555555555793e-01 6.161111111111110539e-01 1.447707231040564091e+00 1.347114748677248599e+02 1.066033333333333246e+02 2.364010614470736904e+00 1.367592592592592471e+00 1.322962962962962896e+00 7.866666666666666252e-01 7.731481481481482509e-01 9.282407407407405886e-01 7.866666666666666252e-01 2.233796296296295947e-01 2.233796296296295947e-01 2.233796296296295947e-01 2.233796296296295947e-01
2.305555555555555414e-01 2.305555555555555414e-01 2.305555555555555414e-01 2.305555555555555414e-01 2.233796296296295947e-01 2.305555555555555414e-01 4.976851851851851194e-01 1.588888888888889239e+00 1.345238095238095344e+00 6.506404320987654444e+01 1.635482969576719654e+02 1.384583333333333144e+02 2.364010614470736904e+00 1.242870370370370203e+01 1.493530864197530672e+00 1.094603174603174578e+00 8.635416666666667629e-01 6.043650793650794384e-01 4.976851851851851194e-01 9.295555555555555793e-01 6.043650793650794384e-01 2.233796296296295947e-01 2.233796296296295947e-01 2.233796296296295947e-01
2.305555555555555414e-01 2.305555555555555414e-01 2.305555555555555414e-01 2.305555555555555414e-01 2.305555555555555414e-01 2.305555555555555414e-01 4.976851851851851194e-01 2.076157407407407174e+00 1.447707231040564091e+00 9.180055555555554747e+01 1.300742857142857360e+02 9.026851851851851904e+01 1.215740740740740788e+00 8.474074074074072760e-01 8.563271604938270665e-01 1.194629629629629486e+00 6.161111111111110539e-01 6.043650793650794384e-01 8.879629629629629539e-01 8.046296296296295836e-01 2.233796296296295947e-01 2.233796296296295947e-01 2.233796296296295947e-01 2.233796296296295947e-01
2.305555555555555414e-01 2.305555555555555414e-01 2.305555555555555414e-01 2.305555555555555414e-01 2.233796296296295947e-01 4.187683715461492651e-01 4.187683715461492651e-01 8.911111111111111871e-01 7.274805555555556680e+01 1.339881944444444457e+02 9.700291666666666401e+01 2.364010614470736904e+00 1.077333333333333254e+00 9.282407407407405886e-01 4.976851851851851194e-01 4.976851851851851194e-01 1.227283950617283903e+00 1.194444444444444420e+00 1.396296296296296147e+00 7.866666666666666252e-01 6.043650793650794384e-01 4.976851851851851194e-01 2.305555555555555414e-01 2.233796296296295947e-01
2.305555555555555414e-01 2.305555555555555414e-01 2.305555555555555414e-01 2.305555555555555414e-01 2.233796296296295947e-01 2.233796296296295947e-01 4.187683715461492651e-01 1.447707231040564091e+00 1.021799999999999784e+02 8.890611111111113019e+01 2.364010614470736904e+00 1.749074074074074003e+00 1.181415343915344085e+00 1.064814814814814659e+00 8.046296296296295836e-01 4.976851851851851194e-01 8.474074074074072760e-01 2.305555555555555414e-01 1.306142108919886580e+00 4.976851851851851194e-01 2.233796296296295947e-01 2.233796296296295947e-01 2.305555555555555414e-01 2.233796296296295947e-01
2.305555555555555414e-01 2.305555555555555414e-01 2.305555555555555414e-01 2.305555555555555414e-01 2.233796296296295947e-01 4.187683715461492651e-01 1.322962962962962896e+00 3.759259259259259522e+00 9.282777777777778283e+01 5.822833333333333883e+01 1.243055555555555358e+00 1.968888888888888689e+00 9.282407407407405886e-01 7.999999999999999334e-01 2.233796296296295947e-01 4.976851851851851194e-01 2.233796296296295947e-01 2.305555555555555414e-01 2.305555555555555414e-01 4.976851851851851194e-01 2.305555555555555414e-01 2.233796296296295947e-01 2.305555555555555414e-01 2.233796296296295947e-01
2.305555555555555414e-01 2.305555555555555414e-01 2.305555555555555414e-01 2.305555555555555414e-01 2.233796296296295947e-01 2.305555555555555414e-01 1.396296296296296147e+00 1.745370370370370239e+00 1.547430376112546746e+00 1.370306273620558990e+01 2.080572782084409766e+00 1.797171075837742604e+00 1.762962962962963065e+00 1.077333333333333254e+00 6.043650793650794384e-01 2.233796296296295947e-01 2.233796296296295947e-01 2.233796296296295947e-01 2.233796296296295947e-01 2.233796296296295947e-01 2.305555555555555414e-01 2.305555555555555414e-01 2.305555555555555414e-01 2.305555555555555414e-01
