4.383855095497859899e+00 4.383855095497859899e+00 4.383855095497859899e+00 4.383855095497859899e+00 1.234626455174525628e+00 7.814814814814815547e-01 8.541152263374484077e-01 8.541152263374484077e-01 1.087870370370370265e+00 1.728240740740740522e+00 1.728240740740740522e+00 8.563271604938270665e-01 1.135555555555555429e+00 1.135555555555555651e+00 8.563271604938270665e-01 8.541152263374484077e-01 7.194444444444444420e-01 1.030000000000000027e+00 1.341527725700953910e+00 1.234626455174525628e+00 1.345238095238095344e+00 7.194444444444444420e-01 1.234626455174525628e+00 1.234626455174525628e+00
4.383855095497859899e+00 4.383855095497859899e+00 4.383855095497859899e+00 4.383855095497859899e+00 1.234626455174525628e+00 7.194444444444444420e-01 1.044814814814814863e+00 1.106481481481481399e+00 7.814814814814815547e-01 7.814814814814815547e-01 8.541152263374484077e-01 1.075228475228474867e+00 1.075228475228474867e+00 1.106481481481481399e+00 7.194444444444444420e-01 7.814814814814815547e-01 7.194444444444444420e-01 1.044814814814814863e+00 1.106481481481481399e+00 1.881504997060552187e+00 2.016492216854535613e+00 1.135555555555555651e+00 8.563271604938270665e-01 8.563271604938270665e-01
4.383855095497859899e+00 4.383855095497859899e+00 4.383855095497859899e+00 4.383855095497859899e+00 1.234626455174525628e+00 8.563271604938270665e-01 8.563271604938270665e-01 8.563271604938270665e-01 8.563271604938270665e-01 8.541152263374484077e-01 1.044814814814814863e+00 1.728240740740740522e+00 8.563271604938270665e-01 8.563271604938270665e-01 8.563271604938270665e-01 1.248611111111110894e+00 8.563271604938270665e-01 7.194444444444444420e-01 1.135555555555555429e+00 1.378002244668911080e+00 1.106481481481481399e+00 1.075228475228474867e+00 8.541152263374484077e-01 1.234626455174525628e+00
4.383855095497859899e+00 4.383855095497859899e+00 4.383855095497859899e+00 4.383855095497859899e+00 1.234626455174525628e+00 7.814814814814815547e-01 1.341527725700953910e+00 1.030000000000000027e+00 1.100000000000000089e+00 8.563271604938270665e-01 8.541152263374484077e-01 8.541152263374484077e-01 7.814814814814815547e-01 8.541152263374484077e-01 8.541152263374484077e-01 8.541152263374484077e-01 8.541152263374484077e-01 7.194444444444444420e-01 1.422593375616631350e+00 1.926666666666666528e+00 8.563271604938270665e-01 1.248611111111110894e+00 7.194444444444444420e-01 8.563271604938270665e-01
4.383855095497859899e+00 4.383855095497859899e+00 4.383855095497859899e+00 4.383855095497859899e+00 1.234626455174525628e+00 7.194444444444444420e-01 1.447685185185185075e+00 1.038769841269841177e+00 7.814814814814815547e-01 8.541152263374484077e-01 8.541152263374484077e-01 7.194444444444444420e-01 7.194444444444444420e-01 1.106481481481481399e+00 1.044814814814814863e+00 1.106481481481481399e+00 7.814814814814815547e-01 7.194444444444444420e-01 1.447685185185185075e+00 1.341527725700953910e+00 8.541152263374484077e-01 8.541152263374484077e-01 8.563271604938270665e-01 1.234626455174525628e+00
4.383855095497859899e+00 4.383855095497859899e+00 4.383855095497859899e+00 4.383855095497859899e+00 4.383855095497859899e+00 4.383855095497859899e+00 7.194444444444444420e-01 8.541152263374484077e-01 1.106481481481481399e+00 1.044814814814814863e+00 1.106481481481481399e+00 7.814814814814815547e-01 7.814814814814815547e-01 7.814814814814815547e-01 1.044814814814814863e+00 6.764222222222221603e+01 9.429111111111109267e+01 6.764222222222221603e+01 6.764222222222221603e+01 1.611594615487878634e+00 1.044814814814814863e+00 7.814814814814815547e-01 7.194444444444444420e-01 8.563271604938270665e-01
8.563271604938270665e-01 1.135555555555555429e+00 7.814814814814815547e-01 7.194444444444444420e-01 7.814814814814815547e-01 7.194444444444444420e-01 7.194444444444444420e-01 7.814814814814815547e-01 7.814814814814815547e-01 1.044814814814814863e+00 9.429111111111109267e+01 6.764222222222221603e+01 1.671279344193817735e+02 1.673719907407406993e+02 1.671279344193817735e+02 1.666627314814814440e+02 1.672640211640211305e+02 1.661542592592592484e+02 1.666627314814814440e+02 1.104085201429499676e+02 1.447685185185185075e+00 1.436111111111110894e+00 8.541152263374484077e-01 1.234626455174525628e+00
1.100000000000000089e+00 1.345238095238095344e+00 1.606944444444444287e+00 1.260817901234567984e+01 1.490443057964796836e+01 1.044814814814814863e+00 6.764222222222221603e+01 1.671279344193817735e+02 1.671279344193817735e+02 1.671279344193817735e+02 1.673719907407406993e+02 1.673719907407406993e+02 1.674077777777777669e+02 1.672640211640211305e+02 1.662766666666666424e+02 1.655100198412698376e+02 1.675049999999999670e+02 1.671279344193817735e+02 1.660884337853233603e+02 1.409665374677002205e+02 4.488750000000000995e+01 1.333333333333333259e+00 7.194444444444444420e-01 1.234626455174525628e+00
1.248611111111110894e+00 1.106481481481481399e+00 4.226878306878306546e+01 9.683537037037037010e+01 1.671279344193817735e+02 1.666627314814814440e+02 1.672640211640211305e+02 1.675049999999999670e+02 1.671593713450292285e+02 1.671593713450292285e+02 1.671180555555555429e+02 1.673719907407406993e+02 1.671180555555555429e+02 1.671180555555555429e+02 1.655105105123920737e+02 1.665796825396825511e+02 1.674077777777777669e+02 1.667963666666666427e+02 1.666587962962962877e+02 1.242757936507936591e+02 6.120375925925925742e+01 1.333333333333333259e+00 1.252910052910052974e+00 1.234626455174525628e+00
1.606944444444444287e+00 4.101851851851851904e+01 9.194830246913579685e+01 1.671180555555555429e+02 1.675049999999999670e+02 1.671279344193817735e+02 1.665796825396825511e+02 1.664813271604938052e+02 1.674077777777777669e+02 1.671180555555555429e+02 1.666587962962962877e+02 1.671593713450292285e+02 1.664344444444444093e+02 1.664344444444444093e+02 1.664344444444444093e+02 1.664344444444444093e+02 1.671279344193817735e+02 1.671279344193817735e+02 1.660884337853233603e+02 1.409665374677002205e+02 4.082952674897119039e+01 1.489021164021163912e+00 8.541152263374484077e-01 1.234626455174525628e+00
1.112962962962962932e+00 5.068925925925925213e+01 1.655100198412698376e+02 1.674077777777777669e+02 1.675049999999999670e+02 1.671279344193817735e+02 1.666587962962962877e+02 1.664344444444444093e+02 1.664344444444444093e+02 1.664344444444444093e+02 1.664344444444444093e+02 9.026851851851851904e+01 4.844009523809523188e+01 4.313308080808081257e+01 1.363438888888888698e+02 8.882044444444444764e+01 1.667963666666666427e+02 1.666587962962962877e+02 1.661004629629629505e+02 1.333426719576719393e+02 9.406916777335105451e+00 8.541152263374484077e-01 1.542889317889317713e+00 1.234626455174525628e+00
1.992793650793650784e+00 2.432272203795835530e+00 8.882044444444444764e+01 1.550583333333333371e+02 1.674077777777777669e+02 1.675049999999999670e+02 1.409665374677002205e+02 1.096958730158730049e+02 9.026851851851851904e+01 4.313308080808081257e+01 4.313308080808081257e+01 1.587654320987654355e+00 2.223256373256373042e+00 2.891758263804341755e+00 2.432272203795835530e+00 8.882044444444444764e+01 1.671279344193817735e+02 1.660884337853233603e+02 1.665796825396825511e+02 9.026851851851851904e+01 1.436111111111110894e+00 8.541152263374484077e-01 7.194444444444444420e-01 4.383855095497859899e+00
1.489021164021163912e+00 1.362037037037037157e+00 3.486229629629629301e+01 1.375143518518518420e+02 1.664344444444444093e+02 1.664344444444444093e+02 9.026851851851851904e+01 9.406916777335105451e+00 2.258484848484848317e+00 2.016492216854535613e+00 1.362037037037037157e+00 1.727092592592592624e+00 1.135555555555555651e+00 1.454888888888888676e+00 2.153333333333333321e+00 1.667963666666666427e+02 1.667963666666666427e+02 1.666587962962962877e+02 1.242298809523809524e+02 5.160515432098765132e+01 1.651481481481481328e+00 1.606944444444444287e+00 8.563271604938270665e-01 4.383855095497859899e+00
1.135555555555555651e+00 1.030000000000000027e+00 8.563271604938270665e-01 2.016492216854535613e+00 4.844009523809523188e+01 4.313308080808081257e+01 9.406916777335105451e+00 1.545341456897012078e+00 1.362037037037037157e+00 1.545341456897012078e+00 1.454888888888888676e+00 8.541152263374484077e-01 1.087870370370370265e+00 1.044814814814814863e+00 1.106481481481481399e+00 1.671279344193817735e+02 1.675049999999999670e+02 1.666587962962962877e+02 1.242298809523809524e+02 1.723703703703703294e+00 1.447685185185185075e+00 1.038769841269841177e+00 7.194444444444444420e-01 4.383855095497859899e+00
1.106481481481481399e+00 7.814814814814815547e-01 7.194444444444444420e-01 8.541152263374484077e-01 8.541152263374484077e-01 1.030000000000000027e+00 1.545341456897012078e+00 8.563271604938270665e-01 1.593415637860082112e+00 1.606944444444444287e+00 1.248611111111110894e+00 1.248611111111110894e+00 1.106481481481481399e+00 1.112962962962962932e+00 4.101851851851851904e+01 1.478966666666666754e+02 1.655105105123920737e+02 1.665796825396825511e+02 6.755138888888889426e+01 1.436111111111110894e+00 8.541152263374484077e-01 8.541152263374484077e-01 1.075228475228474867e+00 4.383855095497859899e+00
1.106481481481481399e+00 7.194444444444444420e-01 7.194444444444444420e-01 7.194444444444444420e-01 7.194444444444444420e-01 7.814814814814815547e-01 1.341527725700953910e+00 1.422593375616631350e+00 1.447685185185185075e+00 1.436111111111110894e+00 1.217283950617283894e+00 8.563271604938270665e-01 1.135555555555555429e+00 1.345238095238095344e+00 7.959111111111110404e+01 1.667963666666666427e+02 1.666587962962962877e+02 1.559323551125876577e+02 9.026851851851851904e+01 1.436111111111110894e+00 8.563271604938270665e-01 1.044814814814814863e+00 8.563271604938270665e-01 1.234626455174525628e+00
4.383855095497859899e+00 4.383855095497859899e+00 4.383855095497859899e+00 4.383855095497859899e+00 8.563271604938270665e-01 8.563271604938270665e-01 1.447685185185185075e+00 1.728240740740740522e+00 1.312729000056718220e+00 8.541152263374484077e-01 1.234626455174525628e+00 8.541152263374484077e-01 1.422593375616631350e+00 1.106481481481481399e+00 1.667963666666666427e+02 1.671279344193817735e+02 1.660884337853233603e+02 1.417611111111110915e+02 5.785617283950617207e+01 1.341527725700953910e+00 8.541152263374484077e-01 7.194444444444444420e-01 1.234626455174525628e+00 1.234626455174525628e+00
4.383855095497859899e+00 4.383855095497859899e+00 4.383855095497859899e+00 4.383855095497859899e+00 8.563271604938270665e-01 8.563271604938270665e-01 7.194444444444444420e-01 7.814814814814815547e-01 1.106481481481481399e+00 1.106481481481481399e+00 1.106481481481481399e+00 1.422593375616631350e+00 1.606944444444444287e+00 9.040548148148147334e+01 1.674077777777777669e+02 1.675049999999999670e+02 1.671593713450292285e+02 1.333426719576719393e+02 2.139330654159262490e+00 1.135555555555555651e+00 1.248611111111110894e+00 7.194444444444444420e-01 1.038769841269841177e+00 8.563271604938270665e-01
4.383855095497859899e+00 4.383855095497859899e+00 4.383855095497859899e+00 4.383855095497859899e+00 7.194444444444444420e-01 1.038769841269841177e+00 7.194444444444444420e-01 1.728240740740740522e+00 1.728240740740740522e+00 8.563271604938270665e-01 8.563271604938270665e-01 1.702037037037037015e+00 1.106481481481481399e+00 1.671180555555555429e+02 1.675049999999999670e+02 1.671180555555555429e+02 1.666587962962962877e+02 9.026851851851851904e+01 1.489021164021163912e+00 1.135555555555555651e+00 1.038769841269841177e+00 7.194444444444444420e-01 8.563271604938270665e-01 8.563271604938270665e-01
4.383855095497859899e+00 4.383855095497859899e+00 4.383855095497859899e+00 4.383855095497859899e+00 8.563271604938270665e-01 8.563271604938270665e-01 7.194444444444444420e-01 8.541152263374484077e-01 1.075228475228474867e+00 1.075228475228474867e+00 1.273406368682442391e+00 1.702037037037037015e+00 4.101851851851851904e+01 1.671180555555555429e+02 1.671279344193817735e+02 1.675049999999999670e+02 1.665796825396825511e+02 6.755138888888889426e+01 1.333333333333333259e+00 1.542889317889317713e+00 1.044814814814814863e+00 7.194444444444444420e-01 7.814814814814815547e-01 8.563271604938270665e-01
4.383855095497859899e+00 4.383855095497859899e+00 4.383855095497859899e+00 4.383855095497859899e+00 8.563271604938270665e-01 1.038769841269841177e+00 7.194444444444444420e-01 8.563271604938270665e-01 1.170198368061134975e+00 1.106481481481481399e+00 1.610317460317460370e+00 1.381784511784511782e+00 8.459517396184061511e+01 1.478966666666666754e+02 1.673662037037036896e+02 1.671593713450292285e+02 1.333426719576719393e+02 9.406916777335105451e+00 1.248611111111110894e+00 1.217283950617283894e+00 7.194444444444444420e-01 1.252910052910052974e+00 8.563271604938270665e-01 8.563271604938270665e-01
4.383855095497859899e+00 4.383855095497859899e+00 4.383855095497859899e+00 4.383855095497859899e+00 1.234626455174525628e+00 1.234626455174525628e+00 7.814814814814815547e-01 7.814814814814815547e-01 7.194444444444444420e-01 2.258484848484848317e+00 2.891758263804341755e+00 2.432272203795835530e+00 8.459517396184061511e+01 1.671180555555555429e+02 1.675049999999999670e+02 1.659837962962962763e+02 9.026851851851851904e+01 1.341527725700953910e+00 1.234626455174525628e+00 1.381784511784511782e+00 1.427469135802468925e+00 1.252910052910052974e+00 1.234626455174525628e+00 1.234626455174525628e+00
4.383855095497859899e+00 4.383855095497859899e+00 4.383855095497859899e+00 4.383855095497859899e+00 1.234626455174525628e+00 1.234626455174525628e+00 7.194444444444444420e-01 7.814814814814815547e-01 1.312729000056718220e+00 1.860978835978836177e+00 1.860978835978836177e+00 2.153333333333333321e+00 8.459517396184061511e+01 1.671180555555555429e+02 1.671279344193817735e+02 1.666587962962962877e+02 1.242298809523809524e+02 1.728240740740740522e+00 2.258484848484848317e+00 2.016492216854535613e+00 2.432272203795835530e+00 8.541152263374484077e-01 8.563271604938270665e-01 1.234626455174525628e+00
4.383855095497859899e+00 4.383855095497859899e+00 4.383855095497859899e+00 4.383855095497859899e+00 8.563271604938270665e-01 8.563271604938270665e-01 1.030000000000000027e+00 1.341527725700953910e+00 1.245138592750533180e+00 1.860978835978836177e+00 1.593415637860082112e+00 1.606944444444444287e+00 6.283472222222221859e+01 1.375143518518518420e+02 1.664344444444444093e+02 1.416694444444444514e+02 5.785617283950617207e+01 2.213007407407407534e+00 1.454888888888888676e+00 2.153333333333333321e+00 1.075228475228474867e+00 8.541152263374484077e-01 1.234626455174525628e+00 4.383855095497859899e+00
