7.305541545729115072e+00 7.305541545729115072e+00 7.305541545729115072e+00 7.305541545729115072e+00 7.305541545729115072e+00 7.305541545729115072e+00 7.305541545729115072e+00 7.305541545729115072e+00 7.305541545729115072e+00 7.305541545729115072e+00 7.305541545729115072e+00 7.305541545729115072e+00 7.305541545729115072e+00 7.305541545729115072e+00 7.305541545729115072e+00 7.305541545729115072e+00 7.305541545729115072e+00 7.305541545729115072e+00 7.305541545729115072e+00 7.305541545729115072e+00 7.305541545729115072e+00 7.305541545729115072e+00 7.305541545729115072e+00 7.305541545729115072e+00
7.305541545729115072e+00 7.305541545729115072e+00 7.305541545729115072e+00 7.305541545729115072e+00 7.305541545729115072e+00 7.305541545729115072e+00 7.305541545729115072e+00 7.305541545729115072e+00 7.305541545729115072e+00 7.305541545729115072e+00 1.525003305856345470e+01 1.651771633869707756e+01 1.806817537292269193e+01 1.942538671651505311e+01 1.942538671651505311e+01 1.942538671651505311e+01 1.942538671651505311e+01 1.741752342251039920e+01 1.620064095406635474e+01 7.305541545729115072e+00 7.305541545729115072e+00 7.305541545729115072e+00 7.305541545729115072e+00 7.305541545729115072e+00
7.305541545729115072e+00 7.305541545729115072e+00 7.305541545729115072e+00 7.305541545729115072e+00 7.305541545729115072e+00 7.305541545729115072e+00 7.305541545729115072e+00 1.536644408465288159e+01 1.525003305856345470e+01 2.973491274623159342e+01 4.259783197384565057e+01 4.970346785478746199e+01 5.467823002597000936e+01 5.417023366445015142e+01 6.086229722309040824e+01 6.086229722309040824e+01 6.086229722309040824e+01 5.581178878861280168e+01 3.795647426314754114e+01 3.129983531457513379e+01 1.620064095406635474e+01 7.305541545729115072e+00 7.305541545729115072e+00 7.305541545729115072e+00
7.305541545729115072e+00 7.305541545729115072e+00 7.305541545729115072e+00 7.305541545729115072e+00 7.305541545729115072e+00 7.305541545729115072e+00 1.525003305856345470e+01 3.062066103729877753e+01 4.688181864754373152e+01 6.378760695002564773e+01 7.732407407407407618e+01 8.668587105624142453e+01 1.029917334488484641e+02 1.079178288370675176e+02 1.079178288370675176e+02 1.069766563184366959e+02 1.131816238324384614e+02 1.069766563184366959e+02 9.059048623731834482e+01 5.424776025078222119e+01 2.545819392467762299e+01 1.482556933085790085e+01 7.305541545729115072e+00 7.305541545729115072e+00
7.305541545729115072e+00 7.305541545729115072e+00 7.305541545729115072e+00 7.305541545729115072e+00 7.305541545729115072e+00 1.536644408465288159e+01 3.098764554371305380e+01 5.657462364836604252e+01 8.579652491998170660e+01 9.817009602194788442e+01 1.138089849108367702e+02 1.138089849108367702e+02 1.202602880658436248e+02 1.242770919067215090e+02 1.236721155311690126e+02 1.189754678620419241e+02 1.170649291266575176e+02 1.237767489711934275e+02 1.129259259259259238e+02 7.659971082193303005e+01 4.850998164543491953e+01 1.860442098956449897e+01 7.305541545729115072e+00 7.305541545729115072e+00
7.305541545729115072e+00 7.305541545729115072e+00 7.305541545729115072e+00 7.305541545729115072e+00 1.536644408465288159e+01 3.052755407946058597e+01 6.444854033875122923e+01 9.590522219032123985e+01 1.187257869467908478e+02 1.252161740865444699e+02 1.057192501143118335e+02 9.651028806584362485e+01 1.030701646090535064e+02 1.026421918995018245e+02 9.180946502057614111e+01 8.333950617283949214e+01 9.048765432098764450e+01 1.095695292758645536e+02 1.185740740740740620e+02 1.007199841166702754e+02 5.925925925925925242e+01 2.724244323357469710e+01 7.305541545729115072e+00 7.305541545729115072e+00
7.305541545729115072e+00 7.305541545729115072e+00 7.305541545729115072e+00 7.305541545729115072e+00 2.099427377928225980e+01 5.017521227182123766e+01 9.189128943758572632e+01 1.197142203932327362e+02 1.312849132433277930e+02 1.104382716049382651e+02 7.985185185185184764e+01 6.492728187039296017e+01 5.640503860474230891e+01 7.082064471879284895e+01 6.054722941351168686e+01 4.769820528186201614e+01 5.713327532823829102e+01 8.494236878203739138e+01 1.097370827617741185e+02 1.066995884773662482e+02 7.541237997256514802e+01 2.724244323357469710e+01 7.305541545729115072e+00 7.305541545729115072e+00
7.305541545729115072e+00 7.305541545729115072e+00 7.305541545729115072e+00 7.305541545729115072e+00 2.909552141811823489e+01 6.888271604938270798e+01 1.065068587105624118e+02 1.325881524799653448e+02 1.161476974328826230e+02 8.139835390946501548e+01 4.841891404509431140e+01 2.860155279647118221e+01 2.981297801205252185e+01 3.640923691654276695e+01 3.393145178704284604e+01 2.230039696501431834e+01 5.074202662273931708e+01 8.390765595583857817e+01 1.200740657604855102e+02 1.074578189300411424e+02 6.502638798642696827e+01 2.731472981774471975e+01 7.305541545729115072e+00 7.305541545729115072e+00
7.305541545729115072e+00 7.305541545729115072e+00 7.305541545729115072e+00 1.619154875353312306e+01 3.763330213998222007e+01 7.125867890682704342e+01 1.247005685418450867e+02 1.342218646410264284e+02 1.074578189300411424e+02 6.453337390383107675e+01 2.990294780684066822e+01 1.619154875353312306e+01 1.763492945350052921e+01 2.739627109921501358e+01 4.105847018823775585e+01 4.208421855540070311e+01 7.001553761738948367e+01 1.002873799725651480e+02 1.160349794238683074e+02 9.378875171467763039e+01 5.193973239162776423e+01 2.266610193403023743e+01 7.305541545729115072e+00 7.305541545729115072e+00
7.305541545729115072e+00 7.305541545729115072e+00 7.305541545729115072e+00 7.305541545729115072e+00 3.763330213998222007e+01 7.125867890682704342e+01 1.094011905211361437e+02 1.216292866941014950e+02 9.882894375857337366e+01 6.468689986282578275e+01 4.634256125160717943e+01 3.474166279646590283e+01 4.427468155487216706e+01 5.069622543217090538e+01 6.086229722309040824e+01 7.646433470507544428e+01 9.817009602194788442e+01 1.018155006858710436e+02 1.014355281207133004e+02 7.099933470507545508e+01 3.821542117354929502e+01 1.644475427065106743e+01 7.305541545729115072e+00 7.305541545729115072e+00
7.305541545729115072e+00 7.305541545729115072e+00 7.305541545729115072e+00 7.305541545729115072e+00 2.395463874957814099e+01 6.357235939643346256e+01 1.091907953640044866e+02 1.233459955682177878e+02 1.134149519890260649e+02 8.480246913580248247e+01 7.192868433641513093e+01 7.732407407407407618e+01 7.732407407407407618e+01 1.029917334488484641e+02 1.079178288370675176e+02 1.061073388203017771e+02 1.050709876543209873e+02 9.704766803840875866e+01 6.645482694181029615e+01 4.493115026858291117e+01 1.969361629801827718e+01 7.305541545729115072e+00 7.305541545729115072e+00 7.305541545729115072e+00
7.305541545729115072e+00 7.305541545729115072e+00 7.305541545729115072e+00 7.305541545729115072e+00 1.892652921667855281e+01 4.507822654535900142e+01 8.445012069203856697e+01 1.184180409719888587e+02 1.247863511659808040e+02 1.201568513619439642e+02 1.131816238324384614e+02 1.193010973936899717e+02 1.295390946502057830e+02 1.423703545220951696e+02 1.423703545220951696e+02 1.317958595346181596e+02 9.666311483441113239e+01 7.099933470507545508e+01 3.657557028295624946e+01 1.935359504699464495e+01 7.305541545729115072e+00 7.305541545729115072e+00 7.305541545729115072e+00 7.305541545729115072e+00
7.305541545729115072e+00 7.305541545729115072e+00 7.305541545729115072e+00 7.305541545729115072e+00 1.548626642010560062e+01 2.540599705928844543e+01 6.357235939643346256e+01 9.692218792866941612e+01 1.268730452674896867e+02 1.450037661624633074e+02 1.445359210971142829e+02 1.445359210971142829e+02 1.453010648635679161e+02 1.542208613783774354e+02 1.542208613783774354e+02 1.413627896902750649e+02 1.096882454796665911e+02 6.468689986282578275e+01 2.625781909626346433e+01 1.493540074329668066e+01 7.305541545729115072e+00 7.305541545729115072e+00 7.305541545729115072e+00 7.305541545729115072e+00
7.305541545729115072e+00 7.305541545729115072e+00 7.305541545729115072e+00 7.305541545729115072e+00 7.305541545729115072e+00 1.822137877446506238e+01 5.149157077616819578e+01 9.315729309556469673e+01 1.296367652055725443e+02 1.414975029365137971e+02 1.343401137002723544e+02 1.289951989026063188e+02 1.332403976189885952e+02 1.455201429499675214e+02 1.414975029365137971e+02 1.404645399864454873e+02 1.118219478737997292e+02 7.659971082193303005e+01 4.370148797596110057e+01 2.102480048375337418e+01 7.305541545729115072e+00 7.305541545729115072e+00 7.305541545729115072e+00 7.305541545729115072e+00
7.305541545729115072e+00 7.305541545729115072e+00 7.305541545729115072e+00 7.305541545729115072e+00 7.305541545729115072e+00 2.184937310212671235e+01 6.132627583806844029e+01 9.897622313671698180e+01 1.292846942215940942e+02 1.199379286694101410e+02 1.021107681755829901e+02 9.241048525377227918e+01 9.154937842935527215e+01 1.030701646090535064e+02 1.219489903340032555e+02 1.264072714916751465e+02 1.132331961591220733e+02 9.236351165980795486e+01 6.746810699588478144e+01 3.417993642263827070e+01 1.699340473355540837e+01 7.305541545729115072e+00 7.305541545729115072e+00 7.305541545729115072e+00
7.305541545729115072e+00 7.305541545729115072e+00 7.305541545729115072e+00 7.305541545729115072e+00 1.616804231605852848e+01 3.511686803031135895e+01 7.446021947873798297e+01 1.112064471879286600e+02 1.149115226337448519e+02 9.423228166438042308e+01 5.957010600700847647e+01 5.042213094932779427e+01 5.466031703136664532e+01 5.640503860474230891e+01 7.082064471879284895e+01 9.881069958847734824e+01 1.219489903340032555e+02 1.238328622228440423e+02 8.545153177869227079e+01 4.246824381762698408e+01 1.818316502860892214e+01 7.305541545729115072e+00 7.305541545729115072e+00 7.305541545729115072e+00
7.305541545729115072e+00 7.305541545729115072e+00 7.305541545729115072e+00 7.305541545729115072e+00 1.725902660996344196e+01 4.403649126972972994e+01 9.122205075445815226e+01 1.200740657604855102e+02 1.066995884773662482e+02 6.396658828140308373e+01 3.480207623714311183e+01 1.922115007410724274e+01 2.440210239994764763e+01 2.609428008709174662e+01 5.060907934235898864e+01 7.954080932784636104e+01 1.094011905211361437e+02 1.216292866941014950e+02 8.706172839506172068e+01 4.782987427935681524e+01 1.767941076972543613e+01 7.305541545729115072e+00 7.305541545729115072e+00 7.305541545729115072e+00
7.305541545729115072e+00 7.305541545729115072e+00 7.305541545729115072e+00 7.305541545729115072e+00 1.892652921667855281e+01 4.604842237627698864e+01 9.811566517171416990e+01 1.240629124154565375e+02 1.096882454796665911e+02 6.272456561499771510e+01 2.724244323357469710e+01 7.305541545729115072e+00 1.548626642010560062e+01 1.758059573559844679e+01 3.704667195793307855e+01 7.620615324319027195e+01 1.045836762688614385e+02 1.235210125950866882e+02 9.273184030033931435e+01 4.186449583593790180e+01 1.689571612883820606e+01 7.305541545729115072e+00 7.305541545729115072e+00 7.305541545729115072e+00
7.305541545729115072e+00 7.305541545729115072e+00 7.305541545729115072e+00 7.305541545729115072e+00 1.892652921667855281e+01 4.533116158750112135e+01 9.811566517171416990e+01 1.233459955682177878e+02 1.261798342901838055e+02 7.845884773662551481e+01 3.715934967140137246e+01 1.620064095406635474e+01 2.096661034869255857e+01 3.062066103729877753e+01 5.545493993496727114e+01 8.910562414266117059e+01 1.160349794238683074e+02 1.015226337448559661e+02 7.296570644718792664e+01 3.293181266742368507e+01 1.644475427065106743e+01 7.305541545729115072e+00 7.305541545729115072e+00 7.305541545729115072e+00
7.305541545729115072e+00 7.305541545729115072e+00 7.305541545729115072e+00 7.305541545729115072e+00 1.735289479435479620e+01 3.617037011480529429e+01 7.508641975308643168e+01 1.176513069304438517e+02 1.247863511659808040e+02 1.007199841166702754e+02 7.158197217323143491e+01 5.674587955802770978e+01 5.598945548640289616e+01 7.145677727721741235e+01 9.244513031550066273e+01 1.106124828532235966e+02 1.009396433470507333e+02 7.719382716049382509e+01 4.841891404509431140e+01 1.969361629801827718e+01 7.305541545729115072e+00 7.305541545729115072e+00 7.305541545729115072e+00 7.305541545729115072e+00
7.305541545729115072e+00 7.305541545729115072e+00 7.305541545729115072e+00 7.305541545729115072e+00 7.305541545729115072e+00 1.892652921667855281e+01 4.765767189904877910e+01 8.445012069203856697e+01 1.185740740740740620e+02 1.247863511659808040e+02 1.129259259259259238e+02 1.095929174788823843e+02 1.029917334488484641e+02 1.061073388203017771e+02 1.138089849108367702e+02 1.057192501143118335e+02 7.985185185185184764e+01 4.841891404509431140e+01 2.204085524255175699e+01 1.493540074329668066e+01 7.305541545729115072e+00 7.305541545729115072e+00 7.305541545729115072e+00 7.305541545729115072e+00
7.305541545729115072e+00 7.305541545729115072e+00 7.305541545729115072e+00 7.305541545729115072e+00 7.305541545729115072e+00 1.806356576579594275e+01 3.007843979936841095e+01 7.232716049382716506e+01 9.881069958847734824e+01 1.170649291266575176e+02 1.248923182441700845e+02 1.202602880658436248e+02 1.194303840877915093e+02 1.113223593964334555e+02 9.704766803840875866e+01 7.777709190672152317e+01 5.101822363856231135e+01 2.527558463340416139e+01 1.644475427065106743e+01 7.305541545729115072e+00 7.305541545729115072e+00 7.305541545729115072e+00 7.305541545729115072e+00 7.305541545729115072e+00
7.305541545729115072e+00 7.305541545729115072e+00 7.305541545729115072e+00 7.305541545729115072e+00 7.305541545729115072e+00 7.305541545729115072e+00 1.892652921667855281e+01 4.507822654535900142e+01 7.232716049382716506e+01 8.852949245541837797e+01 9.241048525377227918e+01 9.490672153635115649e+01 9.651028806584362485e+01 8.228792866941014950e+01 6.203437437936752730e+01 3.747110049199203985e+01 2.134017321199018369e+01 1.644475427065106743e+01 7.305541545729115072e+00 7.305541545729115072e+00 7.305541545729115072e+00 7.305541545729115072e+00 7.305541545729115072e+00 7.305541545729115072e+00
7.305541545729115072e+00 7.305541545729115072e+00 7.305541545729115072e+00 7.305541545729115072e+00 7.305541545729115072e+00 7.305541545729115072e+00 7.305541545729115072e+00 2.440210239994764763e+01 3.332520800471893097e+01 4.092589622723062348e+01 4.824027868754518522e+01 5.274600209392291106e+01 4.888585305031108419e+01 3.747110049199203985e+01 2.348230122760661231e+01 1.935359504699464495e+01 7.305541545729115072e+00 7.305541545729115072e+00 7.305541545729115072e+00 7.305541545729115072e+00 7.305541545729115072e+00 7.305541545729115072e+00 7.305541545729115072e+00 7.305541545729115072e+00
