7.426321681783700335e+00 7.426321681783700335e+00 7.426321681783700335e+00 7.426321681783700335e+00 7.426321681783700335e+00 7.426321681783700335e+00 7.426321681783700335e+00 7.426321681783700335e+00 7.426321681783700335e+00 1.536644408465288159e+01 1.536644408465288159e+01 1.816114549609041262e+01 1.741752342251039920e+01 1.741752342251039920e+01 1.741752342251039920e+01 1.620064095406635474e+01 7.426321681783700335e+00 7.426321681783700335e+00 7.426321681783700335e+00 7.426321681783700335e+00 7.426321681783700335e+00 7.426321681783700335e+00 7.426321681783700335e+00 7.426321681783700335e+00
7.426321681783700335e+00 7.426321681783700335e+00 7.426321681783700335e+00 7.426321681783700335e+00 7.426321681783700335e+00 7.426321681783700335e+00 7.426321681783700335e+00 1.536644408465288159e+01 2.243872735801935292e+01 3.206535088241992781e+01 4.259783197384565057e+01 4.970744399264562219e+01 5.417023366445015142e+01 5.281070378472119842e+01 4.218362422988232652e+01 3.795647426314754114e+01 1.731466501430117688e+01 1.482556933085790085e+01 7.426321681783700335e+00 7.426321681783700335e+00 7.426321681783700335e+00 7.426321681783700335e+00 7.426321681783700335e+00 7.426321681783700335e+00
7.426321681783700335e+00 7.426321681783700335e+00 7.426321681783700335e+00 7.426321681783700335e+00 7.426321681783700335e+00 7.426321681783700335e+00 7.426321681783700335e+00 2.099427377928225980e+01 4.557016260703954202e+01 6.984910836762688291e+01 8.583237311385458668e+01 1.029917334488484641e+02 1.073127572016460931e+02 1.079178288370675176e+02 9.427123997936094213e+01 6.700823045267487998e+01 4.419664222951810473e+01 1.819524448729825394e+01 7.426321681783700335e+00 7.426321681783700335e+00 7.426321681783700335e+00 7.426321681783700335e+00 7.426321681783700335e+00 7.426321681783700335e+00
7.426321681783700335e+00 7.426321681783700335e+00 7.426321681783700335e+00 7.426321681783700335e+00 7.426321681783700335e+00 7.426321681783700335e+00 1.619154875353312306e+01 2.909992120427229523e+01 6.649437585733880951e+01 1.041532741318316511e+02 1.169609053497942313e+02 1.255095846083500248e+02 1.194303840877915093e+02 1.248923182441700845e+02 1.132331961591220733e+02 1.011810699588477291e+02 7.659971082193303005e+01 3.702688252160496063e+01 1.700733958685691505e+01 7.426321681783700335e+00 7.426321681783700335e+00 7.426321681783700335e+00 7.426321681783700335e+00 7.426321681783700335e+00
7.426321681783700335e+00 7.426321681783700335e+00 7.426321681783700335e+00 7.426321681783700335e+00 7.426321681783700335e+00 7.426321681783700335e+00 1.735289479435479620e+01 3.234882794983647614e+01 7.220987654320987303e+01 1.046460905349794075e+02 1.164499314128943865e+02 1.121755829903977997e+02 1.021107681755829901e+02 1.134736491801009208e+02 1.127777777777777715e+02 1.212016460905349788e+02 8.842706904435299009e+01 4.996569318859005193e+01 2.102480048375337418e+01 7.426321681783700335e+00 7.426321681783700335e+00 7.426321681783700335e+00 7.426321681783700335e+00 7.426321681783700335e+00
7.426321681783700335e+00 7.426321681783700335e+00 7.426321681783700335e+00 7.426321681783700335e+00 7.426321681783700335e+00 7.426321681783700335e+00 1.570523678367409026e+01 3.023174374190880087e+01 5.532619727336003024e+01 8.127535436671237790e+01 8.333950617283949214e+01 7.116023960992168895e+01 6.492728187039296017e+01 6.979329859483252108e+01 9.692218792866941612e+01 1.163148148148148096e+02 1.032249657064471933e+02 6.272456561499771510e+01 2.723192204022525686e+01 7.426321681783700335e+00 7.426321681783700335e+00 7.426321681783700335e+00 7.426321681783700335e+00 7.426321681783700335e+00
7.426321681783700335e+00 7.426321681783700335e+00 7.426321681783700335e+00 7.426321681783700335e+00 7.426321681783700335e+00 7.426321681783700335e+00 7.426321681783700335e+00 1.871902292001039214e+01 2.440210239994764763e+01 3.641194189096177070e+01 3.785336920793294269e+01 3.038711669972780527e+01 2.816814252631386140e+01 4.585248137712274286e+01 9.315729309556469673e+01 1.233459955682177878e+02 1.039239907897315192e+02 6.822496570644717906e+01 2.723192204022525686e+01 7.426321681783700335e+00 7.426321681783700335e+00 7.426321681783700335e+00 7.426321681783700335e+00 7.426321681783700335e+00
7.426321681783700335e+00 7.426321681783700335e+00 7.426321681783700335e+00 7.426321681783700335e+00 7.426321681783700335e+00 7.426321681783700335e+00 7.426321681783700335e+00 7.426321681783700335e+00 1.548842048535814442e+01 1.662769221021646615e+01 2.521939090675775219e+01 1.919260165361025372e+01 3.062066103729877753e+01 5.545493993496727114e+01 9.915654706038071708e+01 1.200692043895747503e+02 1.066995884773662482e+02 6.822496570644717906e+01 2.723192204022525686e+01 7.426321681783700335e+00 7.426321681783700335e+00 7.426321681783700335e+00 7.426321681783700335e+00 7.426321681783700335e+00
7.426321681783700335e+00 7.426321681783700335e+00 7.426321681783700335e+00 7.426321681783700335e+00 7.426321681783700335e+00 7.426321681783700335e+00 7.426321681783700335e+00 7.426321681783700335e+00 1.536644408465288159e+01 2.373922103814688356e+01 3.206535088241992781e+01 4.744884115323279161e+01 7.515336076817558819e+01 9.590522219032123985e+01 1.271160467697740017e+02 1.369057586841840930e+02 1.156305398611387147e+02 6.822496570644717906e+01 2.723192204022525686e+01 7.426321681783700335e+00 7.426321681783700335e+00 7.426321681783700335e+00 7.426321681783700335e+00 7.426321681783700335e+00
7.426321681783700335e+00 7.426321681783700335e+00 7.426321681783700335e+00 7.426321681783700335e+00 7.426321681783700335e+00 7.426321681783700335e+00 1.536644408465288159e+01 2.309151210648063213e+01 4.201434990231539501e+01 5.598945548640289616e+01 7.515336076817558819e+01 1.029917334488484641e+02 1.054264403292181100e+02 1.271160467697740017e+02 1.393509865918592538e+02 1.450797713647860974e+02 1.261798342901838055e+02 8.026268861454046544e+01 3.401219089517807248e+01 7.426321681783700335e+00 7.426321681783700335e+00 7.426321681783700335e+00 7.426321681783700335e+00 7.426321681783700335e+00
7.426321681783700335e+00 7.426321681783700335e+00 7.426321681783700335e+00 7.426321681783700335e+00 7.426321681783700335e+00 1.536644408465288159e+01 3.062066103729877753e+01 5.378633702688402707e+01 7.515336076817558819e+01 1.029917334488484641e+02 1.199465273265467999e+02 1.320381555418690596e+02 1.382002053044386400e+02 1.445576023793198033e+02 1.439051270694686764e+02 1.426469653935288875e+02 1.261798342901838055e+02 9.547574759945129586e+01 4.996569318859005193e+01 2.102480048375337418e+01 7.426321681783700335e+00 7.426321681783700335e+00 7.426321681783700335e+00 7.426321681783700335e+00
7.426321681783700335e+00 7.426321681783700335e+00 7.426321681783700335e+00 7.426321681783700335e+00 7.426321681783700335e+00 2.275490341708143305e+01 4.941735218017844034e+01 8.948422496570644569e+01 1.169609053497942313e+02 1.353595750934437376e+02 1.399699105543038229e+02 1.384188175342697207e+02 1.343401137002723544e+02 1.289951989026063188e+02 1.332403976189885952e+02 1.398126886145404342e+02 1.338088820301783244e+02 1.096757941972354615e+02 6.119497599524984821e+01 2.723192204022525686e+01 7.426321681783700335e+00 7.426321681783700335e+00 7.426321681783700335e+00 7.426321681783700335e+00
7.426321681783700335e+00 7.426321681783700335e+00 7.426321681783700335e+00 7.426321681783700335e+00 7.426321681783700335e+00 2.423762622318488624e+01 5.722247959711759790e+01 1.094011905211361437e+02 1.195891632373113680e+02 1.289951989026063188e+02 1.271923393875635497e+02 1.101025377229080959e+02 9.289465020576132304e+01 7.938031550068586739e+01 9.346639231824414651e+01 1.184180409719888587e+02 1.290955975136487552e+02 1.096757941972354615e+02 6.822496570644717906e+01 2.723192204022525686e+01 7.426321681783700335e+00 7.426321681783700335e+00 7.426321681783700335e+00 7.426321681783700335e+00
7.426321681783700335e+00 7.426321681783700335e+00 7.426321681783700335e+00 7.426321681783700335e+00 7.426321681783700335e+00 2.395463874957814099e+01 4.809045435990828565e+01 8.119890260631001411e+01 9.154937842935527215e+01 9.241048525377227918e+01 8.937997256515774325e+01 7.683127572016458373e+01 4.848826502274356187e+01 3.940652291966971887e+01 7.484670781893002811e+01 1.117561728395061635e+02 1.216292866941014950e+02 1.150460043741842782e+02 6.693533215755438448e+01 2.799398854045543672e+01 7.426321681783700335e+00 7.426321681783700335e+00 7.426321681783700335e+00 7.426321681783700335e+00
7.426321681783700335e+00 7.426321681783700335e+00 7.426321681783700335e+00 7.426321681783700335e+00 7.426321681783700335e+00 1.812286679252290256e+01 2.639076678822207711e+01 4.092589622723062348e+01 4.824027868754518522e+01 5.042213094932779427e+01 3.785336920793294269e+01 3.747110049199203985e+01 2.816814252631386140e+01 3.326515436911174817e+01 6.132627583806844029e+01 1.065068587105624118e+02 1.208770919067215459e+02 1.019765824025083134e+02 6.396658828140308373e+01 2.731472981774471975e+01 7.426321681783700335e+00 7.426321681783700335e+00 7.426321681783700335e+00 7.426321681783700335e+00
7.426321681783700335e+00 7.426321681783700335e+00 7.426321681783700335e+00 7.426321681783700335e+00 7.426321681783700335e+00 7.426321681783700335e+00 1.548842048535814442e+01 2.065822943670800527e+01 2.344262535794354463e+01 2.312689743060798264e+01 1.935359504699464495e+01 1.529424529341424233e+01 1.865943671806297033e+01 4.149734807366593969e+01 8.046398297632865138e+01 1.232023996462349089e+02 1.234975682753460404e+02 9.273184030033931435e+01 4.750157916632387156e+01 1.795134332295833346e+01 7.426321681783700335e+00 7.426321681783700335e+00 7.426321681783700335e+00 7.426321681783700335e+00
7.426321681783700335e+00 7.426321681783700335e+00 7.426321681783700335e+00 7.426321681783700335e+00 7.426321681783700335e+00 7.426321681783700335e+00 7.426321681783700335e+00 7.426321681783700335e+00 7.426321681783700335e+00 7.426321681783700335e+00 1.536644408465288159e+01 2.309151210648063213e+01 4.169994363729209397e+01 7.350976299426643834e+01 1.085534979423868265e+02 1.287520537096488908e+02 1.161476974328826230e+02 8.038497942386830175e+01 3.777362286470579278e+01 1.901520976881084124e+01 7.426321681783700335e+00 7.426321681783700335e+00 7.426321681783700335e+00 7.426321681783700335e+00
7.426321681783700335e+00 7.426321681783700335e+00 7.426321681783700335e+00 1.536644408465288159e+01 1.919260165361025372e+01 1.816114549609041262e+01 1.942538671651505311e+01 1.942538671651505311e+01 2.192365775909675918e+01 2.373922103814688356e+01 3.062066103729877753e+01 4.858761641996303382e+01 7.823891175125744724e+01 1.106755342482922799e+02 1.257414266117969959e+02 1.223805473904239278e+02 9.423228166438042308e+01 5.481137684479754313e+01 2.266610193403023743e+01 7.426321681783700335e+00 7.426321681783700335e+00 7.426321681783700335e+00 7.426321681783700335e+00 7.426321681783700335e+00
7.426321681783700335e+00 7.426321681783700335e+00 1.536644408465288159e+01 3.062066103729877753e+01 4.259783197384565057e+01 4.970744399264562219e+01 5.417023366445015142e+01 5.581626348782170055e+01 5.436671627869667134e+01 5.598945548640289616e+01 7.515336076817558819e+01 9.941227010998578351e+01 1.106755342482922799e+02 1.253744855967077996e+02 1.223805473904239278e+02 9.423228166438042308e+01 6.138113005918980036e+01 3.060608236123740156e+01 1.901520976881084124e+01 7.426321681783700335e+00 7.426321681783700335e+00 7.426321681783700335e+00 7.426321681783700335e+00 7.426321681783700335e+00
7.426321681783700335e+00 7.426321681783700335e+00 2.184937310212671235e+01 5.251168433259016410e+01 7.808093278463648801e+01 1.029917334488484641e+02 1.079178288370675176e+02 1.079178288370675176e+02 1.079178288370675176e+02 1.073127572016460931e+02 1.075569272976680253e+02 1.255095846083500248e+02 1.194303840877915093e+02 1.199379286694101410e+02 9.471696387745770096e+01 6.138113005918980036e+01 3.060608236123740156e+01 1.901520976881084124e+01 7.426321681783700335e+00 7.426321681783700335e+00 7.426321681783700335e+00 7.426321681783700335e+00 7.426321681783700335e+00 7.426321681783700335e+00
7.426321681783700335e+00 7.426321681783700335e+00 2.679559081151510114e+01 5.722247959711759790e+01 1.019341563786008180e+02 1.195891632373113680e+02 1.248923182441700845e+02 1.248923182441700845e+02 1.248923182441700845e+02 1.173918609967992523e+02 1.173918609967992523e+02 1.251156963452111199e+02 9.980772748056696742e+01 8.095130315500685469e+01 6.138113005918980036e+01 3.060608236123740156e+01 1.901520976881084124e+01 7.426321681783700335e+00 7.426321681783700335e+00 7.426321681783700335e+00 7.426321681783700335e+00 7.426321681783700335e+00 7.426321681783700335e+00 7.426321681783700335e+00
7.426321681783700335e+00 7.426321681783700335e+00 2.540599705928844543e+01 4.765767189904877910e+01 8.119890260631001411e+01 1.026421918995018245e+02 1.134736491801009208e+02 1.134736491801009208e+02 9.651028806584362485e+01 9.241048525377227918e+01 9.241048525377227918e+01 7.683127572016458373e+01 6.203437437936752730e+01 4.341448186687618005e+01 2.348230122760661231e+01 1.901520976881084124e+01 7.426321681783700335e+00 7.426321681783700335e+00 7.426321681783700335e+00 7.426321681783700335e+00 7.426321681783700335e+00 7.426321681783700335e+00 7.426321681783700335e+00 7.426321681783700335e+00
7.426321681783700335e+00 7.426321681783700335e+00 1.812286679252290256e+01 2.639076678822207711e+01 4.041956213806607678e+01 4.824027868754518522e+01 5.620876547976547499e+01 5.620876547976547499e+01 5.042213094932779427e+01 5.042213094932779427e+01 3.785336920793294269e+01 3.785336920793294269e+01 2.567704038727073979e+01 1.935359504699464495e+01 7.426321681783700335e+00 7.426321681783700335e+00 7.426321681783700335e+00 7.426321681783700335e+00 7.426321681783700335e+00 7.426321681783700335e+00 7.426321681783700335e+00 7.426321681783700335e+00 7.426321681783700335e+00 7.426321681783700335e+00
7.426321681783700335e+00 7.426321681783700335e+00 7.426321681783700335e+00 1.548842048535814442e+01 2.440210239994764763e+01 2.344262535794354463e+01 2.344262535794354463e+01 2.344262535794354463e+01 2.344262535794354463e+01 2.065822943670800527e+01 1.935359504699464495e+01 1.727988550990573557e+01 7.426321681783700335e+00 7.426321681783700335e+00 7.426321681783700335e+00 7.426321681783700335e+00 7.426321681783700335e+00 7.426321681783700335e+00 7.426321681783700335e+00 7.426321681783700335e+00 7.426321681783700335e+00 7.426321681783700335e+00 7.426321681783700335e+00 7.426321681783700335e+00
