4.383855095497859899e+00 4.383855095497859899e+00 4.383855095497859899e+00 4.383855095497859899e+00 4.383855095497859899e+00 4.383855095497859899e+00 4.383855095497859899e+00 4.383855095497859899e+00 4.383855095497859899e+00 4.383855095497859899e+00 4.383855095497859899e+00 4.383855095497859899e+00 1.030000000000000027e+00 1.489021164021163912e+00 1.728240740740740522e+00 1.265972222222222054e+00 1.447685185185185075e+00 1.341527725700953910e+00 1.436111111111110894e+00 8.541152263374484077e-01 8.541152263374484077e-01 7.194444444444444420e-01 8.563271604938270665e-01 8.563271604938270665e-01
4.383855095497859899e+00 4.383855095497859899e+00 4.383855095497859899e+00 4.383855095497859899e+00 8.563271604938270665e-01 8.563271604938270665e-01 8.563271604938270665e-01 8.563271604938270665e-01 7.194444444444444420e-01 8.563271604938270665e-01 8.563271604938270665e-01 8.563271604938270665e-01 1.030000000000000027e+00 1.447685185185185075e+00 8.541152263374484077e-01 8.541152263374484077e-01 1.245138592750533180e+00 1.216451847592310953e+00 1.593415637860082112e+00 1.606944444444444287e+00 8.563271604938270665e-01 8.563271604938270665e-01 8.563271604938270665e-01 8.563271604938270665e-01
4.383855095497859899e+00 4.383855095497859899e+00 4.383855095497859899e+00 4.383855095497859899e+00 8.563271604938270665e-01 7.814814814814815547e-01 7.814814814814815547e-01 8.541152263374484077e-01 7.194444444444444420e-01 1.436111111111110894e+00 8.541152263374484077e-01 7.194444444444444420e-01 1.030000000000000027e+00 1.087870370370370265e+00 1.038769841269841177e+00 1.728240740740740522e+00 1.447685185185185075e+00 1.265972222222222054e+00 1.217283950617283894e+00 7.814814814814815547e-01 1.268386243386243173e+00 1.216451847592310953e+00 8.541152263374484077e-01 8.563271604938270665e-01
4.383855095497859899e+00 4.383855095497859899e+00 4.383855095497859899e+00 4.383855095497859899e+00 8.563271604938270665e-01 7.814814814814815547e-01 7.194444444444444420e-01 7.814814814814815547e-01 7.194444444444444420e-01 1.044814814814814863e+00 8.541152263374484077e-01 1.087870370370370265e+00 1.038769841269841177e+00 1.106481481481481399e+00 7.814814814814815547e-01 1.436111111111110894e+00 1.545341456897012078e+00 1.038769841269841177e+00 8.563271604938270665e-01 1.135555555555555651e+00 1.447685185185185075e+00 1.038769841269841177e+00 1.217283950617283894e+00 8.563271604938270665e-01
4.383855095497859899e+00 4.383855095497859899e+00 4.383855095497859899e+00 4.383855095497859899e+00 4.383855095497859899e+00 4.383855095497859899e+00 4.383855095497859899e+00 1.216451847592310953e+00 8.563271604938270665e-01 1.112962962962962932e+00 1.935508524397413055e+00 1.030555555555555447e+00 8.541152263374484077e-01 1.422593375616631350e+00 1.658333333333333215e+00 1.593415637860082112e+00 1.593415637860082112e+00 1.216451847592310953e+00 1.135555555555555651e+00 1.216451847592310953e+00 1.587654320987654355e+00 1.378002244668911080e+00 8.563271604938270665e-01 1.216451847592310953e+00
4.383855095497859899e+00 4.383855095497859899e+00 4.383855095497859899e+00 4.383855095497859899e+00 4.383855095497859899e+00 8.563271604938270665e-01 8.563271604938270665e-01 8.563271604938270665e-01 1.265972222222222054e+00 1.422593375616631350e+00 1.447685185185185075e+00 8.541152263374484077e-01 7.194444444444444420e-01 1.044814814814814863e+00 1.106481481481481399e+00 1.490443057964796836e+01 1.490443057964796836e+01 1.422593375616631350e+00 1.447685185185185075e+00 1.244103283988429398e+00 1.483862433862433994e+00 8.541152263374484077e-01 8.541152263374484077e-01 1.216451847592310953e+00
4.383855095497859899e+00 4.383855095497859899e+00 4.383855095497859899e+00 4.383855095497859899e+00 8.563271604938270665e-01 8.563271604938270665e-01 1.030000000000000027e+00 1.023752393936443017e+00 1.371193415637860014e+00 1.499962962962962898e+01 1.490443057964796836e+01 7.814814814814815547e-01 7.814814814814815547e-01 1.606944444444444287e+00 2.707230985196528650e+01 1.397697883597883504e+02 8.418222222222222229e+01 5.797978395061729628e+01 1.447685185185185075e+00 1.728240740740740522e+00 1.447685185185185075e+00 1.520158730158729821e+00 7.194444444444444420e-01 1.216451847592310953e+00
1.265972222222222054e+00 8.541152263374484077e-01 4.383855095497859899e+00 4.383855095497859899e+00 8.563271604938270665e-01 8.541152263374484077e-01 1.087870370370370265e+00 1.248611111111110894e+00 2.153333333333333321e+00 2.001111111111110841e+00 1.728240740740740522e+00 1.728240740740740522e+00 1.728240740740740522e+00 9.949603174603172562e+00 3.779953703703703383e+01 9.210515873015870625e+01 1.445131957671957537e+02 1.598879629629629449e+02 1.104085201429499676e+02 1.341527725700953910e+00 1.216451847592310953e+00 8.541152263374484077e-01 1.106481481481481399e+00 4.383855095497859899e+00
1.700788831467126005e+00 2.016492216854535613e+00 8.563271604938270665e-01 8.563271604938270665e-01 8.563271604938270665e-01 8.563271604938270665e-01 7.814814814814815547e-01 1.038769841269841177e+00 1.106481481481481399e+00 3.257989417989417547e+00 1.860978835978836177e+00 2.501666666666666483e+00 2.432272203795835530e+00 2.432272203795835530e+00 2.396825396825396304e+00 2.432272203795835530e+00 8.882044444444444764e+01 1.620765211640211589e+02 6.697854938271603942e+01 1.447685185185185075e+00 1.333333333333333259e+00 8.563271604938270665e-01 8.563271604938270665e-01 1.216451847592310953e+00
1.860978835978836177e+00 1.436111111111110894e+00 1.587654320987654355e+00 8.563271604938270665e-01 7.194444444444444420e-01 8.563271604938270665e-01 8.563271604938270665e-01 7.194444444444444420e-01 1.106481481481481399e+00 2.139330654159262490e+00 2.213007407407407534e+00 2.495873015873015799e+00 2.803081117240457942e+00 2.438888888888888662e+00 2.266203703703703276e+00 1.606944444444444287e+00 8.459517396184061511e+01 1.169166666666666430e+02 1.242298809523809524e+02 1.929629629629629584e+00 1.827222222222222303e+00 7.814814814814815547e-01 8.541152263374484077e-01 1.216451847592310953e+00
1.933544221324186241e+00 1.651481481481481328e+00 1.038769841269841177e+00 8.541152263374484077e-01 7.194444444444444420e-01 7.814814814814815547e-01 7.194444444444444420e-01 1.878379629629629477e+01 1.759074074074074190e+01 2.139330654159262490e+00 2.213007407407407534e+00 2.803081117240457942e+00 1.937435012652403810e+00 2.803081117240457942e+00 1.937435012652403810e+00 1.542889317889317713e+00 1.229855555555555355e+02 1.620894639376218151e+02 1.242298809523809524e+02 2.002307990021497730e+00 1.447685185185185075e+00 1.106481481481481399e+00 1.106481481481481399e+00 1.216451847592310953e+00
1.593415637860082112e+00 1.023752393936443017e+00 1.170198368061134975e+00 8.541152263374484077e-01 7.194444444444444420e-01 1.038769841269841177e+00 1.106481481481481399e+00 1.260817901234567984e+01 1.447685185185185075e+00 2.213007407407407534e+00 1.881504997060552187e+00 2.016492216854535613e+00 1.327738755600930132e+00 1.454888888888888676e+00 1.044814814814814863e+00 5.922515873015872501e+01 1.054319234006733836e+02 1.459335648148147868e+02 5.785617283950617207e+01 2.506543209876542999e+00 1.728240740740740522e+00 1.135555555555555651e+00 8.563271604938270665e-01 1.216451847592310953e+00
1.044814814814814863e+00 1.106481481481481399e+00 1.044814814814814863e+00 7.194444444444444420e-01 7.814814814814815547e-01 7.194444444444444420e-01 1.878379629629629477e+01 1.759074074074074190e+01 2.139330654159262490e+00 1.516111111111110965e+00 1.651481481481481328e+00 1.106481481481481399e+00 1.606944444444444287e+00 7.845781893004114771e+00 5.922515873015872501e+01 1.054319234006733836e+02 1.124960648148148010e+02 1.096958730158730049e+02 2.139330654159262490e+00 1.489021164021163912e+00 8.541152263374484077e-01 8.541152263374484077e-01 8.563271604938270665e-01 1.216451847592310953e+00
7.194444444444444420e-01 7.194444444444444420e-01 8.563271604938270665e-01 1.216451847592310953e+00 7.194444444444444420e-01 1.106481481481481399e+00 1.260817901234567984e+01 6.828404761904761244e+01 1.545341456897012078e+00 1.454888888888888676e+00 1.106481481481481399e+00 1.422593375616631350e+00 1.106481481481481399e+00 5.922515873015872501e+01 6.722425925925924162e+01 1.462402225685425776e+02 1.016749999999999972e+02 6.755138888888889426e+01 1.436111111111110894e+00 8.541152263374484077e-01 1.023752393936443017e+00 1.106481481481481399e+00 7.194444444444444420e-01 1.216451847592310953e+00
4.383855095497859899e+00 4.383855095497859899e+00 7.194444444444444420e-01 1.135555555555555429e+00 1.327738755600930132e+00 1.135555555555555429e+00 6.722425925925924162e+01 6.724166666666666003e+01 1.447685185185185075e+00 1.606944444444444287e+00 1.106481481481481399e+00 1.606944444444444287e+00 5.922515873015872501e+01 1.378112169312169328e+02 1.462402225685425776e+02 1.016749999999999972e+02 2.863601851851852231e+01 9.406916777335105451e+00 1.038769841269841177e+00 8.541152263374484077e-01 1.106481481481481399e+00 8.541152263374484077e-01 8.563271604938270665e-01 4.383855095497859899e+00
8.563271604938270665e-01 8.563271604938270665e-01 8.563271604938270665e-01 1.489021164021163912e+00 1.860978835978836177e+00 2.432272203795835530e+00 2.707230985196528650e+01 9.883950617283949214e+01 5.797978395061729628e+01 3.233645798783858538e+01 5.161450617283950493e+01 1.054319234006733836e+02 1.378112169312169328e+02 1.218066666666666578e+02 1.016749999999999972e+02 9.406916777335105451e+00 9.949603174603172562e+00 8.541152263374484077e-01 8.541152263374484077e-01 7.194444444444444420e-01 7.194444444444444420e-01 8.563271604938270665e-01 8.563271604938270665e-01 4.383855095497859899e+00
1.030000000000000027e+00 1.135555555555555651e+00 8.541152263374484077e-01 1.030000000000000027e+00 1.728240740740740522e+00 1.702037037037037015e+00 6.755292929292929216e+01 1.254736111111111114e+02 1.666055555555555543e+02 1.608406360493826810e+02 1.608406360493826810e+02 1.218066666666666578e+02 7.192814814814813928e+01 3.613647486772486417e+01 1.135555555555555651e+00 8.541152263374484077e-01 1.341527725700953910e+00 1.106481481481481399e+00 1.106481481481481399e+00 7.194444444444444420e-01 1.216451847592310953e+00 4.383855095497859899e+00 4.383855095497859899e+00 4.383855095497859899e+00
1.341527725700953910e+00 1.341527725700953910e+00 1.038769841269841177e+00 8.563271604938270665e-01 1.248611111111110894e+00 1.606944444444444287e+00 5.068925925925925213e+01 1.155060185185185304e+02 1.284211640211640031e+02 1.664344444444444093e+02 1.198955246913580055e+02 9.026851851851851904e+01 4.313308080808081257e+01 1.341527725700953910e+00 8.541152263374484077e-01 1.106481481481481399e+00 1.106481481481481399e+00 1.030000000000000027e+00 1.023752393936443017e+00 8.541152263374484077e-01 8.563271604938270665e-01 4.383855095497859899e+00 4.383855095497859899e+00 4.383855095497859899e+00
1.135555555555555651e+00 7.814814814814815547e-01 7.814814814814815547e-01 8.541152263374484077e-01 1.087870370370370265e+00 1.038769841269841177e+00 2.001111111111110841e+00 9.949603174603172562e+00 6.299372427983538358e+01 4.313308080808081257e+01 2.410111111111110915e+01 1.860978835978836177e+00 1.489021164021163912e+00 1.248611111111110894e+00 1.106481481481481399e+00 7.814814814814815547e-01 8.541152263374484077e-01 1.087870370370370265e+00 1.216451847592310953e+00 8.541152263374484077e-01 7.814814814814815547e-01 4.383855095497859899e+00 4.383855095497859899e+00 4.383855095497859899e+00
7.194444444444444420e-01 8.541152263374484077e-01 1.106481481481481399e+00 7.814814814814815547e-01 7.194444444444444420e-01 1.038769841269841177e+00 1.030000000000000027e+00 1.860978835978836177e+00 1.700788831467126005e+00 1.587654320987654355e+00 1.135555555555555651e+00 1.248611111111110894e+00 1.593415637860082112e+00 1.087870370370370265e+00 7.814814814814815547e-01 7.194444444444444420e-01 1.044814814814814863e+00 7.194444444444444420e-01 7.814814814814815547e-01 1.106481481481481399e+00 1.216451847592310953e+00 4.383855095497859899e+00 4.383855095497859899e+00 4.383855095497859899e+00
7.194444444444444420e-01 8.563271604938270665e-01 7.194444444444444420e-01 7.814814814814815547e-01 7.814814814814815547e-01 7.194444444444444420e-01 7.194444444444444420e-01 1.728240740740740522e+00 1.362037037037037157e+00 1.948611111111111072e+00 8.541152263374484077e-01 1.106481481481481399e+00 1.489021164021163912e+00 1.023752393936443017e+00 8.563271604938270665e-01 7.194444444444444420e-01 7.814814814814815547e-01 7.194444444444444420e-01 8.563271604938270665e-01 8.563271604938270665e-01 4.383855095497859899e+00 4.383855095497859899e+00 4.383855095497859899e+00 4.383855095497859899e+00
8.563271604938270665e-01 4.383855095497859899e+00 4.383855095497859899e+00 1.216451847592310953e+00 8.563271604938270665e-01 7.814814814814815547e-01 7.194444444444444420e-01 1.030000000000000027e+00 1.454888888888888676e+00 8.541152263374484077e-01 1.520158730158729821e+00 7.194444444444444420e-01 1.135555555555555651e+00 8.563271604938270665e-01 8.541152263374484077e-01 1.216451847592310953e+00 4.383855095497859899e+00 4.383855095497859899e+00 4.383855095497859899e+00 4.383855095497859899e+00 4.383855095497859899e+00 4.383855095497859899e+00 4.383855095497859899e+00 4.383855095497859899e+00
4.383855095497859899e+00 4.383855095497859899e+00 4.383855095497859899e+00 4.383855095497859899e+00 4.383855095497859899e+00 8.563271604938270665e-01 8.541152263374484077e-01 7.194444444444444420e-01 1.044814814814814863e+00 1.106481481481481399e+00 7.194444444444444420e-01 8.541152263374484077e-01 7.194444444444444420e-01 7.814814814814815547e-01 1.106481481481481399e+00 1.216451847592310953e+00 4.383855095497859899e+00 4.383855095497859899e+00 4.383855095497859899e+00 4.383855095497859899e+00 4.383855095497859899e+00 4.383855095497859899e+00 4.383855095497859899e+00 4.383855095497859899e+00
4.383855095497859899e+00 4.383855095497859899e+00 4.383855095497859899e+00 4.383855095497859899e+00 4.383855095497859899e+00 8.563271604938270665e-01 8.563271604938270665e-01 7.194444444444444420e-01 7.814814814814815547e-01 7.814814814814815547e-01 7.814814814814815547e-01 1.216451847592310953e+00 7.194444444444444420e-01 8.563271604938270665e-01 8.563271604938270665e-01 4.383855095497859899e+00 4.383855095497859899e+00 4.383855095497859899e+00 4.383855095497859899e+00 4.383855095497859899e+00 4.383855095497859899e+00 4.383855095497859899e+00 4.383855095497859899e+00 4.383855095497859899e+00
