1.666666666666666644e-02 1.666666666666666644e-02 1.666666666666666644e-02 1.666666666666666644e-02 1.666666666666666644e-02 1.666666666666666644e-02 1.666666666666666644e-02 1.666666666666666644e-02 2.305555555555555414e-01 2.233796296296295947e-01 1.259569771791994031e+00 7.908950617283950768e-01 1.334705075445816291e+00 1.204166666666666607e+00 6.161111111111110539e-01 2.258842175508842143e+00 1.588888888888889239e+00 1.077333333333333254e+00 2.233796296296295947e-01 3.180555555555555358e-01 1.243055555555555358e+00 9.329365079365078417e-01 3.180555555555555358e-01 1.666666666666666644e-02
1.666666666666666644e-02 1.666666666666666644e-02 1.666666666666666644e-02 1.666666666666666644e-02 1.666666666666666644e-02 1.666666666666666644e-02 1.666666666666666644e-02 3.174603174603174982e-01 3.174603174603174982e-01 5.708333333333333037e-01 7.731481481481482509e-01 1.334705075445816291e+00 1.260817901234567984e+01 1.926574074074073994e+00 1.334705075445816291e+00 1.367738095238095219e+01 1.214006734006733756e+00 1.214006734006733756e+00 8.635416666666667629e-01 5.708333333333333037e-01 2.233796296296295947e-01 2.233796296296295947e-01 1.666666666666666644e-02 1.666666666666666644e-02
1.666666666666666644e-02 1.666666666666666644e-02 1.666666666666666644e-02 1.666666666666666644e-02 1.666666666666666644e-02 3.174603174603174982e-01 3.174603174603174982e-01 6.161111111111110539e-01 8.410416666666665719e+01 8.136349206349204621e+01 1.049751543209876417e+02 1.342500000000000000e+02 1.666627314814814440e+02 1.570562499999999773e+02 1.022941358024691425e+02 8.489527777777777828e+01 1.926574074074073994e+00 1.319135802469135754e+00 6.161111111111110539e-01 9.531893004115224999e-01 2.305555555555555414e-01 4.527777777777777790e-01 1.666666666666666644e-02 1.666666666666666644e-02
1.666666666666666644e-02 1.666666666666666644e-02 1.666666666666666644e-02 1.666666666666666644e-02 1.666666666666666644e-02 2.166666666666667018e-01 4.187683715461492651e-01 1.516759259259259141e+00 5.148648148148147641e+01 1.394761243386243450e+02 9.877993109388458493e+01 1.147091666666666754e+02 1.291695301783264540e+02 1.668194444444444287e+02 1.467947751322751060e+02 1.668590277777777544e+02 1.570562499999999773e+02 2.364010614470736904e+00 2.233796296296295947e-01 6.977777777777777191e-01 2.305555555555555414e-01 3.180555555555555358e-01 1.666666666666666644e-02 1.666666666666666644e-02
1.666666666666666644e-02 1.666666666666666644e-02 1.666666666666666644e-02 1.666666666666666644e-02 1.666666666666666644e-02 1.666666666666666644e-02 3.180555555555555358e-01 1.458055555555555438e+00 2.116666666666666696e+00 4.313308080808081257e+01 8.457333333333333769e+01 8.378055555555555145e+01 8.378055555555555145e+01 8.378055555555555145e+01 1.543527777777777601e+02 1.656681481481481342e+02 1.598765624999999773e+02 1.926574074074073994e+00 1.588888888888889239e+00 1.064814814814814659e+00 2.233796296296295947e-01 2.233796296296295947e-01 2.233796296296295947e-01 1.666666666666666644e-02
1.666666666666666644e-02 1.666666666666666644e-02 1.666666666666666644e-02 1.666666666666666644e-02 1.666666666666666644e-02 1.666666666666666644e-02 1.926574074074073994e+00 2.364010614470736904e+00 2.258842175508842143e+00 9.222222222222222765e-01 1.695444444444444088e+01 8.231944444444444287e+00 3.180555555555555358e-01 2.558371568085498371e+00 1.342162380952381113e+02 1.674256018518518090e+02 1.667101783337248548e+02 1.242870370370370203e+01 9.222222222222222765e-01 1.335648148148148140e+00 3.333333333333333148e-01 2.233796296296295947e-01 2.233796296296295947e-01 1.666666666666666644e-02
1.666666666666666644e-02 1.666666666666666644e-02 1.666666666666666644e-02 1.666666666666666644e-02 1.666666666666666644e-02 2.166666666666667018e-01 5.355555555555555625e-01 8.635416666666667629e-01 1.399845679012345689e+00 1.011829176114890094e+00 5.708333333333333037e-01 3.174603174603174982e-01 4.187683715461492651e-01 5.922515873015872501e+01 1.513161111111110984e+02 1.670381481481481387e+02 1.666061375661375337e+02 1.215740740740740788e+00 9.078333333333333144e+00 7.694444444444444864e-01 1.036728395061728314e+00 9.237037037037036935e-01 2.233796296296295947e-01 1.666666666666666644e-02
1.666666666666666644e-02 1.666666666666666644e-02 1.666666666666666644e-02 1.666666666666666644e-02 1.666666666666666644e-02 1.666666666666666644e-02 2.305555555555555414e-01 5.708333333333333037e-01 1.044444444444444509e+00 1.181415343915344085e+00 2.233796296296295947e-01 3.333333333333333148e-01 8.916666666666664964e-01 9.304429012345678984e+01 1.578115740740740591e+02 1.670104166666666572e+02 1.120229166666666600e+02 1.215740740740740788e+00 4.527777777777777790e-01 9.222222222222222765e-01 7.975308641975307200e-01 3.180555555555555358e-01 5.708333333333333037e-01 1.666666666666666644e-02
1.666666666666666644e-02 1.666666666666666644e-02 1.666666666666666644e-02 1.666666666666666644e-02 1.666666666666666644e-02 2.166666666666667018e-01 5.355555555555555625e-01 8.635416666666667629e-01 8.916666666666664964e-01 1.064814814814814659e+00 3.180555555555555358e-01 8.911111111111111871e-01 9.201388888888888573e+01 1.525500000000000114e+02 1.430461111111110881e+02 9.700291666666666401e+01 5.284830246913580964e+01 4.527777777777777790e-01 3.180555555555555358e-01 8.847222222222222987e-01 1.250846560846560651e+00 5.708333333333333037e-01 2.233796296296295947e-01 3.180555555555555358e-01
1.666666666666666644e-02 1.666666666666666644e-02 1.666666666666666644e-02 1.666666666666666644e-02 1.666666666666666644e-02 1.666666666666666644e-02 1.666666666666666644e-02 5.355555555555555625e-01 1.036728395061728314e+00 5.355555555555555625e-01 2.090203703703703653e+01 5.592283950617283494e+01 1.577768518518518306e+02 1.642177777777777692e+02 1.518744047619047421e+02 2.364010614470736904e+00 9.282407407407405886e-01 1.547430376112546746e+00 8.563271604938270665e-01 8.911111111111111871e-01 9.222222222222222765e-01 9.237037037037036935e-01 3.180555555555555358e-01 1.666666666666666644e-02
1.666666666666666644e-02 1.666666666666666644e-02 1.666666666666666644e-02 1.666666666666666644e-02 1.666666666666666644e-02 1.666666666666666644e-02 1.666666666666666644e-02 1.666666666666666644e-02 5.355555555555555625e-01 1.008056837963722696e+00 8.046296296296295836e-01 9.201388888888888573e+01 1.635482969576719654e+02 1.422757698412698346e+02 9.026851851851851904e+01 1.243055555555555358e+00 1.094603174603174578e+00 4.866666666666666918e-01 6.250000000000000000e-01 1.044444444444444509e+00 1.334705075445816291e+00 4.527777777777777790e-01 5.708333333333333037e-01 1.666666666666666644e-02
1.666666666666666644e-02 1.666666666666666644e-02 1.666666666666666644e-02 1.666666666666666644e-02 1.666666666666666644e-02 1.666666666666666644e-02 3.174603174603174982e-01 4.187683715461492651e-01 1.036728395061728314e+00 6.161111111111110539e-01 5.797083333333333144e+01 1.074416666666666487e+02 1.654347222222222342e+02 1.222588888888888903e+02 2.364010614470736904e+00 1.547430376112546746e+00 9.249382716049382447e-01 1.023888888888888848e+00 1.666666666666666644e-02 2.166666666666667018e-01 2.166666666666667018e-01 3.180555555555555358e-01 1.666666666666666644e-02 1.666666666666666644e-02
1.666666666666666644e-02 1.666666666666666644e-02 1.666666666666666644e-02 1.666666666666666644e-02 1.666666666666666644e-02 1.666666666666666644e-02 3.180555555555555358e-01 1.538359788359788372e+00 1.334705075445816291e+00 5.916759259259258386e+01 1.021799999999999784e+02 1.578115740740740591e+02 1.554844444444444491e+02 2.364010614470736904e+00 1.926574074074073994e+00 8.635416666666667629e-01 9.237037037037036935e-01 2.233796296296295947e-01 3.180555555555555358e-01 4.187683715461492651e-01 7.975308641975307200e-01 5.708333333333333037e-01 2.233796296296295947e-01 1.666666666666666644e-02
2.233796296296295947e-01 1.666666666666666644e-02 1.666666666666666644e-02 1.666666666666666644e-02 1.666666666666666644e-02 1.666666666666666644e-02 3.333333333333333148e-01 8.811706349206348321e+00 4.340398148148148039e+01 9.180055555555554747e+01 1.347114748677248599e+02 1.066033333333333246e+02 2.364010614470736904e+00 4.527777777777777790e-01 3.180555555555555358e-01 6.250000000000000000e-01 4.527777777777777790e-01 3.180555555555555358e-01 2.233796296296295947e-01 8.911111111111111871e-01 2.233796296296295947e-01 2.233796296296295947e-01 2.233796296296295947e-01 1.666666666666666644e-02
2.233796296296295947e-01 2.233796296296295947e-01 2.233796296296295947e-01 1.666666666666666644e-02 1.666666666666666644e-02 3.174603174603174982e-01 4.187683715461492651e-01 8.916666666666664964e-01 9.304429012345678984e+01 1.635482969576719654e+02 1.222588888888888903e+02 7.479652777777776862e+01 9.249382716049382447e-01 9.329365079365078417e-01 1.215740740740740788e+00 6.978395061728394078e-01 5.708333333333333037e-01 5.708333333333333037e-01 9.249382716049382447e-01 1.716546406964733595e+00 1.458055555555555438e+00 1.163447077409162755e+00 1.666666666666666644e-02 1.666666666666666644e-02
4.527777777777777790e-01 5.355555555555555625e-01 4.014550264550264536e-01 2.233796296296295947e-01 2.233796296296295947e-01 1.036728395061728314e+00 8.911111111111111871e-01 9.202388888888887664e+01 1.513161111111110984e+02 1.667187500000000000e+02 8.747277777777776464e+01 2.364010614470736904e+00 1.461111111111111027e+00 1.319135802469135754e+00 1.036728395061728314e+00 7.975308641975307200e-01 1.461111111111111027e+00 2.364010614470736904e+00 8.911111111111111871e-01 1.926574074074073994e+00 8.911111111111111871e-01 2.233796296296295947e-01 2.233796296296295947e-01 1.666666666666666644e-02
1.413728967062300335e+00 3.180555555555555358e-01 6.161111111111110539e-01 1.682414141414141362e+00 1.163447077409162755e+00 1.334705075445816291e+00 5.916759259259258386e+01 1.577768518518518306e+02 1.642177777777777692e+02 2.364010614470736904e+00 2.710802469135801918e+00 2.449869809203142346e+00 2.683544973544973455e+00 2.364010614470736904e+00 1.345238095238095344e+00 1.926574074074073994e+00 1.399845679012345689e+00 1.847777777777777519e+00 1.474603174603174249e+00 1.334705075445816291e+00 2.233796296296295947e-01 2.233796296296295947e-01 2.233796296296295947e-01 1.666666666666666644e-02
5.708333333333333037e-01 1.666666666666666644e-02 3.180555555555555358e-01 1.458055555555555438e+00 4.265041666666666487e+01 6.076453703703703013e+01 1.665316875146816926e+02 1.666627314814814440e+02 1.667101783337248548e+02 6.717732538699081601e+01 2.364010614470736904e+00 2.258842175508842143e+00 1.926574074074073994e+00 1.334705075445816291e+00 1.474603174603174249e+00 1.334705075445816291e+00 8.410416666666665719e+01 6.754765079365077440e+01 6.754765079365077440e+01 2.233796296296295947e-01 2.364010614470736904e+00 9.249382716049382447e-01 1.666666666666666644e-02 1.666666666666666644e-02
1.265661375661375709e+00 1.466666666666666341e+00 1.036728395061728314e+00 8.911111111111111871e-01 4.265041666666666487e+01 1.674256018518518090e+02 1.669660962962962856e+02 1.671354629629629471e+02 1.666061375661375337e+02 1.926574074074073994e+00 1.926574074074073994e+00 6.511226851851851904e+01 4.340398148148148039e+01 6.724333333333332519e+01 6.754765079365077440e+01 1.582504629629629278e+02 1.213288888888888835e+02 1.342298518518518335e+02 1.147091666666666754e+02 2.364010614470736904e+00 1.461111111111111027e+00 9.329365079365078417e-01 2.233796296296295947e-01 1.666666666666666644e-02
1.588888888888889239e+00 1.547430376112546746e+00 1.077333333333333254e+00 7.975308641975307200e-01 4.209444444444444144e+01 1.242448717948717700e+02 1.670104166666666572e+02 1.664344444444444093e+02 1.570562499999999773e+02 1.227870061728394973e+02 9.739768518518519613e+01 1.049751543209876417e+02 1.021799999999999784e+02 1.324158024691357980e+02 1.671354629629629471e+02 1.289041666666666401e+02 1.670104166666666572e+02 1.120229166666666600e+02 7.099309523809525047e+01 1.843750000000000000e+00 1.926574074074073994e+00 1.075228475228474867e+00 4.527777777777777790e-01 1.666666666666666644e-02
1.008703703703703658e+00 1.214006734006733756e+00 1.122691358024691333e+00 8.635416666666667629e-01 2.166666666666667018e-01 8.635416666666667629e-01 8.378055555555555145e+01 1.242448717948717700e+02 1.159054526748971057e+02 1.159054526748971057e+02 1.147091666666666754e+02 1.578115740740740591e+02 1.578115740740740591e+02 1.638772486772486729e+02 1.120229166666666600e+02 8.438819444444443718e+01 1.547430376112546746e+00 1.722222222222222099e+00 1.291264928193499362e+00 1.576851851851851727e+00 8.635416666666667629e-01 1.666666666666666644e-02 1.666666666666666644e-02 1.666666666666666644e-02
3.180555555555555358e-01 1.666666666666666644e-02 2.166666666666667018e-01 2.166666666666667018e-01 1.666666666666666644e-02 2.305555555555555414e-01 2.166666666666667018e-01 8.635416666666667629e-01 1.547430376112546746e+00 1.547430376112546746e+00 1.547430376112546746e+00 1.547430376112546746e+00 4.313308080808081257e+01 1.547430376112546746e+00 2.305000000000000071e+01 4.527777777777777790e-01 2.166666666666667018e-01 2.166666666666667018e-01 2.166666666666667018e-01 3.180555555555555358e-01 1.666666666666666644e-02 2.233796296296295947e-01 1.666666666666666644e-02 1.666666666666666644e-02
1.666666666666666644e-02 1.666666666666666644e-02 1.666666666666666644e-02 1.666666666666666644e-02 1.666666666666666644e-02 1.666666666666666644e-02 1.666666666666666644e-02 1.666666666666666644e-02 1.666666666666666644e-02 1.666666666666666644e-02 1.666666666666666644e-02 1.666666666666666644e-02 1.666666666666666644e-02 1.666666666666666644e-02 1.666666666666666644e-02 1.666666666666666644e-02 1.666666666666666644e-02 1.666666666666666644e-02 1.666666666666666644e-02 1.666666666666666644e-02 1.666666666666666644e-02 1.666666666666666644e-02 1.666666666666666644e-02 1.666666666666666644e-02
1.666666666666666644e-02 1.666666666666666644e-02 1.666666666666666644e-02 1.666666666666666644e-02 1.666666666666666644e-02 1.666666666666666644e-02 1.666666666666666644e-02 1.666666666666666644e-02 1.666666666666666644e-02 1.666666666666666644e-02 1.666666666666666644e-02 1.666666666666666644e-02 1.666666666666666644e-02 1.666666666666666644e-02 1.666666666666666644e-02 1.666666666666666644e-02 1.666666666666666644e-02 1.666666666666666644e-02 1.666666666666666644e-02 1.666666666666666644e-02 1.666666666666666644e-02 1.666666666666666644e-02 1.666666666666666644e-02 1.666666666666666644e-02
