1.666666666666666644e-02 1.666666666666666644e-02 1.666666666666666644e-02 1.666666666666666644e-02 1.666666666666666644e-02 1.666666666666666644e-02 1.666666666666666644e-02 1.666666666666666644e-02 1.666666666666666644e-02 1.666666666666666644e-02 1.666666666666666644e-02 1.666666666666666644e-02 1.666666666666666644e-02 1.666666666666666644e-02 1.666666666666666644e-02 1.666666666666666644e-02 1.666666666666666644e-02 1.666666666666666644e-02 1.666666666666666644e-02 1.666666666666666644e-02 1.666666666666666644e-02 1.666666666666666644e-02 1.666666666666666644e-02 1.666666666666666644e-02
1.666666666666666644e-02 1.666666666666666644e-02 1.666666666666666644e-02 1.666666666666666644e-02 1.666666666666666644e-02 1.666666666666666644e-02 1.666666666666666644e-02 1.666666666666666644e-02 1.666666666666666644e-02 1.666666666666666644e-02 1.666666666666666644e-02 1.666666666666666644e-02 1.666666666666666644e-02 1.666666666666666644e-02 1.666666666666666644e-02 1.666666666666666644e-02 1.666666666666666644e-02 1.666666666666666644e-02 1.666666666666666644e-02 1.666666666666666644e-02 1.666666666666666644e-02 1.666666666666666644e-02 1.666666666666666644e-02 1.666666666666666644e-02
1.666666666666666644e-02 1.666666666666666644e-02 1.666666666666666644e-02 1.666666666666666644e-02 1.666666666666666644e-02 1.666666666666666644e-02 1.666666666666666644e-02 1.666666666666666644e-02 1.666666666666666644e-02 1.666666666666666644e-02 1.666666666666666644e-02 1.666666666666666644e-02 1.666666666666666644e-02 1.666666666666666644e-02 1.666666666666666644e-02 1.666666666666666644e-02 1.666666666666666644e-02 1.666666666666666644e-02 1.666666666666666644e-02 1.666666666666666644e-02 1.666666666666666644e-02 1.666666666666666644e-02 1.666666666666666644e-02 1.666666666666666644e-02
1.666666666666666644e-02 1.666666666666666644e-02 1.666666666666666644e-02 1.666666666666666644e-02 1.666666666666666644e-02 1.666666666666666644e-02 1.666666666666666644e-02 1.666666666666666644e-02 1.666666666666666644e-02 1.666666666666666644e-02 1.666666666666666644e-02 1.666666666666666644e-02 1.666666666666666644e-02 1.666666666666666644e-02 1.666666666666666644e-02 1.666666666666666644e-02 1.666666666666666644e-02 1.666666666666666644e-02 1.666666666666666644e-02 1.666666666666666644e-02 1.666666666666666644e-02 1.666666666666666644e-02 1.666666666666666644e-02 1.666666666666666644e-02
2.233796296296295947e-01 1.666666666666666644e-02 1.666666666666666644e-02 1.666666666666666644e-02 2.305555555555555414e-01 2.233796296296295947e-01 1.666666666666666644e-02 1.666666666666666644e-02 1.666666666666666644e-02 1.666666666666666644e-02 3.174603174603174982e-01 2.233796296296295947e-01 2.233796296296295947e-01 2.233796296296295947e-01 1.666666666666666644e-02 1.666666666666666644e-02 3.174603174603174982e-01 2.233796296296295947e-01 2.233796296296295947e-01 1.666666666666666644e-02 1.666666666666666644e-02 1.666666666666666644e-02 2.305555555555555414e-01 2.233796296296295947e-01
2.233796296296295947e-01 2.233796296296295947e-01 2.305555555555555414e-01 5.124999999999999556e-01 5.124999999999999556e-01 8.563271604938270665e-01 2.233796296296295947e-01 2.233796296296295947e-01 3.333333333333333148e-01 3.174603174603174982e-01 6.161111111111110539e-01 7.731481481481482509e-01 7.496913580246913789e+00 5.708333333333333037e-01 2.233796296296295947e-01 1.036728395061728314e+00 7.975308641975307200e-01 6.161111111111110539e-01 2.233796296296295947e-01 2.233796296296295947e-01 5.124999999999999556e-01 3.174603174603174982e-01 6.161111111111110539e-01 2.233796296296295947e-01
1.461111111111111027e+00 1.163447077409162755e+00 6.161111111111110539e-01 1.002160493827160437e+00 7.975308641975307200e-01 2.210322598019629936e+00 1.206569664902998218e+00 1.163447077409162755e+00 6.161111111111110539e-01 7.959932659932658972e+00 1.545142857142857373e+01 6.511226851851851904e+01 6.511226851851851904e+01 2.090203703703703653e+01 1.926574074074073994e+00 1.334705075445816291e+00 7.959932659932658972e+00 2.090203703703703653e+01 1.926574074074073994e+00 1.759185185185184963e+01 6.161111111111110539e-01 2.233796296296295947e-01 2.233796296296295947e-01 2.233796296296295947e-01
1.730833333333333446e+00 1.394753086419753041e+00 1.224691358024691201e+00 1.345238095238095344e+00 2.109722222222222054e+00 1.721347736625514324e+00 1.474603174603174249e+00 4.181640211640211646e+01 4.996289682539682531e+01 2.233796296296295947e-01 1.260817901234567984e+01 6.458333333333332860e+01 1.251319444444444287e+02 9.512608024691355979e+01 5.422999999999999687e+01 1.260817901234567984e+01 1.260817901234567984e+01 8.768611111111108869e+01 1.926574074074073994e+00 1.334705075445816291e+00 1.878379629629629477e+01 2.710802469135801918e+00 1.319814814814814419e+01 1.912082602858722113e+00
1.762962962962963065e+00 1.926574074074073994e+00 1.926574074074073994e+00 1.929285714285713826e+00 1.929285714285713826e+00 2.077222222222222214e+01 4.996289682539682531e+01 9.312499999999998579e+01 6.463379629629628198e+01 1.112962962962963154e+01 3.361455026455026029e+01 7.479886243386242484e+01 9.700291666666666401e+01 5.441000000000000369e+01 1.112962962962963154e+01 1.112962962962963154e+01 1.084513888888888999e+01 1.112962962962963154e+01 1.084513888888888999e+01 2.691333333333333400e+01 2.710802469135801918e+00 2.710802469135801918e+00 1.912082602858722113e+00 1.273749055177626488e+00
1.388555555555555543e+00 1.581797605686494412e+00 1.872098765432098633e+00 1.730833333333333446e+00 1.516759259259259141e+00 1.104680555555555515e+02 1.119065079365079356e+02 2.364010614470736904e+00 2.258842175508842143e+00 2.558371568085498371e+00 2.342361111111110894e+00 3.361455026455026029e+01 2.364010614470736904e+00 1.319135802469135754e+00 1.319135802469135754e+00 1.002160493827160437e+00 1.758950617283950635e+00 2.364010614470736904e+00 2.109722222222222054e+00 2.116666666666666696e+00 4.527777777777777790e-01 1.036728395061728314e+00 1.319135802469135754e+00 1.243055555555555358e+00
1.241666666666666696e+00 1.502623456790123324e+00 1.516759259259259141e+00 1.036728395061728314e+00 8.953124999999999556e-01 5.592283950617283494e+01 1.184148148148148039e+02 2.364010614470736904e+00 2.683544973544973455e+00 2.384722222222221966e+00 2.210322598019629936e+00 2.116666666666666696e+00 2.710802469135801918e+00 1.926574074074073994e+00 2.199652777777777679e+00 1.829611111111110855e+00 1.136354716125007158e+00 8.635416666666667629e-01 3.999999999999999667e-01 1.064814814814814659e+00 3.180555555555555358e-01 1.428240740740740700e+00 1.454130291005291120e+00 1.128240740740740655e+00
6.250000000000000000e-01 1.319135802469135754e+00 9.557870370370369351e-01 2.364010614470736904e+00 1.407870370370370550e+00 1.824884259259259167e+01 1.344912037037036896e+02 1.926574074074073994e+00 1.655555555555555669e+00 1.926574074074073994e+00 3.790318513676880663e+00 2.199652777777777679e+00 1.319135802469135754e+00 2.772144267986027977e+00 1.926574074074073994e+00 1.367592592592592471e+00 1.241666666666666696e+00 3.999999999999999667e-01 7.077777777777778390e-01 3.180555555555555358e-01 1.395601851851851816e+00 1.407870370370370550e+00 1.926574074074073994e+00 8.635416666666667629e-01
8.916666666666664964e-01 8.159722222222220989e-01 9.932098765432098020e-01 1.407870370370370550e+00 8.916666666666664964e-01 2.116666666666666696e+00 6.985111111111110915e+01 4.771838095238095434e+01 2.026435185185184906e+01 1.260817901234567984e+01 1.260817901234567984e+01 2.090203703703703653e+01 1.490443057964796836e+01 2.364010614470736904e+00 2.683544973544973455e+00 1.215740740740740788e+00 1.334705075445816291e+00 7.999999999999999334e-01 5.708333333333333037e-01 1.361805555555555491e+00 1.174074074074073826e+00 3.999999999999999667e-01 3.180555555555555358e-01 3.999999999999999667e-01
1.002160493827160437e+00 1.968888888888888689e+00 2.116666666666666696e+00 1.987407407407407289e+00 1.745370370370370239e+00 1.064814814814814659e+00 1.002160493827160437e+00 1.745370370370370239e+00 1.084513888888888999e+01 1.112962962962963154e+01 1.084513888888888999e+01 1.729160493827160039e+01 1.926574074074073994e+00 1.926574074074073994e+00 1.926574074074073994e+00 1.926574074074073994e+00 2.364010614470736904e+00 6.161111111111110539e-01 2.233796296296295947e-01 1.407870370370370550e+00 1.283456790123456814e+00 6.847222222222222321e-01 5.708333333333333037e-01 1.666666666666666644e-02
1.407870370370370550e+00 1.926574074074073994e+00 1.094603174603174578e+00 1.586337448559670849e+00 1.762962962962963065e+00 1.968888888888888689e+00 1.319135802469135754e+00 1.762962962962963065e+00 1.794187944298373694e+00 1.716546406964733595e+00 1.581797605686494412e+00 9.909444444444442723e+00 2.342361111111110894e+00 8.530370370370368605e+00 6.511226851851851904e+01 5.513388888888888317e+01 1.926574074074073994e+00 1.307253086419753130e+00 3.999999999999999667e-01 1.044444444444444509e+00 1.002160493827160437e+00 2.233796296296295947e-01 2.233796296296295947e-01 1.666666666666666644e-02
7.694444444444444864e-01 8.563271604938270665e-01 1.306142108919886580e+00 2.258842175508842143e+00 1.217234567901234410e+00 1.214006734006733756e+00 1.588888888888889239e+00 2.364010614470736904e+00 1.215740740740740788e+00 1.720591563786008082e+00 1.581797605686494412e+00 1.929285714285713826e+00 2.772144267986027977e+00 2.558371568085498371e+00 5.592283950617283494e+01 1.324158024691357980e+02 1.347114748677248599e+02 1.215740740740740788e+00 1.250846560846560651e+00 5.708333333333333037e-01 1.319259259259259132e+00 3.999999999999999667e-01 3.180555555555555358e-01 1.666666666666666644e-02
1.006304749668829768e+00 8.916666666666664964e-01 1.926574074074073994e+00 1.928528806584362210e+00 1.334705075445816291e+00 1.260817901234567984e+01 1.334705075445816291e+00 1.926574074074073994e+00 1.571543209876543168e+00 2.199652777777777679e+00 1.283456790123456814e+00 1.878379629629629477e+01 1.334705075445816291e+00 2.457111111111111157e+01 6.198086419753087029e+01 1.289041666666666401e+02 1.120229166666666600e+02 2.364010614470736904e+00 2.258842175508842143e+00 2.109722222222222054e+00 3.999999999999999667e-01 3.999999999999999667e-01 1.666666666666666644e-02 1.666666666666666644e-02
8.046296296296295836e-01 1.716546406964733595e+00 2.167777777777777803e+00 1.593096121298760881e+00 8.159722222222220989e-01 6.724333333333332519e+01 6.754765079365077440e+01 5.360240740740739795e+01 4.626682098765432016e+01 2.077222222222222214e+01 3.770714285714285552e+01 1.490443057964796836e+01 1.260817901234567984e+01 6.279555555555553781e+01 6.349388888888889682e+01 1.112962962962963154e+01 2.364010614470736904e+00 2.167777777777777803e+00 2.384722222222221966e+00 1.762962962962963065e+00 1.241666666666666696e+00 5.708333333333333037e-01 1.666666666666666644e-02 1.666666666666666644e-02
1.826565889891252459e+00 1.388555555555555543e+00 6.250000000000000000e-01 7.203703703703703276e-01 2.558371568085498371e+00 5.622592592592591387e+01 1.147091666666666754e+02 6.920595238095238244e+01 8.890611111111113019e+01 5.422999999999999687e+01 2.924304232804232839e+01 1.112962962962963154e+01 1.112962962962963154e+01 2.364010614470736904e+00 2.385538720538720625e+00 2.116666666666666696e+00 2.116666666666666696e+00 1.565740740740740655e+00 1.926574074074073994e+00 1.647916666666666474e+00 1.593096121298760881e+00 8.635416666666667629e-01 2.233796296296295947e-01 1.666666666666666644e-02
1.215740740740740788e+00 9.249382716049382447e-01 8.458333333333335480e-01 8.159722222222220989e-01 1.745370370370370239e+00 1.084513888888888999e+01 2.691333333333333400e+01 4.771838095238095434e+01 1.112962962962963154e+01 2.282296296296296489e+01 4.527777777777777790e-01 1.036728395061728314e+00 8.953124999999999556e-01 2.710802469135801918e+00 2.116666666666666696e+00 2.024953703703703756e+00 1.319135802469135754e+00 1.361805555555555491e+00 1.454130291005291120e+00 1.122691358024691333e+00 6.847222222222222321e-01 3.999999999999999667e-01 2.233796296296295947e-01 1.666666666666666644e-02
1.915180134680134927e+00 1.502623456790123324e+00 1.036728395061728314e+00 7.975308641975307200e-01 8.635416666666667629e-01 1.758950617283950635e+00 1.758950617283950635e+00 1.912082602858722113e+00 8.231944444444444287e+00 4.527777777777777790e-01 5.355555555555555625e-01 1.002160493827160437e+00 7.975308641975307200e-01 6.250000000000000000e-01 1.926574074074073994e+00 1.926574074074073994e+00 1.929285714285713826e+00 6.250000000000000000e-01 1.204166666666666607e+00 1.006304749668829768e+00 3.999999999999999667e-01 3.180555555555555358e-01 1.666666666666666644e-02 1.666666666666666644e-02
2.166666666666667018e-01 1.214006734006733756e+00 6.250000000000000000e-01 2.166666666666667018e-01 3.999999999999999667e-01 1.666666666666666644e-02 1.666666666666666644e-02 2.166666666666667018e-01 3.999999999999999667e-01 2.233796296296295947e-01 2.166666666666667018e-01 3.999999999999999667e-01 1.666666666666666644e-02 1.666666666666666644e-02 2.166666666666667018e-01 3.999999999999999667e-01 1.666666666666666644e-02 1.666666666666666644e-02 1.666666666666666644e-02 2.166666666666667018e-01 1.666666666666666644e-02 1.666666666666666644e-02 1.666666666666666644e-02 1.666666666666666644e-02
1.666666666666666644e-02 1.666666666666666644e-02 1.666666666666666644e-02 1.666666666666666644e-02 1.666666666666666644e-02 1.666666666666666644e-02 1.666666666666666644e-02 1.666666666666666644e-02 1.666666666666666644e-02 1.666666666666666644e-02 1.666666666666666644e-02 1.666666666666666644e-02 1.666666666666666644e-02 1.666666666666666644e-02 1.666666666666666644e-02 1.666666666666666644e-02 1.666666666666666644e-02 1.666666666666666644e-02 1.666666666666666644e-02 1.666666666666666644e-02 1.666666666666666644e-02 1.666666666666666644e-02 1.666666666666666644e-02 1.666666666666666644e-02
1.666666666666666644e-02 1.666666666666666644e-02 1.666666666666666644e-02 1.666666666666666644e-02 1.666666666666666644e-02 1.666666666666666644e-02 1.666666666666666644e-02 1.666666666666666644e-02 1.666666666666666644e-02 1.666666666666666644e-02 1.666666666666666644e-02 1.666666666666666644e-02 1.666666666666666644e-02 1.666666666666666644e-02 1.666666666666666644e-02 1.666666666666666644e-02 1.666666666666666644e-02 1.666666666666666644e-02 1.666666666666666644e-02 1.666666666666666644e-02 1.666666666666666644e-02 1.666666666666666644e-02 1.666666666666666644e-02 1.666666666666666644e-02
