7.518373729004475869e+00 7.518373729004475869e+00 7.518373729004475869e+00 7.518373729004475869e+00 7.518373729004475869e+00 7.518373729004475869e+00 7.518373729004475869e+00 7.518373729004475869e+00 7.518373729004475869e+00 7.518373729004475869e+00 7.518373729004475869e+00 7.518373729004475869e+00 7.518373729004475869e+00 7.518373729004475869e+00 7.518373729004475869e+00 7.518373729004475869e+00 7.518373729004475869e+00 7.518373729004475869e+00 7.518373729004475869e+00 7.518373729004475869e+00 7.518373729004475869e+00 7.518373729004475869e+00 7.518373729004475869e+00 7.518373729004475869e+00
7.518373729004475869e+00 7.518373729004475869e+00 7.518373729004475869e+00 7.518373729004475869e+00 7.518373729004475869e+00 7.518373729004475869e+00 7.518373729004475869e+00 7.518373729004475869e+00 7.518373729004475869e+00 7.518373729004475869e+00 7.518373729004475869e+00 7.518373729004475869e+00 7.518373729004475869e+00 7.518373729004475869e+00 7.518373729004475869e+00 7.518373729004475869e+00 7.518373729004475869e+00 7.518373729004475869e+00 7.518373729004475869e+00 7.518373729004475869e+00 7.518373729004475869e+00 7.518373729004475869e+00 7.518373729004475869e+00 7.518373729004475869e+00
7.518373729004475869e+00 7.518373729004475869e+00 7.518373729004475869e+00 7.518373729004475869e+00 7.518373729004475869e+00 7.518373729004475869e+00 7.518373729004475869e+00 7.518373729004475869e+00 7.518373729004475869e+00 7.518373729004475869e+00 7.518373729004475869e+00 7.518373729004475869e+00 7.518373729004475869e+00 7.518373729004475869e+00 7.518373729004475869e+00 7.518373729004475869e+00 7.518373729004475869e+00 7.518373729004475869e+00 7.518373729004475869e+00 1.791897072473609143e+01 2.410737922475872352e+01 2.450014356838651963e+01 2.984601697779368124e+01 1.991153019911502042e+01
7.518373729004475869e+00 7.518373729004475869e+00 7.518373729004475869e+00 7.518373729004475869e+00 7.518373729004475869e+00 7.518373729004475869e+00 7.518373729004475869e+00 7.518373729004475869e+00 7.518373729004475869e+00 7.518373729004475869e+00 7.518373729004475869e+00 7.518373729004475869e+00 1.479388960229960048e+01 1.479388960229960048e+01 1.791897072473609143e+01 1.791897072473609143e+01 2.410737922475872352e+01 2.410737922475872352e+01 3.217050932490882076e+01 4.423656094012645212e+01 5.649788710767151656e+01 6.376090534979422841e+01 5.020135902242806480e+01 3.500271936646566928e+01
7.518373729004475869e+00 7.518373729004475869e+00 7.518373729004475869e+00 7.518373729004475869e+00 7.518373729004475869e+00 7.518373729004475869e+00 7.518373729004475869e+00 7.518373729004475869e+00 7.518373729004475869e+00 7.518373729004475869e+00 2.002792678135248039e+01 2.410737922475872352e+01 3.217050932490882076e+01 3.975326256311313955e+01 4.258015046492749178e+01 5.455794223194553183e+01 5.455794223194553183e+01 5.649788710767151656e+01 6.376090534979422841e+01 7.646433470507544428e+01 9.246136259716504924e+01 9.822770919067212958e+01 6.970823045267489704e+01 5.921086716012349882e+01
7.518373729004475869e+00 7.518373729004475869e+00 7.518373729004475869e+00 7.518373729004475869e+00 7.518373729004475869e+00 7.518373729004475869e+00 7.518373729004475869e+00 7.518373729004475869e+00 7.518373729004475869e+00 1.605585029588310420e+01 3.117878904411386642e+01 4.791328465265365111e+01 7.145697302240510851e+01 8.427572016460905502e+01 8.905761316872427358e+01 8.905761316872427358e+01 8.905761316872427358e+01 9.822770919067212958e+01 9.747187928669410439e+01 1.018155006858710436e+02 9.490157750342933696e+01 9.086899862825788432e+01 7.171947873799723538e+01 5.583554859447617247e+01
7.518373729004475869e+00 7.518373729004475869e+00 7.518373729004475869e+00 7.518373729004475869e+00 7.518373729004475869e+00 7.518373729004475869e+00 7.518373729004475869e+00 7.518373729004475869e+00 7.518373729004475869e+00 1.814837436804803872e+01 4.223927677707953166e+01 5.559465020576131877e+01 8.759670781893002811e+01 1.062569730224051057e+02 1.062569730224051057e+02 1.062569730224051057e+02 1.062569730224051057e+02 9.490157750342933696e+01 8.117438761512835299e+01 7.192473496281438372e+01 7.078978052126200282e+01 6.644659648913540195e+01 4.344217311783066293e+01 3.199406634685455586e+01
7.518373729004475869e+00 7.518373729004475869e+00 7.518373729004475869e+00 7.518373729004475869e+00 7.518373729004475869e+00 7.518373729004475869e+00 7.518373729004475869e+00 7.518373729004475869e+00 1.605585029588310420e+01 2.418203462937974635e+01 4.891960464669356412e+01 7.532990397805214400e+01 8.117438761512835299e+01 8.117438761512835299e+01 7.078978052126200282e+01 7.078978052126200282e+01 7.078978052126200282e+01 6.644659648913540195e+01 4.841768459640113065e+01 3.743070290556031665e+01 3.026537339717443231e+01 2.765738465711870475e+01 2.331221159676512400e+01 1.646016765763812728e+01
7.518373729004475869e+00 7.518373729004475869e+00 7.518373729004475869e+00 7.518373729004475869e+00 7.518373729004475869e+00 7.518373729004475869e+00 7.518373729004475869e+00 7.518373729004475869e+00 2.306884344127142228e+01 4.671409603032462599e+01 7.646433470507544428e+01 6.262037037037035958e+01 4.434456062114540487e+01 3.788300505453227629e+01 3.788300505453227629e+01 2.765738465711870475e+01 2.765738465711870475e+01 2.765738465711870475e+01 2.331221159676512400e+01 1.770123869009436390e+01 7.518373729004475869e+00 7.518373729004475869e+00 7.518373729004475869e+00 7.518373729004475869e+00
7.518373729004475869e+00 7.518373729004475869e+00 7.518373729004475869e+00 7.518373729004475869e+00 7.518373729004475869e+00 7.518373729004475869e+00 7.518373729004475869e+00 1.814837436804803872e+01 4.223927677707953166e+01 7.034567901234566989e+01 6.970823045267489704e+01 6.398355869096609183e+01 3.003401443554567507e+01 1.646016765763812728e+01 1.646016765763812728e+01 7.518373729004475869e+00 7.518373729004475869e+00 7.518373729004475869e+00 7.518373729004475869e+00 7.518373729004475869e+00 7.518373729004475869e+00 7.518373729004475869e+00 7.518373729004475869e+00 7.518373729004475869e+00
7.518373729004475869e+00 7.518373729004475869e+00 7.518373729004475869e+00 7.518373729004475869e+00 7.518373729004475869e+00 7.518373729004475869e+00 7.518373729004475869e+00 2.117863243407528628e+01 6.069929123156392592e+01 9.747187928669410439e+01 9.841723822588019743e+01 5.990743748226564946e+01 2.294426819222515945e+01 7.518373729004475869e+00 7.518373729004475869e+00 7.518373729004475869e+00 7.518373729004475869e+00 7.518373729004475869e+00 7.518373729004475869e+00 7.518373729004475869e+00 7.518373729004475869e+00 7.518373729004475869e+00 7.518373729004475869e+00 7.518373729004475869e+00
7.518373729004475869e+00 7.518373729004475869e+00 7.518373729004475869e+00 7.518373729004475869e+00 7.518373729004475869e+00 7.518373729004475869e+00 1.605585029588310420e+01 4.223927677707953166e+01 8.047530277982951930e+01 9.747187928669410439e+01 8.609019204389574043e+01 4.246974932435103511e+01 1.770123869009436390e+01 7.518373729004475869e+00 7.518373729004475869e+00 7.518373729004475869e+00 7.518373729004475869e+00 7.518373729004475869e+00 7.518373729004475869e+00 7.518373729004475869e+00 7.518373729004475869e+00 7.518373729004475869e+00 7.518373729004475869e+00 7.518373729004475869e+00
7.518373729004475869e+00 7.518373729004475869e+00 7.518373729004475869e+00 7.518373729004475869e+00 7.518373729004475869e+00 7.518373729004475869e+00 1.814837436804803872e+01 4.628366929639179972e+01 8.047530277982951930e+01 1.020130315500685754e+02 7.657840118145331587e+01 3.919790253004099867e+01 1.818316502860892214e+01 7.518373729004475869e+00 7.518373729004475869e+00 7.518373729004475869e+00 7.518373729004475869e+00 7.518373729004475869e+00 7.518373729004475869e+00 7.518373729004475869e+00 7.518373729004475869e+00 7.518373729004475869e+00 7.518373729004475869e+00 7.518373729004475869e+00
7.518373729004475869e+00 7.518373729004475869e+00 7.518373729004475869e+00 7.518373729004475869e+00 7.518373729004475869e+00 7.518373729004475869e+00 1.814837436804803872e+01 4.506294428163838006e+01 8.445012069203856697e+01 9.658978052126199998e+01 6.909033901626494867e+01 4.443379572939064559e+01 2.025609597663923367e+01 7.518373729004475869e+00 7.518373729004475869e+00 7.518373729004475869e+00 7.518373729004475869e+00 7.518373729004475869e+00 7.518373729004475869e+00 7.518373729004475869e+00 7.518373729004475869e+00 7.518373729004475869e+00 7.518373729004475869e+00 7.518373729004475869e+00
7.518373729004475869e+00 7.518373729004475869e+00 7.518373729004475869e+00 7.518373729004475869e+00 7.518373729004475869e+00 7.518373729004475869e+00 7.518373729004475869e+00 3.169000230519822026e+01 5.503448850220359390e+01 6.845061728395062062e+01 6.579492455418380814e+01 5.583554859447617247e+01 2.374961689831196310e+01 1.700534334819505133e+01 7.518373729004475869e+00 7.518373729004475869e+00 7.518373729004475869e+00 7.518373729004475869e+00 7.518373729004475869e+00 7.518373729004475869e+00 7.518373729004475869e+00 7.518373729004475869e+00 7.518373729004475869e+00 7.518373729004475869e+00
7.518373729004475869e+00 7.518373729004475869e+00 7.518373729004475869e+00 7.518373729004475869e+00 7.518373729004475869e+00 7.518373729004475869e+00 7.518373729004475869e+00 7.518373729004475869e+00 3.281387792405921999e+01 4.079736116485732822e+01 5.612482853223593793e+01 5.583554859447617247e+01 3.003401443554567507e+01 1.818316502860892214e+01 7.518373729004475869e+00 7.518373729004475869e+00 7.518373729004475869e+00 7.518373729004475869e+00 7.518373729004475869e+00 7.518373729004475869e+00 7.518373729004475869e+00 7.518373729004475869e+00 7.518373729004475869e+00 7.518373729004475869e+00
7.518373729004475869e+00 7.518373729004475869e+00 7.518373729004475869e+00 7.518373729004475869e+00 1.479388960229960048e+01 1.631822512368301403e+01 7.518373729004475869e+00 7.518373729004475869e+00 1.541014457266006055e+01 2.950503011837144385e+01 5.612482853223593793e+01 5.826063100137173478e+01 3.438136123141291733e+01 2.025609597663923367e+01 7.518373729004475869e+00 7.518373729004475869e+00 7.518373729004475869e+00 7.518373729004475869e+00 7.518373729004475869e+00 7.518373729004475869e+00 7.518373729004475869e+00 7.518373729004475869e+00 7.518373729004475869e+00 7.518373729004475869e+00
7.518373729004475869e+00 7.518373729004475869e+00 7.518373729004475869e+00 2.002792678135248039e+01 2.410737922475872352e+01 3.187248094814366084e+01 1.991153019911502042e+01 7.518373729004475869e+00 1.541014457266006055e+01 2.950503011837144385e+01 5.612482853223593793e+01 6.579492455418380814e+01 3.401219089517807248e+01 2.025609597663923367e+01 7.518373729004475869e+00 7.518373729004475869e+00 7.518373729004475869e+00 7.518373729004475869e+00 7.518373729004475869e+00 7.518373729004475869e+00 7.518373729004475869e+00 7.518373729004475869e+00 7.518373729004475869e+00 7.518373729004475869e+00
7.518373729004475869e+00 7.518373729004475869e+00 1.814837436804803872e+01 2.833785251072615452e+01 4.802272944779404185e+01 5.020135902242806480e+01 3.842491057811874811e+01 1.991153019911502042e+01 2.410737922475872352e+01 4.553211542809587797e+01 6.286753119677642587e+01 6.579492455418380814e+01 3.401219089517807248e+01 1.995421387206560482e+01 7.518373729004475869e+00 7.518373729004475869e+00 7.518373729004475869e+00 7.518373729004475869e+00 7.518373729004475869e+00 7.518373729004475869e+00 7.518373729004475869e+00 7.518373729004475869e+00 7.518373729004475869e+00 7.518373729004475869e+00
7.518373729004475869e+00 7.518373729004475869e+00 1.814837436804803872e+01 2.677449534824843624e+01 5.084409905879258673e+01 8.427572016460905502e+01 6.751035665294925536e+01 5.045486150586440033e+01 5.455794223194553183e+01 7.001553761738948367e+01 9.246136259716504924e+01 6.909033901626494867e+01 4.038051622762190362e+01 1.770123869009436390e+01 7.518373729004475869e+00 7.518373729004475869e+00 7.518373729004475869e+00 7.518373729004475869e+00 7.518373729004475869e+00 7.518373729004475869e+00 7.518373729004475869e+00 7.518373729004475869e+00 7.518373729004475869e+00 7.518373729004475869e+00
7.518373729004475869e+00 7.518373729004475869e+00 7.518373729004475869e+00 3.169000230519822026e+01 6.357235939643346256e+01 7.532990397805214400e+01 9.014334705075445697e+01 9.014334705075445697e+01 8.905761316872427358e+01 9.747187928669410439e+01 9.527457704618197454e+01 5.990743748226564946e+01 2.548902665136158774e+01 7.518373729004475869e+00 7.518373729004475869e+00 7.518373729004475869e+00 7.518373729004475869e+00 7.518373729004475869e+00 7.518373729004475869e+00 7.518373729004475869e+00 7.518373729004475869e+00 7.518373729004475869e+00 7.518373729004475869e+00 7.518373729004475869e+00
7.518373729004475869e+00 7.518373729004475869e+00 7.518373729004475869e+00 2.508632014899781382e+01 4.768759373667537460e+01 7.168449931412894216e+01 8.852949245541837797e+01 1.062569730224051057e+02 9.490157750342933696e+01 9.086899862825788432e+01 7.171947873799723538e+01 3.949177641012391859e+01 1.770123869009436390e+01 7.518373729004475869e+00 7.518373729004475869e+00 7.518373729004475869e+00 7.518373729004475869e+00 7.518373729004475869e+00 7.518373729004475869e+00 7.518373729004475869e+00 7.518373729004475869e+00 7.518373729004475869e+00 7.518373729004475869e+00 7.518373729004475869e+00
7.518373729004475869e+00 7.518373729004475869e+00 7.518373729004475869e+00 1.541014457266006055e+01 2.508632014899781382e+01 4.079736116485732822e+01 6.465569272976679827e+01 7.078978052126200282e+01 7.078978052126200282e+01 5.957075099138247509e+01 4.600243264124031839e+01 2.180783867269020604e+01 7.518373729004475869e+00 7.518373729004475869e+00 7.518373729004475869e+00 7.518373729004475869e+00 7.518373729004475869e+00 7.518373729004475869e+00 7.518373729004475869e+00 7.518373729004475869e+00 7.518373729004475869e+00 7.518373729004475869e+00 7.518373729004475869e+00 7.518373729004475869e+00
7.518373729004475869e+00 7.518373729004475869e+00 7.518373729004475869e+00 7.518373729004475869e+00 7.518373729004475869e+00 2.160425577365562333e+01 2.538925268326489615e+01 3.788300505453227629e+01 2.765738465711870475e+01 2.855266538444051960e+01 2.137041677085029079e+01 7.518373729004475869e+00 7.518373729004475869e+00 7.518373729004475869e+00 7.518373729004475869e+00 7.518373729004475869e+00 7.518373729004475869e+00 7.518373729004475869e+00 7.518373729004475869e+00 7.518373729004475869e+00 7.518373729004475869e+00 7.518373729004475869e+00 7.518373729004475869e+00 7.518373729004475869e+00
