6.250000000000000000e-01 6.250000000000000000e-01 6.250000000000000000e-01 6.250000000000000000e-01 6.250000000000000000e-01 6.250000000000000000e-01 7.731481481481482509e-01 1.824629629629629601e+00 1.612698412698412298e+00 1.005643738977072266e+00 9.717592592592591005e-01 1.322962962962962896e+00 1.199560185185185146e+00 1.378002244668911080e+00 1.133443562610229272e+00 1.464074074074074305e+00 1.422593375616631350e+00 1.268386243386243173e+00 1.138888888888888618e+00 1.005643738977072266e+00 1.164722222222222214e+00 6.250000000000000000e-01 6.250000000000000000e-01 6.250000000000000000e-01
6.250000000000000000e-01 6.250000000000000000e-01 6.250000000000000000e-01 6.250000000000000000e-01 6.250000000000000000e-01 6.250000000000000000e-01 9.717592592592591005e-01 1.652666666666666728e+00 1.204783950617283939e+00 1.467777777777777848e+00 7.731481481481482509e-01 1.044814814814814863e+00 1.422593375616631350e+00 1.260817901234567984e+01 3.807233019483675207e+01 1.044814814814814863e+00 1.254497354497354333e+00 1.538359788359788372e+00 1.726028806584362085e+00 1.215740740740740788e+00 1.138888888888888618e+00 1.044814814814814863e+00 8.563271604938270665e-01 6.250000000000000000e-01
6.250000000000000000e-01 6.250000000000000000e-01 6.250000000000000000e-01 6.250000000000000000e-01 6.250000000000000000e-01 7.731481481481482509e-01 8.563271604938270665e-01 1.199560185185185146e+00 1.520158730158729821e+00 1.921269841269841239e+00 5.922515873015872501e+01 6.260185185185184764e+01 9.429111111111109267e+01 9.766481481481481808e+01 6.754765079365077440e+01 1.490443057964796836e+01 1.060634920634920597e+01 1.259938271604938187e+01 1.005643738977072266e+00 1.722222222222222099e+00 1.427469135802468925e+00 1.005643738977072266e+00 8.541152263374484077e-01 6.250000000000000000e-01
6.250000000000000000e-01 6.250000000000000000e-01 6.250000000000000000e-01 6.250000000000000000e-01 6.250000000000000000e-01 6.250000000000000000e-01 8.563271604938270665e-01 9.580000000000000071e+00 7.959932659932658972e+00 9.429111111111109267e+01 1.021799999999999784e+02 1.666627314814814440e+02 1.378112169312169328e+02 1.671279344193817735e+02 1.666627314814814440e+02 1.155824074074074019e+02 2.063666666666666316e+01 1.060634920634920597e+01 1.164722222222222214e+00 8.563271604938270665e-01 8.541152263374484077e-01 1.164722222222222214e+00 6.250000000000000000e-01 6.250000000000000000e-01
6.250000000000000000e-01 6.250000000000000000e-01 6.250000000000000000e-01 6.250000000000000000e-01 6.250000000000000000e-01 6.250000000000000000e-01 8.563271604938270665e-01 3.236777777777777487e+01 9.304429012345678984e+01 1.671279344193817735e+02 1.661223809523809507e+02 1.661223809523809507e+02 1.671180555555555429e+02 1.664283068783068700e+02 1.671279344193817735e+02 1.671279344193817735e+02 1.662766666666666424e+02 4.969759259259258499e+01 1.192160493827160472e+01 1.422593375616631350e+00 1.260529100529100388e+00 1.030555555555555447e+00 8.541152263374484077e-01 6.250000000000000000e-01
8.563271604938270665e-01 1.005643738977072266e+00 6.250000000000000000e-01 6.250000000000000000e-01 6.250000000000000000e-01 7.731481481481482509e-01 3.381444444444444031e+01 6.758002645502644157e+01 1.667963666666666427e+02 1.671180555555555429e+02 1.664283068783068700e+02 1.664347222222222342e+02 1.664344444444444093e+02 1.669374999999999716e+02 1.675049999999999670e+02 1.664166666666666572e+02 1.647293055555555270e+02 1.155824074074074019e+02 6.596055555555555827e+01 4.843939773106439972e+00 1.215740740740740788e+00 1.133443562610229272e+00 8.563271604938270665e-01 6.250000000000000000e-01
1.434691358024691388e+00 1.273406368682442391e+00 9.717592592592591005e-01 8.563271604938270665e-01 8.563271604938270665e-01 9.580000000000000071e+00 5.922515873015872501e+01 1.671279344193817735e+02 1.664813271604938052e+02 1.662386549707602228e+02 1.664344444444444093e+02 9.026851851851851904e+01 1.363438888888888698e+02 1.363438888888888698e+02 1.363438888888888698e+02 1.664166666666666572e+02 1.669374999999999716e+02 1.645663148148148025e+02 1.646990222222222258e+02 4.969759259259258499e+01 1.490443057964796836e+01 1.215740740740740788e+00 1.164722222222222214e+00 8.563271604938270665e-01
1.133443562610229272e+00 9.765432098765431945e-01 8.563271604938270665e-01 8.563271604938270665e-01 1.422593375616631350e+00 5.997296296296295992e+01 1.021799999999999784e+02 1.651135185185185037e+02 1.664344444444444093e+02 8.357253086419751753e+01 4.313308080808081257e+01 1.722222222222222099e+00 1.720090439276485750e+00 1.434691358024691388e+00 1.434691358024691388e+00 1.434691358024691388e+00 9.210515873015870625e+01 1.669374999999999716e+02 1.633800925925925753e+02 1.635953703703703468e+02 6.596055555555555827e+01 1.215740740740740788e+00 1.215740740740740788e+00 1.133443562610229272e+00
1.268386243386243173e+00 9.925925925925925819e-01 1.268386243386243173e+00 1.271139971139971125e+00 3.525488888888888539e+01 9.683537037037037010e+01 1.542311111111111188e+02 1.247548611111110972e+02 9.026851851851851904e+01 1.434691358024691388e+00 8.541152263374484077e-01 2.086827697262479742e+00 2.173413304463287066e+00 8.541152263374484077e-01 1.164722222222222214e+00 1.133443562610229272e+00 1.464074074074074305e+00 4.209444444444444144e+01 1.400652777777777658e+02 1.645663148148148025e+02 1.662766666666666424e+02 4.969759259259258499e+01 1.215740740740740788e+00 1.297530864197530942e+00
1.133443562610229272e+00 1.433597883597883538e+00 1.322962962962962896e+00 1.135555555555555429e+00 1.115893518518518306e+02 1.671279344193817735e+02 1.664332175925925696e+02 9.026851851851851904e+01 1.133443562610229272e+00 1.520238095238095166e+00 1.368207606674001653e+00 1.164722222222222214e+00 1.215740740740740788e+00 1.322962962962962896e+00 1.136666666666666492e+00 1.133443562610229272e+00 1.254497354497354333e+00 1.199560185185185146e+00 4.209444444444444144e+01 1.669374999999999716e+02 1.647293055555555270e+02 1.155824074074074019e+02 1.215740740740740788e+00 1.438000000000000078e+01
1.520158730158729821e+00 1.138888888888888618e+00 8.563271604938270665e-01 1.862645502645502216e+00 1.162631944444444230e+02 1.675049999999999670e+02 1.417611111111110915e+02 4.351527777777777573e+01 1.438000000000000078e+01 1.217283950617283894e+00 1.260529100529100388e+00 1.761825396825396739e+00 1.005643738977072266e+00 9.717592592592591005e-01 8.563271604938270665e-01 1.215740740740740788e+00 1.322962962962962896e+00 1.322962962962962896e+00 3.236777777777777487e+01 1.112462962962962791e+02 1.671279344193817735e+02 1.619937870370370092e+02 4.351527777777777573e+01 1.396740740740740616e+00
1.136666666666666492e+00 6.250000000000000000e-01 8.563271604938270665e-01 3.224074074074073870e+00 9.683537037037037010e+01 1.279343314093313921e+02 1.002238888888888795e+02 7.479652777777776862e+01 2.810462962962962941e+00 1.824629629629629601e+00 1.603925925925925755e+00 1.005643738977072266e+00 1.434691358024691388e+00 7.731481481481482509e-01 1.268386243386243173e+00 1.215740740740740788e+00 1.138888888888888618e+00 9.765432098765431945e-01 8.563271604938270665e-01 8.882044444444444764e+01 1.671279344193817735e+02 1.665274691358024768e+02 8.490740740740740478e+01 1.538359788359788372e+00
8.541152263374484077e-01 7.731481481481482509e-01 8.563271604938270665e-01 3.236777777777777487e+01 1.667879629629629505e+02 1.667187500000000000e+02 9.026851851851851904e+01 8.145407407407406097e+00 1.593703703703703622e+00 1.722222222222222099e+00 1.434691358024691388e+00 8.541152263374484077e-01 1.335648148148148140e+00 1.135555555555555429e+00 1.824629629629629601e+00 1.860978835978836177e+00 1.345238095238095344e+00 1.217283950617283894e+00 1.254497354497354333e+00 8.459517396184061511e+01 1.671279344193817735e+02 1.661274074074073610e+02 4.351527777777777573e+01 2.555555555555555802e+00
8.563271604938270665e-01 8.563271604938270665e-01 1.112962962962962932e+00 3.705888888888888744e+01 1.613467592592592723e+02 1.651184761904762013e+02 6.755138888888889426e+01 2.173413304463287066e+00 9.765432098765431945e-01 8.563271604938270665e-01 1.593703703703703622e+00 1.520158730158729821e+00 1.824629629629629601e+00 1.030555555555555447e+00 1.784391534391534417e+00 1.545341456897012078e+00 1.516759259259259141e+00 1.516759259259259141e+00 8.729320987654320518e+00 1.671180555555555429e+02 1.667879629629629505e+02 1.667187500000000000e+02 4.351527777777777573e+01 1.728240740740740522e+00
8.563271604938270665e-01 1.434691358024691388e+00 1.112962962962962932e+00 8.459517396184061511e+01 1.538943400167084121e+02 1.661274074074073610e+02 1.215740740740740788e+00 1.438000000000000078e+01 1.164722222222222214e+00 8.541152263374484077e-01 1.422593375616631350e+00 1.516759259259259141e+00 2.329851851851851841e+00 1.322962962962962896e+00 8.563271604938270665e-01 1.554444444444444517e+00 1.368207606674001653e+00 6.365200617283949924e+01 4.164526455026454954e+01 1.661223809523809507e+02 1.675049999999999670e+02 1.409098677248677234e+02 4.351527777777777573e+01 1.322962962962962896e+00
1.164722222222222214e+00 1.327738755600930132e+00 1.378002244668911080e+00 8.459517396184061511e+01 1.671279344193817735e+02 1.619937870370370092e+02 1.015360339506172949e+02 1.215740740740740788e+00 1.168666666666666520e+00 1.199560185185185146e+00 8.563271604938270665e-01 1.434691358024691388e+00 1.784391534391534417e+00 1.133443562610229272e+00 1.130632814510810880e+00 1.217283950617283894e+00 5.922515873015872501e+01 1.115893518518518306e+02 1.542311111111111188e+02 1.662386549707602228e+02 1.664344444444444093e+02 8.357253086419751753e+01 1.215740740740740788e+00 1.630555555555555758e+00
1.483862433862433994e+00 8.541152263374484077e-01 1.378002244668911080e+00 4.209444444444444144e+01 1.516074074074074076e+02 1.416694444444444514e+02 1.031034391534391403e+02 1.215740740740740788e+00 1.322962962962962896e+00 1.164722222222222214e+00 1.345238095238095344e+00 1.929828042328042059e+00 1.538308348030570372e+00 1.542889317889317713e+00 1.044814814814814863e+00 4.164526455026454954e+01 1.021799999999999784e+02 1.661180555555555429e+02 1.651184761904762013e+02 1.247548611111110972e+02 9.026851851851851904e+01 1.720090439276485750e+00 1.722222222222222099e+00 1.393518518518518601e+00
1.691774891774891598e+00 1.368207606674001653e+00 3.407142857142857029e+00 2.888858024691358040e+01 1.313141931216931084e+02 1.669181481481481057e+02 1.646990222222222258e+02 1.031034391534391403e+02 4.843939773106439972e+00 1.669753086419752952e+00 7.956635802469135932e+00 7.731481481481482509e-01 9.580000000000000071e+00 5.922515873015872501e+01 9.429111111111109267e+01 1.115893518518518306e+02 1.542311111111111188e+02 1.650629629629629562e+02 1.409098677248677234e+02 9.026851851851851904e+01 1.133443562610229272e+00 1.638844696969696813e+00 1.638844696969696813e+00 1.215740740740740788e+00
2.449869809203142346e+00 3.404824892920130797e+00 2.251190476190475742e+00 3.407142857142857029e+00 8.882044444444444764e+01 1.478966666666666754e+02 1.645663148148148025e+02 1.635953703703703468e+02 1.204524920634920591e+02 8.359050925925924957e+01 6.754765079365077440e+01 6.754765079365077440e+01 9.429111111111109267e+01 1.021799999999999784e+02 1.666627314814814440e+02 1.664813271604938052e+02 1.462402225685425776e+02 8.837572751322751685e+01 9.026851851851851904e+01 1.215740740740740788e+00 8.541152263374484077e-01 1.164722222222222214e+00 1.215740740740740788e+00 8.563271604938270665e-01
8.563271604938270665e-01 2.071984126984126817e+00 3.162927369717687842e+00 1.135555555555555429e+00 5.044444444444444287e+01 1.112462962962962791e+02 1.550583333333333371e+02 1.671279344193817735e+02 1.666627314814814440e+02 1.671279344193817735e+02 1.671279344193817735e+02 1.662766666666666424e+02 1.643978630490956050e+02 1.662386549707602228e+02 1.675049999999999670e+02 1.247548611111110972e+02 8.357253086419751753e+01 1.434691358024691388e+00 2.305000000000000071e+01 9.765432098765431945e-01 8.563271604938270665e-01 8.563271604938270665e-01 1.268386243386243173e+00 8.541152263374484077e-01
8.541152263374484077e-01 1.215740740740740788e+00 1.362037037037037157e+00 1.434691358024691388e+00 1.434691358024691388e+00 4.209444444444444144e+01 7.981848148148148425e+01 1.284211640211640031e+02 1.664344444444444093e+02 1.394761243386243450e+02 1.394761243386243450e+02 1.664344444444444093e+02 1.363438888888888698e+02 9.026851851851851904e+01 8.349538888888888266e+01 1.434691358024691388e+00 1.133443562610229272e+00 1.638844696969696813e+00 1.150666666666666504e+00 1.136666666666666492e+00 9.717592592592591005e-01 6.250000000000000000e-01 1.217283950617283894e+00 1.422593375616631350e+00
6.250000000000000000e-01 6.250000000000000000e-01 6.250000000000000000e-01 1.164722222222222214e+00 6.250000000000000000e-01 8.563271604938270665e-01 4.209444444444444144e+01 1.434691358024691388e+00 1.434691358024691388e+00 1.434691358024691388e+00 1.434691358024691388e+00 1.434691358024691388e+00 1.434691358024691388e+00 2.305000000000000071e+01 6.250000000000000000e-01 6.250000000000000000e-01 6.250000000000000000e-01 1.044814814814814863e+00 6.250000000000000000e-01 6.250000000000000000e-01 6.250000000000000000e-01 1.044814814814814863e+00 6.250000000000000000e-01 1.044814814814814863e+00
6.250000000000000000e-01 6.250000000000000000e-01 7.731481481481482509e-01 6.250000000000000000e-01 6.250000000000000000e-01 6.250000000000000000e-01 6.250000000000000000e-01 1.417314814814814916e+01 1.417314814814814916e+01 1.695444444444444088e+01 1.695444444444444088e+01 1.695444444444444088e+01 1.695444444444444088e+01 1.695444444444444088e+01 1.695444444444444088e+01 6.250000000000000000e-01 7.731481481481482509e-01 6.250000000000000000e-01 7.731481481481482509e-01 6.250000000000000000e-01 6.250000000000000000e-01 6.250000000000000000e-01 6.250000000000000000e-01 6.250000000000000000e-01
6.250000000000000000e-01 6.250000000000000000e-01 6.250000000000000000e-01 6.250000000000000000e-01 6.250000000000000000e-01 6.250000000000000000e-01 6.250000000000000000e-01 6.250000000000000000e-01 6.250000000000000000e-01 6.250000000000000000e-01 6.250000000000000000e-01 6.250000000000000000e-01 6.250000000000000000e-01 6.250000000000000000e-01 6.250000000000000000e-01 6.250000000000000000e-01 6.250000000000000000e-01 6.250000000000000000e-01 6.250000000000000000e-01 6.250000000000000000e-01 6.250000000000000000e-01 6.250000000000000000e-01 6.250000000000000000e-01 6.250000000000000000e-01
