7.684475175152581272e+00 7.684475175152581272e+00 7.684475175152581272e+00 7.684475175152581272e+00 7.684475175152581272e+00 7.684475175152581272e+00 7.684475175152581272e+00 7.684475175152581272e+00 7.684475175152581272e+00 7.684475175152581272e+00 7.684475175152581272e+00 1.930763951119966038e+01 3.480363352154910928e+01 3.480363352154910928e+01 3.433116406673684651e+01 2.038797536084357986e+01 1.533396071926074811e+01 7.684475175152581272e+00 7.684475175152581272e+00 7.684475175152581272e+00 7.684475175152581272e+00 7.684475175152581272e+00 7.684475175152581272e+00 7.684475175152581272e+00
7.684475175152581272e+00 7.684475175152581272e+00 7.684475175152581272e+00 7.684475175152581272e+00 7.684475175152581272e+00 7.684475175152581272e+00 7.684475175152581272e+00 7.684475175152581272e+00 7.684475175152581272e+00 7.684475175152581272e+00 2.467184042550106327e+01 4.319251806030445096e+01 6.507133058984911145e+01 6.507133058984911145e+01 6.507133058984911145e+01 4.577481823691987017e+01 2.038797536084357986e+01 7.684475175152581272e+00 7.684475175152581272e+00 7.684475175152581272e+00 7.684475175152581272e+00 7.684475175152581272e+00 7.684475175152581272e+00 7.684475175152581272e+00
7.684475175152581272e+00 7.684475175152581272e+00 7.684475175152581272e+00 7.684475175152581272e+00 7.684475175152581272e+00 7.684475175152581272e+00 7.684475175152581272e+00 7.684475175152581272e+00 1.533396071926074811e+01 2.467184042550106327e+01 6.507133058984911145e+01 7.822222222222221433e+01 0.000000000000000000e+00 0.000000000000000000e+00 7.822222222222221433e+01 5.512139917695473201e+01 2.038797536084357986e+01 1.754984528025009993e+01 7.684475175152581272e+00 7.684475175152581272e+00 7.684475175152581272e+00 7.684475175152581272e+00 7.684475175152581272e+00 7.684475175152581272e+00
7.684475175152581272e+00 7.684475175152581272e+00 7.684475175152581272e+00 7.684475175152581272e+00 7.684475175152581272e+00 7.684475175152581272e+00 7.684475175152581272e+00 7.684475175152581272e+00 2.467184042550106327e+01 5.387026645051335549e+01 0.000000000000000000e+00 0.000000000000000000e+00 0.000000000000000000e+00 0.000000000000000000e+00 7.141838134430726370e+01 4.521477334354164412e+01 1.754984528025009993e+01 7.684475175152581272e+00 7.684475175152581272e+00 7.684475175152581272e+00 7.684475175152581272e+00 7.684475175152581272e+00 7.684475175152581272e+00 7.684475175152581272e+00
7.684475175152581272e+00 7.684475175152581272e+00 7.684475175152581272e+00 7.684475175152581272e+00 7.684475175152581272e+00 7.684475175152581272e+00 7.684475175152581272e+00 2.467184042550106327e+01 5.387026645051335549e+01 0.000000000000000000e+00 0.000000000000000000e+00 0.000000000000000000e+00 0.000000000000000000e+00 6.245747599451302534e+01 4.521477334354164412e+01 2.223033038780957682e+01 1.436730787635180029e+01 7.684475175152581272e+00 7.684475175152581272e+00 7.684475175152581272e+00 7.684475175152581272e+00 7.684475175152581272e+00 7.684475175152581272e+00 7.684475175152581272e+00
7.684475175152581272e+00 7.684475175152581272e+00 7.684475175152581272e+00 7.684475175152581272e+00 7.684475175152581272e+00 7.684475175152581272e+00 1.930763951119966038e+01 4.319251806030445096e+01 0.000000000000000000e+00 0.000000000000000000e+00 0.000000000000000000e+00 0.000000000000000000e+00 5.512139917695473201e+01 3.070907901872586976e+01 1.436730787635180029e+01 7.684475175152581272e+00 7.684475175152581272e+00 7.684475175152581272e+00 7.684475175152581272e+00 7.684475175152581272e+00 7.684475175152581272e+00 7.684475175152581272e+00 7.684475175152581272e+00 7.684475175152581272e+00
7.684475175152581272e+00 7.684475175152581272e+00 7.684475175152581272e+00 7.684475175152581272e+00 7.684475175152581272e+00 1.249360288694196264e+01 3.935400516795866110e+01 7.822222222222221433e+01 0.000000000000000000e+00 0.000000000000000000e+00 0.000000000000000000e+00 6.245747599451302534e+01 3.070907901872586976e+01 1.533396071926074811e+01 1.533396071926074811e+01 1.533396071926074811e+01 7.684475175152581272e+00 7.684475175152581272e+00 7.684475175152581272e+00 7.684475175152581272e+00 7.684475175152581272e+00 7.684475175152581272e+00 7.684475175152581272e+00 7.684475175152581272e+00
7.684475175152581272e+00 7.684475175152581272e+00 7.684475175152581272e+00 7.684475175152581272e+00 7.684475175152581272e+00 1.930763951119966038e+01 5.387026645051335549e+01 0.000000000000000000e+00 0.000000000000000000e+00 0.000000000000000000e+00 0.000000000000000000e+00 5.906839114246521660e+01 4.319251806030445096e+01 4.319251806030445096e+01 3.480363352154910928e+01 3.480363352154910928e+01 1.533396071926074811e+01 1.533396071926074811e+01 1.533396071926074811e+01 7.684475175152581272e+00 7.684475175152581272e+00 7.684475175152581272e+00 7.684475175152581272e+00 7.684475175152581272e+00
7.684475175152581272e+00 7.684475175152581272e+00 7.684475175152581272e+00 7.684475175152581272e+00 7.684475175152581272e+00 3.935400516795866110e+01 7.822222222222221433e+01 0.000000000000000000e+00 0.000000000000000000e+00 0.000000000000000000e+00 0.000000000000000000e+00 0.000000000000000000e+00 7.822222222222221433e+01 7.822222222222221433e+01 7.822222222222221433e+01 7.268312757201644558e+01 6.507133058984911145e+01 4.319251806030445096e+01 3.004072885037570373e+01 1.533396071926074811e+01 1.533396071926074811e+01 7.684475175152581272e+00 7.684475175152581272e+00 7.684475175152581272e+00
7.684475175152581272e+00 7.684475175152581272e+00 7.684475175152581272e+00 7.684475175152581272e+00 1.930763951119966038e+01 4.757887517146775735e+01 0.000000000000000000e+00 0.000000000000000000e+00 0.000000000000000000e+00 0.000000000000000000e+00 0.000000000000000000e+00 0.000000000000000000e+00 0.000000000000000000e+00 0.000000000000000000e+00 0.000000000000000000e+00 0.000000000000000000e+00 0.000000000000000000e+00 0.000000000000000000e+00 6.507133058984911145e+01 4.319251806030445096e+01 2.038797536084357986e+01 1.533396071926074811e+01 7.684475175152581272e+00 7.684475175152581272e+00
7.684475175152581272e+00 7.684475175152581272e+00 7.684475175152581272e+00 7.684475175152581272e+00 1.930763951119966038e+01 5.387026645051335549e+01 0.000000000000000000e+00 0.000000000000000000e+00 0.000000000000000000e+00 0.000000000000000000e+00 0.000000000000000000e+00 0.000000000000000000e+00 0.000000000000000000e+00 0.000000000000000000e+00 0.000000000000000000e+00 0.000000000000000000e+00 0.000000000000000000e+00 0.000000000000000000e+00 0.000000000000000000e+00 7.822222222222221433e+01 4.319251806030445096e+01 2.038797536084357986e+01 1.533396071926074811e+01 7.684475175152581272e+00
7.684475175152581272e+00 7.684475175152581272e+00 7.684475175152581272e+00 7.684475175152581272e+00 1.865469026565782329e+01 6.507133058984911145e+01 0.000000000000000000e+00 0.000000000000000000e+00 0.000000000000000000e+00 0.000000000000000000e+00 0.000000000000000000e+00 0.000000000000000000e+00 7.822222222222221433e+01 7.141838134430726370e+01 7.822222222222221433e+01 0.000000000000000000e+00 0.000000000000000000e+00 0.000000000000000000e+00 0.000000000000000000e+00 0.000000000000000000e+00 7.822222222222221433e+01 4.319251806030445096e+01 2.038797536084357986e+01 7.684475175152581272e+00
7.684475175152581272e+00 7.684475175152581272e+00 7.684475175152581272e+00 7.684475175152581272e+00 2.467184042550106327e+01 6.507133058984911145e+01 0.000000000000000000e+00 0.000000000000000000e+00 0.000000000000000000e+00 0.000000000000000000e+00 0.000000000000000000e+00 6.245747599451302534e+01 4.431157686540976215e+01 3.070907901872586976e+01 3.070907901872586976e+01 4.094283344498676058e+01 6.245747599451302534e+01 7.822222222222221433e+01 0.000000000000000000e+00 0.000000000000000000e+00 0.000000000000000000e+00 7.822222222222221433e+01 3.542580992236461412e+01 1.533396071926074811e+01
7.684475175152581272e+00 7.684475175152581272e+00 7.684475175152581272e+00 1.249360288694196264e+01 2.467184042550106327e+01 7.822222222222221433e+01 0.000000000000000000e+00 0.000000000000000000e+00 0.000000000000000000e+00 7.822222222222221433e+01 5.512139917695473201e+01 3.070907901872586976e+01 1.646839144628406260e+01 7.684475175152581272e+00 1.249360288694196264e+01 1.249360288694196264e+01 2.223033038780957682e+01 5.286419753086420315e+01 7.822222222222221433e+01 0.000000000000000000e+00 0.000000000000000000e+00 0.000000000000000000e+00 4.577481823691987017e+01 2.038797536084357986e+01
7.684475175152581272e+00 7.684475175152581272e+00 7.684475175152581272e+00 7.684475175152581272e+00 2.467184042550106327e+01 6.835711019661636101e+01 0.000000000000000000e+00 0.000000000000000000e+00 0.000000000000000000e+00 5.512139917695473201e+01 1.754984528025009993e+01 1.436730787635180029e+01 7.684475175152581272e+00 7.684475175152581272e+00 7.684475175152581272e+00 7.684475175152581272e+00 1.249360288694196264e+01 3.590983913206135725e+01 7.822222222222221433e+01 0.000000000000000000e+00 0.000000000000000000e+00 0.000000000000000000e+00 5.512139917695473201e+01 2.038797536084357986e+01
7.684475175152581272e+00 7.684475175152581272e+00 7.684475175152581272e+00 7.684475175152581272e+00 1.865469026565782329e+01 5.387026645051335549e+01 0.000000000000000000e+00 0.000000000000000000e+00 0.000000000000000000e+00 4.319251806030445096e+01 2.038797536084357986e+01 1.533396071926074811e+01 7.684475175152581272e+00 7.684475175152581272e+00 7.684475175152581272e+00 1.533396071926074811e+01 2.467184042550106327e+01 4.319251806030445096e+01 0.000000000000000000e+00 0.000000000000000000e+00 0.000000000000000000e+00 0.000000000000000000e+00 4.431157686540976215e+01 1.754984528025009993e+01
7.684475175152581272e+00 7.684475175152581272e+00 7.684475175152581272e+00 7.684475175152581272e+00 1.930763951119966038e+01 5.656433470507545280e+01 0.000000000000000000e+00 0.000000000000000000e+00 0.000000000000000000e+00 6.507133058984911145e+01 4.319251806030445096e+01 3.480363352154910928e+01 2.905955912846523859e+01 2.467184042550106327e+01 3.480363352154910928e+01 3.480363352154910928e+01 6.507133058984911145e+01 7.822222222222221433e+01 0.000000000000000000e+00 0.000000000000000000e+00 0.000000000000000000e+00 6.245747599451302534e+01 1.754984528025009993e+01 1.646839144628406260e+01
7.684475175152581272e+00 7.684475175152581272e+00 7.684475175152581272e+00 7.684475175152581272e+00 1.249360288694196264e+01 4.757887517146775735e+01 0.000000000000000000e+00 0.000000000000000000e+00 0.000000000000000000e+00 0.000000000000000000e+00 0.000000000000000000e+00 7.822222222222221433e+01 6.507133058984911145e+01 6.507133058984911145e+01 7.268312757201644558e+01 7.822222222222221433e+01 0.000000000000000000e+00 0.000000000000000000e+00 0.000000000000000000e+00 0.000000000000000000e+00 7.822222222222221433e+01 4.521477334354164412e+01 1.646839144628406260e+01 7.684475175152581272e+00
7.684475175152581272e+00 7.684475175152581272e+00 7.684475175152581272e+00 7.684475175152581272e+00 1.249360288694196264e+01 3.380431939260534335e+01 5.656433470507545280e+01 0.000000000000000000e+00 0.000000000000000000e+00 0.000000000000000000e+00 0.000000000000000000e+00 0.000000000000000000e+00 0.000000000000000000e+00 0.000000000000000000e+00 0.000000000000000000e+00 0.000000000000000000e+00 0.000000000000000000e+00 0.000000000000000000e+00 0.000000000000000000e+00 7.141838134430726370e+01 4.521477334354164412e+01 1.646839144628406260e+01 7.684475175152581272e+00 7.684475175152581272e+00
7.684475175152581272e+00 7.684475175152581272e+00 7.684475175152581272e+00 7.684475175152581272e+00 1.249360288694196264e+01 2.110495422209461580e+01 3.380431939260534335e+01 6.245747599451302534e+01 7.822222222222221433e+01 0.000000000000000000e+00 0.000000000000000000e+00 0.000000000000000000e+00 0.000000000000000000e+00 0.000000000000000000e+00 0.000000000000000000e+00 0.000000000000000000e+00 0.000000000000000000e+00 7.822222222222221433e+01 6.245747599451302534e+01 4.521477334354164412e+01 1.646839144628406260e+01 1.646839144628406260e+01 7.684475175152581272e+00 7.684475175152581272e+00
7.684475175152581272e+00 7.684475175152581272e+00 7.684475175152581272e+00 7.684475175152581272e+00 7.684475175152581272e+00 1.249360288694196264e+01 1.249360288694196264e+01 2.223033038780957682e+01 3.234834806095213366e+01 5.286419753086420315e+01 7.141838134430726370e+01 7.822222222222221433e+01 0.000000000000000000e+00 0.000000000000000000e+00 7.822222222222221433e+01 7.141838134430726370e+01 5.512139917695473201e+01 4.431157686540976215e+01 3.070907901872586976e+01 1.436730787635180029e+01 7.684475175152581272e+00 7.684475175152581272e+00 7.684475175152581272e+00 7.684475175152581272e+00
7.684475175152581272e+00 7.684475175152581272e+00 7.684475175152581272e+00 7.684475175152581272e+00 7.684475175152581272e+00 7.684475175152581272e+00 7.684475175152581272e+00 1.249360288694196264e+01 1.436730787635180029e+01 2.223033038780957682e+01 2.223033038780957682e+01 3.234834806095213366e+01 4.431157686540976215e+01 4.431157686540976215e+01 3.234834806095213366e+01 3.070907901872586976e+01 2.223033038780957682e+01 1.436730787635180029e+01 7.684475175152581272e+00 7.684475175152581272e+00 7.684475175152581272e+00 7.684475175152581272e+00 7.684475175152581272e+00 7.684475175152581272e+00
7.684475175152581272e+00 7.684475175152581272e+00 7.684475175152581272e+00 7.684475175152581272e+00 7.684475175152581272e+00 7.684475175152581272e+00 7.684475175152581272e+00 7.684475175152581272e+00 7.684475175152581272e+00 7.684475175152581272e+00 1.249360288694196264e+01 1.249360288694196264e+01 1.436730787635180029e+01 1.436730787635180029e+01 1.646839144628406260e+01 7.684475175152581272e+00 7.684475175152581272e+00 7.684475175152581272e+00 7.684475175152581272e+00 7.684475175152581272e+00 7.684475175152581272e+00 7.684475175152581272e+00 7.684475175152581272e+00 7.684475175152581272e+00
7.684475175152581272e+00 7.684475175152581272e+00 7.684475175152581272e+00 7.684475175152581272e+00 7.684475175152581272e+00 7.684475175152581272e+00 7.684475175152581272e+00 7.684475175152581272e+00 7.684475175152581272e+00 7.684475175152581272e+00 7.684475175152581272e+00 7.684475175152581272e+00 7.684475175152581272e+00 7.684475175152581272e+00 7.684475175152581272e+00 7.684475175152581272e+00 7.684475175152581272e+00 7.684475175152581272e+00 7.684475175152581272e+00 7.684475175152581272e+00 7.684475175152581272e+00 7.684475175152581272e+00 7.684475175152581272e+00 7.684475175152581272e+00
