2.305555555555555414e-01 2.305555555555555414e-01 2.305555555555555414e-01 2.305555555555555414e-01 2.305555555555555414e-01 3.180555555555555358e-01 7.731481481481482509e-01 8.046296296296295836e-01 1.740679012345678789e+00 1.043209876543209624e+00 1.602222222222222214e+00 1.215740740740740788e+00 1.077333333333333254e+00 8.046296296296295836e-01 2.233796296296295947e-01 2.166666666666667018e-01 2.305555555555555414e-01 2.305555555555555414e-01 2.305555555555555414e-01 2.305555555555555414e-01 2.305555555555555414e-01 2.305555555555555414e-01 2.305555555555555414e-01 2.305555555555555414e-01
2.305555555555555414e-01 2.305555555555555414e-01 2.305555555555555414e-01 2.305555555555555414e-01 2.166666666666667018e-01 3.180555555555555358e-01 1.215740740740740788e+00 1.843750000000000000e+00 1.740679012345678789e+00 1.334705075445816291e+00 2.098296957671957230e+00 1.306142108919886580e+00 1.215740740740740788e+00 9.295555555555555793e-01 5.708333333333333037e-01 2.233796296296295947e-01 2.305555555555555414e-01 2.305555555555555414e-01 2.305555555555555414e-01 2.305555555555555414e-01 2.305555555555555414e-01 2.305555555555555414e-01 2.305555555555555414e-01 2.305555555555555414e-01
2.305555555555555414e-01 2.305555555555555414e-01 2.305555555555555414e-01 2.305555555555555414e-01 2.305555555555555414e-01 4.187683715461492651e-01 1.258052910052909867e+00 1.016468933831042865e+00 5.592283950617283494e+01 6.734611111111109949e+01 8.337160493827160224e+01 2.090203703703703653e+01 4.201157407407406907e+01 2.233796296296295947e-01 2.233796296296295947e-01 2.166666666666667018e-01 2.305555555555555414e-01 2.305555555555555414e-01 2.305555555555555414e-01 2.305555555555555414e-01 2.305555555555555414e-01 2.305555555555555414e-01 2.305555555555555414e-01 2.305555555555555414e-01
2.305555555555555414e-01 2.305555555555555414e-01 2.305555555555555414e-01 2.305555555555555414e-01 2.166666666666667018e-01 3.180555555555555358e-01 7.731481481481482509e-01 1.334705075445816291e+00 4.164526455026454954e+01 1.660214947089947088e+02 1.663011111111111120e+02 1.663881944444444230e+02 1.215740740740740788e+00 1.588888888888889239e+00 2.233796296296295947e-01 2.233796296296295947e-01 2.305555555555555414e-01 2.305555555555555414e-01 2.305555555555555414e-01 2.305555555555555414e-01 2.305555555555555414e-01 2.305555555555555414e-01 2.305555555555555414e-01 2.305555555555555414e-01
2.305555555555555414e-01 2.305555555555555414e-01 2.305555555555555414e-01 2.305555555555555414e-01 2.305555555555555414e-01 2.233796296296295947e-01 3.333333333333333148e-01 1.888412698412698321e+00 5.160388888888887493e+01 1.662144444444444105e+02 1.654347222222222342e+02 1.656761111111110836e+02 1.215740740740740788e+00 1.250846560846560651e+00 1.023888888888888848e+00 2.233796296296295947e-01 2.233796296296295947e-01 2.233796296296295947e-01 2.305555555555555414e-01 2.305555555555555414e-01 2.305555555555555414e-01 2.305555555555555414e-01 2.305555555555555414e-01 2.305555555555555414e-01
2.305555555555555414e-01 2.305555555555555414e-01 2.305555555555555414e-01 2.305555555555555414e-01 2.233796296296295947e-01 3.333333333333333148e-01 8.563271604938270665e-01 2.038302399916321228e+00 8.438905723905723733e+01 1.666290404040403814e+02 1.668194444444444287e+02 1.665443001009433033e+02 4.351527777777777573e+01 1.461111111111111027e+00 1.011829176114890094e+00 1.023888888888888848e+00 4.187683715461492651e-01 2.233796296296295947e-01 2.233796296296295947e-01 2.233796296296295947e-01 2.305555555555555414e-01 2.166666666666667018e-01 2.166666666666667018e-01 2.166666666666667018e-01
2.305555555555555414e-01 2.305555555555555414e-01 2.305555555555555414e-01 2.305555555555555414e-01 2.233796296296295947e-01 3.333333333333333148e-01 3.333333333333333148e-01 1.008703703703703658e+00 6.283472222222221859e+01 1.342162380952381113e+02 1.671081790123456585e+02 1.667187500000000000e+02 4.334333333333332661e+01 1.938333333333333242e+00 1.461111111111111027e+00 2.364010614470736904e+00 2.233796296296295947e-01 2.233796296296295947e-01 7.155423280423279797e-01 2.233796296296295947e-01 2.233796296296295947e-01 2.233796296296295947e-01 2.233796296296295947e-01 2.166666666666667018e-01
2.305555555555555414e-01 2.305555555555555414e-01 2.305555555555555414e-01 2.305555555555555414e-01 2.233796296296295947e-01 3.333333333333333148e-01 5.355555555555555625e-01 8.563271604938270665e-01 5.148648148148147641e+01 1.342162380952381113e+02 1.667766666666666424e+02 1.669271990740740534e+02 8.164282828282827609e+01 2.098296957671957230e+00 1.706677248677248571e+00 1.843750000000000000e+00 1.181415343915344085e+00 1.194629629629629486e+00 1.077333333333333254e+00 9.237037037037036935e-01 2.233796296296295947e-01 2.233796296296295947e-01 2.233796296296295947e-01 2.305555555555555414e-01
2.305555555555555414e-01 2.305555555555555414e-01 2.305555555555555414e-01 2.305555555555555414e-01 2.305555555555555414e-01 4.187683715461492651e-01 3.333333333333333148e-01 8.046296296296295836e-01 3.293691358024691596e+01 1.444066666666666379e+02 1.667766666666666424e+02 1.668194444444444287e+02 1.669271990740740534e+02 4.351527777777777573e+01 1.395601851851851816e+00 1.647916666666666474e+00 1.731944444444444287e+00 1.361805555555555491e+00 1.214006734006733756e+00 9.233796296296297168e-01 8.046296296296295836e-01 2.233796296296295947e-01 2.233796296296295947e-01 2.305555555555555414e-01
2.305555555555555414e-01 2.305555555555555414e-01 2.305555555555555414e-01 2.305555555555555414e-01 2.305555555555555414e-01 2.233796296296295947e-01 5.355555555555555625e-01 1.588888888888889239e+00 1.682414141414141362e+00 5.592283950617283494e+01 1.667766666666666424e+02 1.667331851851851923e+02 1.667187500000000000e+02 1.111894444444444332e+02 1.215740740740740788e+00 1.341203703703703676e+00 1.626283068783068941e+00 1.796634332745443929e+00 9.329365079365078417e-01 5.708333333333333037e-01 8.046296296296295836e-01 2.233796296296295947e-01 2.233796296296295947e-01 2.305555555555555414e-01
2.305555555555555414e-01 2.305555555555555414e-01 2.305555555555555414e-01 2.305555555555555414e-01 2.166666666666667018e-01 4.187683715461492651e-01 2.305555555555555414e-01 9.531893004115224999e-01 1.343333333333333268e+00 4.209444444444444144e+01 1.242448717948717700e+02 1.664344444444444093e+02 1.668194444444444287e+02 1.663881944444444230e+02 1.215740740740740788e+00 1.319135802469135754e+00 1.843750000000000000e+00 1.647916666666666474e+00 9.233796296296297168e-01 4.187683715461492651e-01 9.522222222222221921e-01 2.233796296296295947e-01 2.233796296296295947e-01 2.305555555555555414e-01
2.305555555555555414e-01 2.305555555555555414e-01 2.305555555555555414e-01 2.305555555555555414e-01 2.305555555555555414e-01 2.233796296296295947e-01 5.355555555555555625e-01 7.908950617283950768e-01 1.415724867724867497e+00 1.386869920675433798e+00 5.592283950617283494e+01 1.673486111111110972e+02 1.667766666666666424e+02 1.669271990740740534e+02 8.164282828282827609e+01 1.367592592592592471e+00 1.043209876543209624e+00 1.343333333333333268e+00 9.233796296296297168e-01 1.319135802469135754e+00 1.239103835978835777e+00 1.023888888888888848e+00 2.233796296296295947e-01 2.233796296296295947e-01
2.305555555555555414e-01 2.305555555555555414e-01 2.305555555555555414e-01 2.305555555555555414e-01 2.166666666666667018e-01 4.187683715461492651e-01 2.305555555555555414e-01 6.161111111111110539e-01 2.364010614470736904e+00 2.558371568085498371e+00 5.148648148148147641e+01 1.478966666666666754e+02 1.673486111111110972e+02 1.672672222222222160e+02 1.411644444444444275e+02 8.489527777777777828e+01 1.334705075445816291e+00 1.250846560846560651e+00 1.215740740740740788e+00 8.046296296296295836e-01 1.333410493827160481e+00 7.999999999999999334e-01 2.233796296296295947e-01 2.166666666666667018e-01
2.305555555555555414e-01 2.305555555555555414e-01 2.305555555555555414e-01 2.305555555555555414e-01 2.166666666666667018e-01 2.233796296296295947e-01 2.305555555555555414e-01 3.180555555555555358e-01 3.180555555555555358e-01 9.637511022927689464e-01 1.824884259259259167e+01 1.370486111111111143e+02 1.673486111111110972e+02 1.672672222222222160e+02 1.673833333333332973e+02 1.669271990740740534e+02 1.250846560846560651e+00 1.319135802469135754e+00 8.547619047619047228e-01 1.334705075445816291e+00 1.357407407407407396e+00 4.527777777777777790e-01 4.014550264550264536e-01 2.233796296296295947e-01
2.305555555555555414e-01 2.305555555555555414e-01 2.305555555555555414e-01 2.305555555555555414e-01 2.305555555555555414e-01 2.166666666666667018e-01 3.333333333333333148e-01 4.014550264550264536e-01 2.166666666666667018e-01 1.493247826908540965e+00 1.706878306878306661e+00 5.592283950617283494e+01 1.667766666666666424e+02 1.669271990740740534e+02 1.673833333333332973e+02 2.364010614470736904e+00 1.215740740740740788e+00 1.334705075445816291e+00 1.334705075445816291e+00 1.334705075445816291e+00 1.495046296296296262e+00 8.635416666666667629e-01 5.708333333333333037e-01 2.166666666666667018e-01
2.305555555555555414e-01 2.305555555555555414e-01 2.305555555555555414e-01 2.305555555555555414e-01 2.305555555555555414e-01 3.180555555555555358e-01 3.333333333333333148e-01 6.161111111111110539e-01 8.635416666666667629e-01 3.180555555555555358e-01 3.180555555555555358e-01 1.824884259259259167e+01 1.599661111111111040e+02 1.668194444444444287e+02 1.665443001009433033e+02 1.518744047619047421e+02 1.866208112874779390e+00 1.334705075445816291e+00 6.977777777777777191e-01 2.305555555555555414e-01 2.305555555555555414e-01 2.233796296296295947e-01 2.233796296296295947e-01 2.166666666666667018e-01
2.305555555555555414e-01 2.305555555555555414e-01 2.305555555555555414e-01 2.305555555555555414e-01 2.166666666666667018e-01 3.180555555555555358e-01 2.305555555555555414e-01 4.527777777777777790e-01 5.355555555555555625e-01 4.187683715461492651e-01 7.975308641975307200e-01 4.209444444444444144e+01 1.370486111111111143e+02 1.666290404040403814e+02 1.666486882716049251e+02 1.104085201429499676e+02 1.215740740740740788e+00 9.282407407407405886e-01 5.708333333333333037e-01 4.187683715461492651e-01 9.249382716049382447e-01 7.975308641975307200e-01 5.708333333333333037e-01 2.233796296296295947e-01
2.305555555555555414e-01 2.305555555555555414e-01 2.305555555555555414e-01 2.305555555555555414e-01 2.166666666666667018e-01 2.305555555555555414e-01 3.333333333333333148e-01 3.180555555555555358e-01 6.978395061728394078e-01 1.282098765432098553e+00 1.647916666666666474e+00 1.386869920675433798e+00 5.592283950617283494e+01 1.660214947089947088e+02 1.664827335858585684e+02 1.645389991181657763e+02 1.215740740740740788e+00 9.233796296296297168e-01 8.563271604938270665e-01 1.043209876543209624e+00 2.233796296296295947e-01 2.233796296296295947e-01 3.180555555555555358e-01 2.166666666666667018e-01
2.305555555555555414e-01 2.305555555555555414e-01 2.305555555555555414e-01 2.305555555555555414e-01 2.305555555555555414e-01 4.187683715461492651e-01 3.333333333333333148e-01 6.161111111111110539e-01 1.259569771791994031e+00 8.635416666666667629e-01 1.181415343915344085e+00 1.199074074074074181e+00 1.824884259259259167e+01 1.634369841269841004e+02 1.668194444444444287e+02 1.665443001009433033e+02 1.215740740740740788e+00 1.319135802469135754e+00 1.215740740740740788e+00 1.334705075445816291e+00 8.563271604938270665e-01 5.708333333333333037e-01 2.166666666666667018e-01 2.233796296296295947e-01
2.305555555555555414e-01 2.305555555555555414e-01 2.305555555555555414e-01 2.305555555555555414e-01 2.305555555555555414e-01 2.233796296296295947e-01 4.187683715461492651e-01 9.249382716049382447e-01 9.233796296296297168e-01 6.250000000000000000e-01 3.180555555555555358e-01 1.412333333333333130e+01 1.824884259259259167e+01 1.370486111111111143e+02 1.673486111111110972e+02 1.669271990740740534e+02 1.215740740740740788e+00 9.222222222222222765e-01 1.214006734006733756e+00 1.259569771791994031e+00 9.637511022927689464e-01 2.233796296296295947e-01 2.233796296296295947e-01 2.166666666666667018e-01
2.305555555555555414e-01 2.305555555555555414e-01 2.305555555555555414e-01 2.305555555555555414e-01 2.166666666666667018e-01 2.233796296296295947e-01 4.187683715461492651e-01 8.847222222222222987e-01 9.904761904761905100e-01 3.180555555555555358e-01 5.708333333333333037e-01 7.975308641975307200e-01 4.209444444444444144e+01 8.378055555555555145e+01 1.291695301783264540e+02 1.403844444444444264e+02 1.215740740740740788e+00 1.334705075445816291e+00 4.527777777777777790e-01 9.932098765432098020e-01 9.222222222222222765e-01 1.413728967062300335e+00 2.233796296296295947e-01 2.166666666666667018e-01
2.305555555555555414e-01 2.305555555555555414e-01 2.305555555555555414e-01 2.305555555555555414e-01 2.166666666666667018e-01 2.166666666666667018e-01 2.166666666666667018e-01 2.166666666666667018e-01 4.014550264550264536e-01 2.305555555555555414e-01 2.233796296296295947e-01 2.166666666666667018e-01 2.166666666666667018e-01 8.635416666666667629e-01 8.378055555555555145e+01 8.438819444444443718e+01 1.215740740740740788e+00 4.527777777777777790e-01 2.166666666666667018e-01 2.166666666666667018e-01 1.334705075445816291e+00 2.166666666666667018e-01 2.166666666666667018e-01 2.305555555555555414e-01
2.305555555555555414e-01 2.305555555555555414e-01 2.305555555555555414e-01 2.305555555555555414e-01 2.305555555555555414e-01 2.305555555555555414e-01 2.166666666666667018e-01 2.166666666666667018e-01 2.166666666666667018e-01 2.166666666666667018e-01 2.166666666666667018e-01 2.166666666666667018e-01 2.166666666666667018e-01 2.166666666666667018e-01 2.166666666666667018e-01 1.695444444444444088e+01 2.166666666666667018e-01 2.166666666666667018e-01 2.305555555555555414e-01 2.166666666666667018e-01 2.166666666666667018e-01 2.166666666666667018e-01 2.305555555555555414e-01 2.305555555555555414e-01
2.305555555555555414e-01 2.305555555555555414e-01 2.305555555555555414e-01 2.305555555555555414e-01 2.305555555555555414e-01 2.305555555555555414e-01 2.305555555555555414e-01 2.305555555555555414e-01 2.233796296296295947e-01 2.166666666666667018e-01 2.233796296296295947e-01 2.305555555555555414e-01 2.305555555555555414e-01 2.305555555555555414e-01 2.305555555555555414e-01 2.305555555555555414e-01 2.305555555555555414e-01 2.305555555555555414e-01 2.305555555555555414e-01 2.305555555555555414e-01 2.305555555555555414e-01 2.305555555555555414e-01 2.305555555555555414e-01 2.305555555555555414e-01
