7.475018266321806770e+00 7.475018266321806770e+00 7.475018266321806770e+00 7.475018266321806770e+00 7.475018266321806770e+00 7.475018266321806770e+00 7.475018266321806770e+00 7.475018266321806770e+00 7.475018266321806770e+00 7.475018266321806770e+00 7.475018266321806770e+00 7.475018266321806770e+00 7.475018266321806770e+00 1.806648320193076529e+01 1.651771633869707756e+01 1.651771633869707756e+01 1.620064095406635474e+01 7.475018266321806770e+00 7.475018266321806770e+00 7.475018266321806770e+00 7.475018266321806770e+00 7.475018266321806770e+00 7.475018266321806770e+00 7.475018266321806770e+00
7.475018266321806770e+00 7.475018266321806770e+00 7.475018266321806770e+00 7.475018266321806770e+00 7.475018266321806770e+00 7.475018266321806770e+00 7.475018266321806770e+00 7.475018266321806770e+00 7.475018266321806770e+00 7.475018266321806770e+00 7.475018266321806770e+00 1.536526169058140212e+01 2.309151210648063213e+01 3.735248872743217419e+01 4.970346785478746199e+01 4.378925448581167501e+01 3.795647426314754114e+01 2.446977533690731121e+01 1.701278828566780987e+01 7.475018266321806770e+00 7.475018266321806770e+00 7.475018266321806770e+00 7.475018266321806770e+00 7.475018266321806770e+00
7.475018266321806770e+00 7.475018266321806770e+00 7.475018266321806770e+00 7.475018266321806770e+00 7.475018266321806770e+00 7.475018266321806770e+00 7.475018266321806770e+00 7.475018266321806770e+00 7.475018266321806770e+00 7.475018266321806770e+00 1.536526169058140212e+01 3.072157038589553579e+01 5.296954073403762209e+01 7.146237641647014982e+01 8.668587105624142453e+01 8.480246913580248247e+01 6.700823045267487998e+01 4.370148797596110057e+01 2.545819392467762299e+01 7.475018266321806770e+00 7.475018266321806770e+00 7.475018266321806770e+00 7.475018266321806770e+00 7.475018266321806770e+00
7.475018266321806770e+00 7.475018266321806770e+00 7.475018266321806770e+00 7.475018266321806770e+00 7.475018266321806770e+00 7.475018266321806770e+00 7.475018266321806770e+00 7.475018266321806770e+00 7.475018266321806770e+00 1.536526169058140212e+01 3.726675124851229270e+01 6.003907760431926732e+01 9.246136259716504924e+01 1.061073388203017771e+02 1.148381344307269956e+02 1.145637860082304371e+02 9.825857338820300413e+01 7.659971082193303005e+01 3.417993642263827070e+01 1.850472048031121375e+01 7.475018266321806770e+00 7.475018266321806770e+00 7.475018266321806770e+00 7.475018266321806770e+00
7.475018266321806770e+00 7.475018266321806770e+00 7.475018266321806770e+00 7.475018266321806770e+00 7.475018266321806770e+00 7.475018266321806770e+00 7.475018266321806770e+00 1.476763291604230766e+01 1.852372931747417439e+01 3.726675124851229270e+01 7.001553761738948367e+01 1.004876543209876445e+02 1.076097393689986177e+02 1.021107681755829901e+02 9.651028806584362485e+01 9.996502057613167835e+01 1.155466392318244004e+02 1.032117494987865456e+02 4.996569318859005193e+01 2.646492232937379896e+01 7.475018266321806770e+00 7.475018266321806770e+00 7.475018266321806770e+00 7.475018266321806770e+00
7.475018266321806770e+00 7.475018266321806770e+00 7.475018266321806770e+00 7.475018266321806770e+00 7.475018266321806770e+00 7.475018266321806770e+00 1.476763291604230766e+01 2.237801418182261415e+01 4.201897244087674466e+01 6.765614997713763046e+01 9.672222222222222854e+01 1.057270233196159097e+02 9.086053955189758824e+01 7.184192534401009311e+01 6.640775034293551471e+01 7.975685871056241183e+01 1.095741871826342191e+02 9.654142661179697882e+01 7.177706644694103488e+01 3.489222650976694950e+01 1.693069789369864964e+01 7.475018266321806770e+00 7.475018266321806770e+00 7.475018266321806770e+00
7.475018266321806770e+00 7.475018266321806770e+00 7.475018266321806770e+00 7.475018266321806770e+00 7.475018266321806770e+00 7.475018266321806770e+00 1.536526169058140212e+01 4.558722210262377672e+01 7.577942386831276167e+01 9.672222222222222854e+01 9.456790123456788422e+01 8.228792866941014950e+01 5.893363690832864421e+01 3.889554363787262048e+01 3.139546273076415162e+01 6.357235939643346256e+01 9.918805501407840097e+01 1.208695816186556726e+02 8.842706904435299009e+01 4.246451464710112589e+01 1.818316502860892214e+01 7.475018266321806770e+00 7.475018266321806770e+00 7.475018266321806770e+00
7.475018266321806770e+00 7.475018266321806770e+00 7.475018266321806770e+00 7.475018266321806770e+00 7.475018266321806770e+00 1.476763291604230766e+01 2.909552141811823489e+01 6.069929123156392592e+01 1.043429355281207052e+02 1.050709876543209873e+02 7.964511071918478535e+01 4.841891404509431140e+01 2.299309874981329926e+01 1.646016765763812728e+01 1.735371337859244534e+01 5.149157077616819578e+01 9.897622313671698180e+01 1.208695816186556726e+02 8.706172839506172068e+01 4.246451464710112589e+01 1.689571612883820606e+01 7.475018266321806770e+00 7.475018266321806770e+00 7.475018266321806770e+00
7.475018266321806770e+00 7.475018266321806770e+00 7.475018266321806770e+00 7.475018266321806770e+00 7.475018266321806770e+00 1.735371337859244534e+01 3.945922029211266846e+01 8.240466392318245425e+01 1.034314128943758391e+02 9.250480109739368118e+01 5.433222321999480187e+01 2.851004212923912107e+01 7.475018266321806770e+00 7.475018266321806770e+00 2.589701240631324097e+01 6.184776025078220840e+01 9.897622313671698180e+01 1.034314128943758391e+02 8.706172839506172068e+01 3.875788105846827136e+01 1.693069789369864964e+01 7.475018266321806770e+00 7.475018266321806770e+00 7.475018266321806770e+00
7.475018266321806770e+00 7.475018266321806770e+00 7.475018266321806770e+00 7.475018266321806770e+00 7.475018266321806770e+00 1.735371337859244534e+01 3.162912649031856560e+01 5.614128943758572632e+01 7.194032921810699577e+01 6.645482694181029615e+01 3.346199726308567790e+01 1.689571612883820606e+01 7.475018266321806770e+00 7.475018266321806770e+00 2.589701240631324097e+01 6.184776025078220840e+01 1.045836762688614385e+02 1.084509602194787306e+02 7.653806584362138210e+01 3.439002867403971209e+01 1.646016765763812728e+01 7.475018266321806770e+00 7.475018266321806770e+00 7.475018266321806770e+00
7.475018266321806770e+00 7.475018266321806770e+00 7.475018266321806770e+00 7.475018266321806770e+00 7.475018266321806770e+00 7.475018266321806770e+00 2.540877709431698150e+01 3.330597532794762827e+01 3.785336920793294269e+01 2.913746614513075173e+01 1.901474512077659540e+01 7.475018266321806770e+00 7.475018266321806770e+00 1.476763291604230766e+01 2.909552141811823489e+01 6.981714366303828001e+01 1.045836762688614385e+02 1.010514403292181100e+02 6.396658828140308373e+01 2.550558854943460929e+01 7.475018266321806770e+00 7.475018266321806770e+00 7.475018266321806770e+00 7.475018266321806770e+00
7.475018266321806770e+00 7.475018266321806770e+00 7.475018266321806770e+00 7.475018266321806770e+00 7.475018266321806770e+00 7.475018266321806770e+00 1.548626642010560062e+01 2.011889738375283088e+01 2.011889738375283088e+01 1.646016765763812728e+01 7.475018266321806770e+00 7.475018266321806770e+00 7.475018266321806770e+00 1.536526169058140212e+01 4.149734807366593969e+01 8.022736625514401965e+01 1.078971193415637799e+02 8.985819615912208747e+01 4.750157916632387156e+01 1.689571612883820606e+01 7.475018266321806770e+00 7.475018266321806770e+00 7.475018266321806770e+00 7.475018266321806770e+00
7.475018266321806770e+00 7.475018266321806770e+00 7.475018266321806770e+00 7.475018266321806770e+00 7.475018266321806770e+00 7.475018266321806770e+00 7.475018266321806770e+00 7.475018266321806770e+00 7.475018266321806770e+00 7.475018266321806770e+00 1.616455933952472890e+01 1.651771633869707756e+01 1.942538671651505311e+01 3.647612952223246197e+01 7.186044016631912257e+01 1.085534979423868265e+02 9.782304526748970375e+01 7.546784979423868833e+01 3.753861214572975058e+01 1.646016765763812728e+01 7.475018266321806770e+00 7.475018266321806770e+00 7.475018266321806770e+00 7.475018266321806770e+00
7.475018266321806770e+00 7.475018266321806770e+00 7.475018266321806770e+00 7.475018266321806770e+00 7.475018266321806770e+00 7.475018266321806770e+00 7.475018266321806770e+00 1.476763291604230766e+01 1.536526169058140212e+01 3.062249169352552869e+01 3.873946965454670988e+01 4.970346785478746199e+01 5.417023366445015142e+01 7.146237641647014982e+01 9.590522219032123985e+01 1.187257869467908478e+02 1.010514403292181100e+02 5.800769554549709994e+01 2.891394978647216973e+01 1.488690855384153444e+01 7.475018266321806770e+00 7.475018266321806770e+00 7.475018266321806770e+00 7.475018266321806770e+00
7.475018266321806770e+00 7.475018266321806770e+00 7.475018266321806770e+00 7.475018266321806770e+00 7.475018266321806770e+00 1.476763291604230766e+01 1.852372931747417439e+01 3.062249169352552869e+01 4.688181864754373152e+01 5.598508931507821273e+01 7.646433470507544428e+01 8.905761316872427358e+01 9.941227010998578351e+01 1.132677611429018043e+02 1.271160467697740017e+02 1.221032927934548411e+02 9.965417984968877363e+01 5.133444265812605067e+01 1.995421387206560482e+01 7.475018266321806770e+00 7.475018266321806770e+00 7.475018266321806770e+00 7.475018266321806770e+00 7.475018266321806770e+00
7.475018266321806770e+00 7.475018266321806770e+00 7.475018266321806770e+00 7.475018266321806770e+00 7.475018266321806770e+00 2.122244051819454569e+01 4.201897244087674466e+01 7.146237641647014982e+01 8.472427983539094498e+01 8.931893004115225665e+01 9.709979423868311699e+01 1.148381344307269956e+02 1.213783264746227530e+02 1.382002053044386400e+02 1.332892570933506420e+02 1.104382716049382651e+02 8.082601737540009879e+01 4.060781830289590744e+01 1.901474512077659540e+01 7.475018266321806770e+00 7.475018266321806770e+00 7.475018266321806770e+00 7.475018266321806770e+00 7.475018266321806770e+00
7.475018266321806770e+00 7.475018266321806770e+00 7.475018266321806770e+00 7.475018266321806770e+00 1.536526169058140212e+01 4.149734807366593969e+01 7.577942386831276167e+01 1.004876543209876445e+02 9.524502743484224254e+01 1.009238683127571790e+02 8.893209876543210157e+01 1.091907953640044866e+02 1.247005685418450867e+02 1.368398109349391518e+02 1.270508202765832522e+02 8.635175387027238969e+01 5.044487801441660224e+01 2.527558463340416139e+01 1.559104250717433615e+01 7.475018266321806770e+00 7.475018266321806770e+00 7.475018266321806770e+00 7.475018266321806770e+00 7.475018266321806770e+00
7.475018266321806770e+00 7.475018266321806770e+00 7.475018266321806770e+00 7.475018266321806770e+00 2.529391659497058242e+01 6.069929123156392592e+01 9.201490626428898167e+01 1.160349794238683074e+02 1.004099510907616519e+02 7.719382716049382509e+01 7.954080932784636104e+01 1.018470243748021602e+02 1.306384455995956841e+02 1.223497660199882375e+02 9.360596707818930895e+01 4.841891404509431140e+01 2.692220930095228226e+01 1.646016765763812728e+01 7.475018266321806770e+00 7.475018266321806770e+00 7.475018266321806770e+00 7.475018266321806770e+00 7.475018266321806770e+00 7.475018266321806770e+00
7.475018266321806770e+00 7.475018266321806770e+00 7.475018266321806770e+00 7.475018266321806770e+00 3.234882794983647614e+01 6.184776025078220840e+01 1.054617363089585211e+02 1.208695816186556726e+02 9.886428898033835821e+01 7.158197217323143491e+01 8.450617283950616354e+01 1.085534979423868265e+02 1.160349794238683074e+02 1.004099510907616519e+02 5.909359975495706863e+01 2.851004212923912107e+01 1.646016765763812728e+01 7.475018266321806770e+00 7.475018266321806770e+00 7.475018266321806770e+00 7.475018266321806770e+00 7.475018266321806770e+00 7.475018266321806770e+00 7.475018266321806770e+00
7.475018266321806770e+00 7.475018266321806770e+00 7.475018266321806770e+00 7.475018266321806770e+00 2.558603268560858623e+01 6.357235939643346256e+01 1.072615334632878330e+02 1.247863511659808040e+02 1.134149519890260649e+02 9.463923182441700988e+01 1.004876543209876445e+02 1.106213077274805698e+02 1.035324830136612775e+02 7.120987654320987303e+01 3.821542117354929502e+01 1.901474512077659540e+01 7.475018266321806770e+00 7.475018266321806770e+00 7.475018266321806770e+00 7.475018266321806770e+00 7.475018266321806770e+00 7.475018266321806770e+00 7.475018266321806770e+00 7.475018266321806770e+00
7.475018266321806770e+00 7.475018266321806770e+00 7.475018266321806770e+00 7.475018266321806770e+00 2.495869261618254598e+01 4.765767189904877910e+01 8.445012069203856697e+01 1.030701646090535064e+02 1.170649291266575176e+02 1.202602880658436248e+02 1.113223593964334555e+02 1.021107681755829901e+02 7.719382716049382509e+01 4.841891404509431140e+01 2.074184273730458727e+01 7.475018266321806770e+00 7.475018266321806770e+00 7.475018266321806770e+00 7.475018266321806770e+00 7.475018266321806770e+00 7.475018266321806770e+00 7.475018266321806770e+00 7.475018266321806770e+00 7.475018266321806770e+00
7.475018266321806770e+00 7.475018266321806770e+00 7.475018266321806770e+00 7.475018266321806770e+00 1.548626642010560062e+01 2.639076678822207711e+01 4.694744575683914434e+01 6.670251966364840257e+01 9.154937842935527215e+01 9.154937842935527215e+01 8.228792866941014950e+01 5.893363690832864421e+01 4.493115026858291117e+01 2.299309874981329926e+01 1.646016765763812728e+01 7.475018266321806770e+00 7.475018266321806770e+00 7.475018266321806770e+00 7.475018266321806770e+00 7.475018266321806770e+00 7.475018266321806770e+00 7.475018266321806770e+00 7.475018266321806770e+00 7.475018266321806770e+00
7.475018266321806770e+00 7.475018266321806770e+00 7.475018266321806770e+00 7.475018266321806770e+00 7.475018266321806770e+00 1.548626642010560062e+01 2.540877709431698150e+01 3.640923691654276695e+01 4.319275956907385705e+01 4.289678390609071812e+01 3.747663574054308100e+01 2.913746614513075173e+01 1.646016765763812728e+01 7.475018266321806770e+00 7.475018266321806770e+00 7.475018266321806770e+00 7.475018266321806770e+00 7.475018266321806770e+00 7.475018266321806770e+00 7.475018266321806770e+00 7.475018266321806770e+00 7.475018266321806770e+00 7.475018266321806770e+00 7.475018266321806770e+00
7.475018266321806770e+00 7.475018266321806770e+00 7.475018266321806770e+00 7.475018266321806770e+00 7.475018266321806770e+00 7.475018266321806770e+00 7.475018266321806770e+00 1.548626642010560062e+01 2.011889738375283088e+01 2.011889738375283088e+01 1.646016765763812728e+01 7.475018266321806770e+00 7.475018266321806770e+00 7.475018266321806770e+00 7.475018266321806770e+00 7.475018266321806770e+00 7.475018266321806770e+00 7.475018266321806770e+00 7.475018266321806770e+00 7.475018266321806770e+00 7.475018266321806770e+00 7.475018266321806770e+00 7.475018266321806770e+00 7.475018266321806770e+00
