6.250000000000000000e-01 6.250000000000000000e-01 6.250000000000000000e-01 6.250000000000000000e-01 5.240740740740740256e-01 3.333333333333333148e-01 1.482589285714285499e+00 1.164722222222222214e+00 6.043650793650794384e-01 8.563271604938270665e-01 7.944444444444445086e-01 8.911111111111111871e-01 1.223965679138386387e+00 8.563271604938270665e-01 8.911111111111111871e-01 1.247442680776014168e+00 7.944444444444445086e-01 7.944444444444445086e-01 1.322962962962962896e+00 2.236941137566137883e+00 1.079012345679012386e+00 7.360141093474426022e-01 5.240740740740740256e-01 5.240740740740740256e-01
6.250000000000000000e-01 6.250000000000000000e-01 6.250000000000000000e-01 6.250000000000000000e-01 5.240740740740740256e-01 3.333333333333333148e-01 1.215740740740740788e+00 1.467777777777777848e+00 7.360141093474426022e-01 7.944444444444445086e-01 6.043650793650794384e-01 7.731481481481482509e-01 7.814814814814815547e-01 1.196697530864197612e+00 1.171111111111111214e+00 1.079012345679012386e+00 1.215740740740740788e+00 8.563271604938270665e-01 8.563271604938270665e-01 1.652666666666666728e+00 1.449228395061728181e+00 1.413728967062300335e+00 5.240740740740740256e-01 5.240740740740740256e-01
6.250000000000000000e-01 6.250000000000000000e-01 6.250000000000000000e-01 6.250000000000000000e-01 5.240740740740740256e-01 3.333333333333333148e-01 1.322962962962962896e+00 1.516759259259259141e+00 1.345238095238095344e+00 7.731481481481482509e-01 1.044814814814814863e+00 8.359050925925924957e+01 8.359050925925924957e+01 8.359050925925924957e+01 6.754765079365077440e+01 1.490443057964796836e+01 1.185740740740740762e+01 1.028435636922344409e+00 1.058484156932780973e+00 9.717592592592591005e-01 1.079012345679012386e+00 6.250000000000000000e-01 6.043650793650794384e-01 5.240740740740740256e-01
6.250000000000000000e-01 6.250000000000000000e-01 6.250000000000000000e-01 6.250000000000000000e-01 5.240740740740740256e-01 3.333333333333333148e-01 8.911111111111111871e-01 1.044814814814814863e+00 5.922515873015872501e+01 9.766481481481481808e+01 1.659143518518518192e+02 1.659713756613756175e+02 1.671279344193817735e+02 1.671279344193817735e+02 1.666627314814814440e+02 1.104085201429499676e+02 5.797978395061729628e+01 1.447685185185185075e+00 1.268386243386243173e+00 8.563271604938270665e-01 1.044814814814814863e+00 8.563271604938270665e-01 5.240740740740740256e-01 5.240740740740740256e-01
5.240740740740740256e-01 5.240740740740740256e-01 5.240740740740740256e-01 5.240740740740740256e-01 3.333333333333333148e-01 3.333333333333333148e-01 7.908950617283950768e-01 3.499444444444444002e+01 1.115893518518518306e+02 1.663677777777777465e+02 1.663011111111111120e+02 1.659020833333333371e+02 1.681461111111111109e+02 1.675866666666666447e+02 1.673650617283950339e+02 1.662766666666666424e+02 1.635953703703703468e+02 6.596055555555555827e+01 5.992808641975309314e+01 5.240740740740740256e-01 1.058484156932780973e+00 1.079012345679012386e+00 5.240740740740740256e-01 5.240740740740740256e-01
3.333333333333333148e-01 3.333333333333333148e-01 8.563271604938270665e-01 7.944444444444445086e-01 3.333333333333333148e-01 3.333333333333333148e-01 3.333333333333333148e-01 8.167499999999999716e+01 1.608930555555555202e+02 1.661880291005290928e+02 1.671180555555555429e+02 1.664332175925925696e+02 1.664347222222222342e+02 1.664344444444444093e+02 1.664344444444444093e+02 1.543527777777777601e+02 1.608632905982905754e+02 1.642359259259258977e+02 1.155824074074074019e+02 1.447685185185185075e+00 1.268386243386243173e+00 1.427469135802468925e+00 7.360141093474426022e-01 5.240740740740740256e-01
3.333333333333333148e-01 3.333333333333333148e-01 6.250000000000000000e-01 5.240740740740740256e-01 5.240740740740740256e-01 3.333333333333333148e-01 3.333333333333333148e-01 4.209444444444444144e+01 1.242448717948717700e+02 1.664344444444444093e+02 1.477566666666666606e+02 1.664344444444444093e+02 9.026851851851851904e+01 8.463796296296294486e+01 8.378055555555555145e+01 8.378055555555555145e+01 1.543527777777777601e+02 1.668837962962962820e+02 1.657873544973544711e+02 1.215740740740740788e+00 1.532795548073325964e+00 1.137407407407407423e+00 7.360141093474426022e-01 5.240740740740740256e-01
3.333333333333333148e-01 3.333333333333333148e-01 3.333333333333333148e-01 5.240740740740740256e-01 5.240740740740740256e-01 5.240740740740740256e-01 3.333333333333333148e-01 9.716358024691358342e-01 2.914730158730159104e+01 4.313308080808081257e+01 8.378055555555555145e+01 4.313308080808081257e+01 2.305000000000000071e+01 8.541152263374484077e-01 1.532795548073325964e+00 9.716358024691358342e-01 1.055944444444444343e+02 1.671279344193817735e+02 1.674583333333333144e+02 9.026851851851851904e+01 1.824629629629629601e+00 1.079012345679012386e+00 7.360141093474426022e-01 5.240740740740740256e-01
5.240740740740740256e-01 3.333333333333333148e-01 3.333333333333333148e-01 3.333333333333333148e-01 6.043650793650794384e-01 8.563271604938270665e-01 7.944444444444445086e-01 1.136666666666666492e+00 1.164722222222222214e+00 9.155555555555554559e-01 2.410111111111110915e+01 1.079012345679012386e+00 7.944444444444445086e-01 9.155555555555554559e-01 1.447685185185185075e+00 1.322962962962962896e+00 8.459517396184061511e+01 1.675866666666666447e+02 1.674583333333333144e+02 1.657873544973544711e+02 1.079012345679012386e+00 1.322962962962962896e+00 5.240740740740740256e-01 5.240740740740740256e-01
5.240740740740740256e-01 5.240740740740740256e-01 8.563271604938270665e-01 8.563271604938270665e-01 7.814814814814815547e-01 9.155555555555554559e-01 7.908950617283950768e-01 6.043650793650794384e-01 3.333333333333333148e-01 7.944444444444445086e-01 1.028435636922344409e+00 1.044814814814814863e+00 1.215740740740740788e+00 8.563271604938270665e-01 9.716358024691358342e-01 1.378002244668911080e+00 8.459517396184061511e+01 1.681461111111111109e+02 1.681461111111111109e+02 1.674583333333333144e+02 1.215740740740740788e+00 1.030555555555555447e+00 5.240740740740740256e-01 5.240740740740740256e-01
8.563271604938270665e-01 6.250000000000000000e-01 7.908950617283950768e-01 7.908950617283950768e-01 5.240740740740740256e-01 7.814814814814815547e-01 5.240740740740740256e-01 7.360141093474426022e-01 3.333333333333333148e-01 7.731481481481482509e-01 1.196697530864197612e+00 1.079012345679012386e+00 1.164722222222222214e+00 1.268386243386243173e+00 1.285699588477366317e+00 1.345238095238095344e+00 7.353611111111109722e+01 1.667879629629629505e+02 1.673650617283950339e+02 1.657873544973544711e+02 1.215740740740740788e+00 1.079012345679012386e+00 7.360141093474426022e-01 5.240740740740740256e-01
6.043650793650794384e-01 3.333333333333333148e-01 5.240740740740740256e-01 5.240740740740740256e-01 5.240740740740740256e-01 7.944444444444445086e-01 3.333333333333333148e-01 6.043650793650794384e-01 3.333333333333333148e-01 1.371193415637860014e+00 8.729320987654320518e+00 2.251190476190475742e+00 1.726028806584362085e+00 1.285699588477366317e+00 1.254497354497354333e+00 3.499444444444444002e+01 1.115893518518518306e+02 1.650994444444444014e+02 1.657873544973544711e+02 1.247548611111110972e+02 1.215740740740740788e+00 1.079012345679012386e+00 7.360141093474426022e-01 5.240740740740740256e-01
5.240740740740740256e-01 5.240740740740740256e-01 3.333333333333333148e-01 3.333333333333333148e-01 9.716358024691358342e-01 6.043650793650794384e-01 7.731481481481482509e-01 5.240740740740740256e-01 1.196697530864197612e+00 9.580000000000000071e+00 4.340398148148148039e+01 6.754765079365077440e+01 6.754765079365077440e+01 1.490443057964796836e+01 2.251190476190475742e+00 8.167499999999999716e+01 1.671279344193817735e+02 1.655685418461096958e+02 1.658491650793650649e+02 8.357253086419751753e+01 8.541152263374484077e-01 7.360141093474426022e-01 1.075228475228474867e+00 5.240740740740740256e-01
6.043650793650794384e-01 5.240740740740740256e-01 5.240740740740740256e-01 7.731481481481482509e-01 1.044814814814814863e+00 5.997296296296295992e+01 9.766481481481481808e+01 6.754765079365077440e+01 8.359050925925924957e+01 9.429111111111109267e+01 1.021799999999999784e+02 1.666627314814814440e+02 1.403534580498865978e+02 1.282733333333333121e+02 1.282733333333333121e+02 1.671180555555555429e+02 1.675866666666666447e+02 1.674583333333333144e+02 1.657873544973544711e+02 4.351527777777777573e+01 1.433910052910052801e+00 1.171111111111111214e+00 7.360141093474426022e-01 5.240740740740740256e-01
5.240740740740740256e-01 3.333333333333333148e-01 3.499444444444444002e+01 9.429111111111109267e+01 9.429111111111109267e+01 1.021799999999999784e+02 1.312488888888888710e+02 1.657873544973544711e+02 1.539086063627729857e+02 1.668837962962962820e+02 1.671279344193817735e+02 1.666627314814814440e+02 1.643952601410934733e+02 1.669702380952380736e+02 1.671279344193817735e+02 1.668837962962962820e+02 1.681461111111111109e+02 1.674583333333333144e+02 1.661274074074073610e+02 5.797978395061729628e+01 3.807233019483675207e+01 1.079012345679012386e+00 5.240740740740740256e-01 5.240740740740740256e-01
5.240740740740740256e-01 8.911111111111111871e-01 8.853777777777776237e+01 1.671279344193817735e+02 1.635953703703703468e+02 1.669702380952380736e+02 1.674583333333333144e+02 1.661274074074073610e+02 1.543527777777777601e+02 1.681461111111111109e+02 1.681461111111111109e+02 1.671279344193817735e+02 1.674652777777777715e+02 1.675866666666666447e+02 1.664344444444444093e+02 1.664344444444444093e+02 1.664344444444444093e+02 1.543527777777777601e+02 1.633800925925925753e+02 1.403534580498865978e+02 6.596055555555555827e+01 1.447685185185185075e+00 7.360141093474426022e-01 5.240740740740740256e-01
9.716358024691358342e-01 5.321111111111110858e+01 1.115893518518518306e+02 1.668837962962962820e+02 1.666627314814814440e+02 1.662766666666666424e+02 1.647293055555555270e+02 1.648735714285714380e+02 1.393361111111111086e+02 1.681461111111111109e+02 1.661180555555555429e+02 1.673650617283950339e+02 1.664347222222222342e+02 1.664344444444444093e+02 1.484044312169311866e+02 7.101844877344876750e+01 8.378055555555555145e+01 1.477566666666666606e+02 1.400652777777777658e+02 1.645663148148148025e+02 1.657873544973544711e+02 1.079012345679012386e+00 7.360141093474426022e-01 5.240740740740740256e-01
1.322962962962962896e+00 2.424629629629629690e+01 8.882044444444444764e+01 1.478966666666666754e+02 1.662610311682149700e+02 1.647293055555555270e+02 1.643952601410934733e+02 1.657873544973544711e+02 1.657873544973544711e+02 1.667879629629629505e+02 1.608930555555555202e+02 1.664344444444444093e+02 1.664344444444444093e+02 9.265734126984126817e+01 7.479652777777776862e+01 1.502623456790123324e+00 2.448656599417915025e+00 2.384722222222221966e+00 8.378055555555555145e+01 1.242448717948717700e+02 1.215740740740740788e+00 1.030555555555555447e+00 5.240740740740740256e-01 5.240740740740740256e-01
7.908950617283950768e-01 9.716358024691358342e-01 5.068925925925925213e+01 1.081331481481481376e+02 1.664344444444444093e+02 1.664344444444444093e+02 1.657759259259259181e+02 1.409098677248677234e+02 1.469382804232804176e+02 1.608930555555555202e+02 1.218066666666666578e+02 9.265734126984126817e+01 4.318444444444444485e+01 1.722222222222222099e+00 1.443717813051146415e+01 1.322962962962962896e+00 1.937435012652403810e+00 1.193981481481481310e+00 9.716358024691358342e-01 3.481486111111111370e+01 1.215740740740740788e+00 1.030555555555555447e+00 5.240740740740740256e-01 5.240740740740740256e-01
1.044814814814814863e+00 1.779583333333333073e+01 1.479355555555555135e+01 5.165648148148148522e+01 8.378055555555555145e+01 4.313308080808081257e+01 8.378055555555555145e+01 4.313308080808081257e+01 4.313308080808081257e+01 1.722222222222222099e+00 1.502623456790123324e+00 2.384722222222221966e+00 2.210322598019629936e+00 1.860978835978836177e+00 1.079012345679012386e+00 1.335648148148148140e+00 1.215740740740740788e+00 1.761010623026126876e+00 1.229488536155202594e+00 1.722222222222222099e+00 2.449869809203142346e+00 1.079012345679012386e+00 7.360141093474426022e-01 5.240740740740740256e-01
1.275555555555555554e+00 1.075228475228474867e+00 1.164722222222222214e+00 9.155555555555554559e-01 1.722222222222222099e+00 1.079012345679012386e+00 1.075228475228474867e+00 6.250000000000000000e-01 1.075228475228474867e+00 1.532795548073325964e+00 1.261574074074073959e+00 1.693827160493826867e+00 1.075228475228474867e+00 1.075228475228474867e+00 6.250000000000000000e-01 1.164722222222222214e+00 1.044814814814814863e+00 6.250000000000000000e-01 9.155555555555554559e-01 8.563271604938270665e-01 8.541152263374484077e-01 1.075228475228474867e+00 1.075228475228474867e+00 5.240740740740740256e-01
6.250000000000000000e-01 6.250000000000000000e-01 6.250000000000000000e-01 3.333333333333333148e-01 1.223333333333333162e+00 6.250000000000000000e-01 6.250000000000000000e-01 1.171111111111111214e+00 6.250000000000000000e-01 1.154365079365079483e+00 6.250000000000000000e-01 1.154365079365079483e+00 6.250000000000000000e-01 1.154365079365079483e+00 5.240740740740740256e-01 5.240740740740740256e-01 6.250000000000000000e-01 5.240740740740740256e-01 5.240740740740740256e-01 3.333333333333333148e-01 1.171111111111111214e+00 6.250000000000000000e-01 5.240740740740740256e-01 6.250000000000000000e-01
5.240740740740740256e-01 5.240740740740740256e-01 5.240740740740740256e-01 3.333333333333333148e-01 6.250000000000000000e-01 5.240740740740740256e-01 5.240740740740740256e-01 5.240740740740740256e-01 5.240740740740740256e-01 3.333333333333333148e-01 5.240740740740740256e-01 5.240740740740740256e-01 5.240740740740740256e-01 5.240740740740740256e-01 6.250000000000000000e-01 6.250000000000000000e-01 5.240740740740740256e-01 5.240740740740740256e-01 5.240740740740740256e-01 5.240740740740740256e-01 5.240740740740740256e-01 5.240740740740740256e-01 6.250000000000000000e-01 6.250000000000000000e-01
6.250000000000000000e-01 6.250000000000000000e-01 6.250000000000000000e-01 6.250000000000000000e-01 6.250000000000000000e-01 6.250000000000000000e-01 6.250000000000000000e-01 6.250000000000000000e-01 6.250000000000000000e-01 6.250000000000000000e-01 6.250000000000000000e-01 6.250000000000000000e-01 6.250000000000000000e-01 6.250000000000000000e-01 6.250000000000000000e-01 6.250000000000000000e-01 6.250000000000000000e-01 6.250000000000000000e-01 6.250000000000000000e-01 6.250000000000000000e-01 6.250000000000000000e-01 6.250000000000000000e-01 6.250000000000000000e-01 6.250000000000000000e-01
