8.541152263374484077e-01 6.250000000000000000e-01 7.908950617283950768e-01 6.043650793650794384e-01 1.135555555555555429e+00 1.447685185185185075e+00 8.563271604938270665e-01 6.043650793650794384e-01 6.043650793650794384e-01 7.731481481481482509e-01 1.044814814814814863e+00 1.135555555555555429e+00 6.043650793650794384e-01 6.043650793650794384e-01 6.043650793650794384e-01 6.250000000000000000e-01 2.253123796055239048e+00 2.253123796055239048e+00 2.253123796055239048e+00 2.253123796055239048e+00 2.253123796055239048e+00 2.253123796055239048e+00 2.253123796055239048e+00 2.253123796055239048e+00
1.215740740740740788e+00 1.826711978926666813e+00 1.722222222222222099e+00 2.073214285714285676e+00 1.247442680776014168e+00 1.606481481481481177e+00 9.716358024691358342e-01 6.043650793650794384e-01 1.335648148148148140e+00 2.073214285714285676e+00 1.335648148148148140e+00 1.075228475228474867e+00 8.541152263374484077e-01 6.250000000000000000e-01 6.250000000000000000e-01 6.250000000000000000e-01 2.253123796055239048e+00 2.253123796055239048e+00 2.253123796055239048e+00 2.253123796055239048e+00 2.253123796055239048e+00 2.253123796055239048e+00 2.253123796055239048e+00 2.253123796055239048e+00
1.578518518518518654e+00 1.193981481481481310e+00 1.578518518518518654e+00 8.541152263374484077e-01 1.164722222222222214e+00 8.563271604938270665e-01 1.030555555555555447e+00 6.043650793650794384e-01 9.717592592592591005e-01 6.250000000000000000e-01 1.136666666666666492e+00 6.250000000000000000e-01 1.215740740740740788e+00 1.322962962962962896e+00 8.563271604938270665e-01 6.250000000000000000e-01 2.253123796055239048e+00 2.253123796055239048e+00 2.253123796055239048e+00 2.253123796055239048e+00 2.253123796055239048e+00 2.253123796055239048e+00 2.253123796055239048e+00 2.253123796055239048e+00
1.413703703703703685e+00 1.136666666666666492e+00 1.322962962962962896e+00 1.136666666666666492e+00 8.541152263374484077e-01 1.722222222222222099e+00 9.925925925925925819e-01 1.413728967062300335e+00 8.563271604938270665e-01 8.911111111111111871e-01 8.563271604938270665e-01 8.541152263374484077e-01 6.043650793650794384e-01 6.250000000000000000e-01 6.043650793650794384e-01 6.250000000000000000e-01 2.253123796055239048e+00 2.253123796055239048e+00 2.253123796055239048e+00 2.253123796055239048e+00 2.253123796055239048e+00 2.253123796055239048e+00 2.253123796055239048e+00 2.253123796055239048e+00
1.044814814814814863e+00 1.060802469135802450e+00 1.095279072186218894e+00 1.060802469135802450e+00 7.731481481481482509e-01 1.196697530864197612e+00 1.044814814814814863e+00 1.164722222222222214e+00 6.250000000000000000e-01 6.250000000000000000e-01 6.043650793650794384e-01 7.731481481481482509e-01 6.043650793650794384e-01 7.731481481481482509e-01 6.043650793650794384e-01 6.250000000000000000e-01 2.253123796055239048e+00 2.253123796055239048e+00 2.253123796055239048e+00 2.253123796055239048e+00 2.253123796055239048e+00 2.253123796055239048e+00 2.253123796055239048e+00 2.253123796055239048e+00
1.044814814814814863e+00 1.215740740740740788e+00 1.322962962962962896e+00 1.060802469135802450e+00 3.381444444444444031e+01 3.990185185185185190e+01 8.359050925925924957e+01 6.754765079365077440e+01 1.044814814814814863e+00 1.044814814814814863e+00 7.731481481481482509e-01 7.731481481481482509e-01 7.731481481481482509e-01 7.731481481481482509e-01 6.250000000000000000e-01 6.250000000000000000e-01 2.253123796055239048e+00 2.253123796055239048e+00 2.253123796055239048e+00 2.253123796055239048e+00 2.253123796055239048e+00 2.253123796055239048e+00 2.253123796055239048e+00 2.253123796055239048e+00
3.271984126984126995e+00 1.215740740740740788e+00 1.322962962962962896e+00 1.345238095238095344e+00 8.167499999999999716e+01 1.336539230019492948e+02 1.657873544973544711e+02 1.657873544973544711e+02 1.260817901234567984e+01 1.260817901234567984e+01 1.260817901234567984e+01 1.260817901234567984e+01 1.490443057964796836e+01 2.136888888888888616e+01 7.731481481481482509e-01 7.731481481481482509e-01 6.667857142857142705e+00 7.956635802469135932e+00 7.731481481481482509e-01 6.250000000000000000e-01 6.043650793650794384e-01 6.043650793650794384e-01 6.043650793650794384e-01 8.563271604938270665e-01
2.076157407407407174e+00 1.532795548073325964e+00 2.073214285714285676e+00 3.525488888888888539e+01 1.115893518518518306e+02 1.664332175925925696e+02 1.247548611111110972e+02 9.265734126984126817e+01 4.313308080808081257e+01 3.779953703703703383e+01 4.977833333333332888e+01 4.313308080808081257e+01 3.779953703703703383e+01 7.981848148148148425e+01 1.260817901234567984e+01 1.260817901234567984e+01 1.260817901234567984e+01 3.897222222222222143e+01 1.215740740740740788e+00 1.168666666666666520e+00 9.717592592592591005e-01 8.911111111111111871e-01 1.164722222222222214e+00 9.717592592592591005e-01
1.464074074074074305e+00 1.824629629629629601e+00 1.322962962962962896e+00 3.705888888888888744e+01 1.661180555555555429e+02 1.664332175925925696e+02 9.399358465608464996e+01 2.586478174603175084e+00 1.831111111111110912e+00 6.250000000000000000e-01 1.722222222222222099e+00 1.464074074074074305e+00 2.073214285714285676e+00 2.384722222222221966e+00 3.434293650793650698e+01 9.210515873015870625e+01 7.981848148148148425e+01 9.883950617283949214e+01 6.596055555555555827e+01 1.215740740740740788e+00 1.291444444444444395e+00 8.911111111111111871e-01 6.250000000000000000e-01 1.171111111111111214e+00
1.826711978926666813e+00 1.538359788359788372e+00 1.378002244668911080e+00 8.459517396184061511e+01 1.662682098765432102e+02 1.657873544973544711e+02 8.490740740740740478e+01 1.215740740740740788e+00 1.728240740740740522e+00 1.689415927773159742e+00 1.826711978926666813e+00 2.586094104308389596e+00 2.071574074074074012e+00 2.740972222222222143e+00 1.722222222222222099e+00 2.073214285714285676e+00 7.479886243386242484e+01 1.390040476190476113e+02 1.155824074074074019e+02 1.447685185185185075e+00 1.030555555555555447e+00 6.043650793650794384e-01 6.250000000000000000e-01 6.250000000000000000e-01
1.578518518518518654e+00 1.075228475228474867e+00 2.251190476190475742e+00 6.283472222222221859e+01 1.375143518518518420e+02 9.265734126984126817e+01 4.334333333333332661e+01 2.208234126984126799e+00 2.384722222222221966e+00 2.396825396825396304e+00 2.073214285714285676e+00 1.532795548073325964e+00 1.412949735449735345e+00 1.335648148148148140e+00 1.532795548073325964e+00 1.322962962962962896e+00 8.459517396184061511e+01 1.647293055555555270e+02 9.877993109388458493e+01 6.596055555555555827e+01 1.396740740740740616e+00 1.164722222222222214e+00 6.250000000000000000e-01 6.043650793650794384e-01
1.154365079365079483e+00 1.929828042328042059e+00 1.254497354497354333e+00 3.486229629629629301e+01 9.949603174603172562e+00 1.722222222222222099e+00 2.396825396825396304e+00 2.073214285714285676e+00 2.122962962962962941e+00 2.251190476190475742e+00 6.250000000000000000e-01 1.572222222222221966e+00 1.322962962962962896e+00 1.154365079365079483e+00 1.171111111111111214e+00 1.878379629629629477e+01 5.922515873015872501e+01 1.656164973544973691e+02 1.353375140291807099e+02 4.351527777777777573e+01 1.447685185185185075e+00 1.322962962962962896e+00 6.043650793650794384e-01 7.731481481481482509e-01
8.563271604938270665e-01 1.260529100529100388e+00 1.722222222222222099e+00 2.073214285714285676e+00 1.075228475228474867e+00 1.075228475228474867e+00 2.073214285714285676e+00 1.532795548073325964e+00 1.516759259259259141e+00 2.526464646464646080e+01 1.044814814814814863e+00 1.196697530864197612e+00 1.044814814814814863e+00 6.754765079365077440e+01 6.754765079365077440e+01 1.052016029657476963e+02 1.036259259259259125e+02 1.300742857142857360e+02 9.877993109388458493e+01 9.026851851851851904e+01 1.135981351640860915e+01 3.404824892920130797e+00 1.447685185185185075e+00 1.761825396825396739e+00
6.250000000000000000e-01 6.250000000000000000e-01 6.250000000000000000e-01 1.929828042328042059e+00 6.250000000000000000e-01 1.136666666666666492e+00 1.689415927773159742e+00 1.677537836840162555e+00 1.322962962962962896e+00 7.632738095238095433e+00 1.260817901234567984e+01 1.260817901234567984e+01 1.260817901234567984e+01 9.304429012345678984e+01 1.663388888888888744e+02 1.312488888888888710e+02 1.657873544973544711e+02 1.247548611111110972e+02 5.248597883597883396e+01 1.826711978926666813e+00 1.728240740740740522e+00 1.978925925925926066e+01 1.722222222222222099e+00 1.247442680776014168e+00
1.044814814814814863e+00 6.250000000000000000e-01 6.250000000000000000e-01 6.043650793650794384e-01 6.250000000000000000e-01 1.060802469135802450e+00 6.250000000000000000e-01 1.245138592750533180e+00 8.911111111111111871e-01 2.384722222222221966e+00 9.949603174603172562e+00 3.779953703703703383e+01 8.378055555555555145e+01 1.477566666666666606e+02 1.479016666666666708e+02 1.409098677248677234e+02 9.265734126984126817e+01 5.284830246913580964e+01 2.173413304463287066e+00 8.541152263374484077e-01 1.722222222222222099e+00 2.073214285714285676e+00 8.541152263374484077e-01 6.250000000000000000e-01
6.250000000000000000e-01 6.250000000000000000e-01 6.250000000000000000e-01 6.250000000000000000e-01 6.250000000000000000e-01 6.250000000000000000e-01 6.250000000000000000e-01 9.717592592592591005e-01 6.250000000000000000e-01 1.532795548073325964e+00 2.073214285714285676e+00 1.578518518518518654e+00 3.711273015873015169e+01 1.162631944444444230e+02 1.363438888888888698e+02 9.265734126984126817e+01 9.830555555555553937e+00 8.541152263374484077e-01 8.541152263374484077e-01 1.095279072186218894e+00 1.138888888888888618e+00 8.541152263374484077e-01 6.250000000000000000e-01 6.250000000000000000e-01
2.253123796055239048e+00 2.253123796055239048e+00 2.253123796055239048e+00 2.253123796055239048e+00 6.250000000000000000e-01 6.250000000000000000e-01 6.043650793650794384e-01 8.563271604938270665e-01 8.541152263374484077e-01 1.136666666666666492e+00 1.929828042328042059e+00 1.516759259259259141e+00 3.381444444444444031e+01 1.021799999999999784e+02 1.014629629629629761e+02 9.830555555555553937e+00 8.541152263374484077e-01 1.252592592592592480e+00 1.171111111111111214e+00 1.268386243386243173e+00 1.319259259259259132e+00 1.171111111111111214e+00 6.250000000000000000e-01 6.250000000000000000e-01
2.253123796055239048e+00 2.253123796055239048e+00 2.253123796055239048e+00 2.253123796055239048e+00 6.250000000000000000e-01 6.250000000000000000e-01 7.731481481481482509e-01 6.250000000000000000e-01 6.043650793650794384e-01 6.043650793650794384e-01 8.563271604938270665e-01 7.219652390485722826e+00 9.304429012345678984e+01 1.196779365079364936e+02 6.815022927689594212e+01 1.215740740740740788e+00 9.716358024691358342e-01 9.717592592592591005e-01 6.250000000000000000e-01 1.652666666666666728e+00 1.030555555555555447e+00 1.413728967062300335e+00 6.250000000000000000e-01 6.250000000000000000e-01
2.253123796055239048e+00 2.253123796055239048e+00 2.253123796055239048e+00 2.253123796055239048e+00 6.250000000000000000e-01 6.250000000000000000e-01 6.043650793650794384e-01 8.911111111111111871e-01 6.043650793650794384e-01 8.563271604938270665e-01 8.911111111111111871e-01 5.997296296296295992e+01 1.117023148148147982e+02 9.265734126984126817e+01 1.215740740740740788e+00 8.541152263374484077e-01 1.028435636922344409e+00 1.215740740740740788e+00 8.911111111111111871e-01 1.652666666666666728e+00 8.911111111111111871e-01 1.413728967062300335e+00 8.563271604938270665e-01 6.250000000000000000e-01
2.253123796055239048e+00 2.253123796055239048e+00 2.253123796055239048e+00 2.253123796055239048e+00 2.253123796055239048e+00 6.250000000000000000e-01 7.908950617283950768e-01 2.073214285714285676e+00 1.168666666666666520e+00 8.563271604938270665e-01 3.381444444444444031e+01 1.021799999999999784e+02 1.014629629629629761e+02 9.830555555555553937e+00 8.541152263374484077e-01 8.563271604938270665e-01 1.044814814814814863e+00 8.541152263374484077e-01 1.164722222222222214e+00 1.164722222222222214e+00 1.164722222222222214e+00 6.250000000000000000e-01 8.541152263374484077e-01 6.250000000000000000e-01
2.253123796055239048e+00 2.253123796055239048e+00 2.253123796055239048e+00 2.253123796055239048e+00 6.250000000000000000e-01 6.250000000000000000e-01 6.250000000000000000e-01 1.044814814814814863e+00 1.252592592592592480e+00 1.076798941798942089e+01 8.167499999999999716e+01 1.397305026455026393e+02 5.785617283950617207e+01 1.482589285714285499e+00 1.030555555555555447e+00 9.717592592592591005e-01 1.193981481481481310e+00 1.322962962962962896e+00 8.563271604938270665e-01 6.250000000000000000e-01 1.154365079365079483e+00 6.250000000000000000e-01 6.043650793650794384e-01 6.250000000000000000e-01
2.253123796055239048e+00 2.253123796055239048e+00 2.253123796055239048e+00 2.253123796055239048e+00 6.250000000000000000e-01 6.250000000000000000e-01 7.731481481481482509e-01 7.908950617283950768e-01 1.044814814814814863e+00 3.381444444444444031e+01 8.853777777777776237e+01 1.664332175925925696e+02 4.351527777777777573e+01 1.030555555555555447e+00 1.413728967062300335e+00 1.215740740740740788e+00 7.731481481481482509e-01 6.250000000000000000e-01 6.043650793650794384e-01 6.043650793650794384e-01 6.043650793650794384e-01 6.250000000000000000e-01 6.250000000000000000e-01 2.253123796055239048e+00
2.253123796055239048e+00 2.253123796055239048e+00 2.253123796055239048e+00 2.253123796055239048e+00 6.250000000000000000e-01 6.250000000000000000e-01 6.250000000000000000e-01 6.250000000000000000e-01 7.908950617283950768e-01 1.878379629629629477e+01 1.336539230019492948e+02 1.247548611111110972e+02 8.145407407407406097e+00 1.322962962962962896e+00 6.250000000000000000e-01 6.250000000000000000e-01 7.731481481481482509e-01 1.044814814814814863e+00 6.043650793650794384e-01 6.043650793650794384e-01 6.250000000000000000e-01 6.250000000000000000e-01 6.250000000000000000e-01 2.253123796055239048e+00
2.253123796055239048e+00 2.253123796055239048e+00 2.253123796055239048e+00 2.253123796055239048e+00 6.250000000000000000e-01 6.250000000000000000e-01 6.250000000000000000e-01 1.215740740740740788e+00 9.716358024691358342e-01 5.044444444444444287e+01 1.081331481481481376e+02 7.479652777777776862e+01 1.215740740740740788e+00 1.030555555555555447e+00 6.043650793650794384e-01 6.250000000000000000e-01 6.250000000000000000e-01 6.250000000000000000e-01 6.250000000000000000e-01 6.250000000000000000e-01 6.250000000000000000e-01 6.250000000000000000e-01 6.250000000000000000e-01 2.253123796055239048e+00
