7.272387507621759895e+00 7.272387507621759895e+00 7.272387507621759895e+00 7.272387507621759895e+00 7.272387507621759895e+00 7.272387507621759895e+00 7.272387507621759895e+00 7.272387507621759895e+00 7.272387507621759895e+00 7.272387507621759895e+00 7.272387507621759895e+00 7.272387507621759895e+00 7.272387507621759895e+00 7.272387507621759895e+00 7.272387507621759895e+00 7.272387507621759895e+00 7.272387507621759895e+00 7.272387507621759895e+00 7.272387507621759895e+00 7.272387507621759895e+00 7.272387507621759895e+00 7.272387507621759895e+00 7.272387507621759895e+00 7.272387507621759895e+00
7.272387507621759895e+00 7.272387507621759895e+00 7.272387507621759895e+00 7.272387507621759895e+00 7.272387507621759895e+00 7.272387507621759895e+00 7.272387507621759895e+00 7.272387507621759895e+00 7.272387507621759895e+00 7.272387507621759895e+00 7.272387507621759895e+00 1.608351542050236205e+01 1.763264544768856013e+01 1.482609580391727278e+01 1.482609580391727278e+01 7.272387507621759895e+00 7.272387507621759895e+00 7.272387507621759895e+00 7.272387507621759895e+00 7.272387507621759895e+00 7.272387507621759895e+00 7.272387507621759895e+00 7.272387507621759895e+00 7.272387507621759895e+00
7.272387507621759895e+00 7.272387507621759895e+00 7.272387507621759895e+00 7.272387507621759895e+00 7.272387507621759895e+00 7.272387507621759895e+00 7.272387507621759895e+00 7.272387507621759895e+00 7.272387507621759895e+00 1.616041252605140599e+01 2.002792678135248039e+01 2.973491274623159342e+01 3.975326256311313955e+01 3.795647426314754114e+01 3.129983531457513379e+01 1.701135014338716189e+01 7.272387507621759895e+00 7.272387507621759895e+00 7.272387507621759895e+00 7.272387507621759895e+00 7.272387507621759895e+00 7.272387507621759895e+00 7.272387507621759895e+00 7.272387507621759895e+00
7.272387507621759895e+00 7.272387507621759895e+00 7.272387507621759895e+00 7.272387507621759895e+00 7.272387507621759895e+00 7.272387507621759895e+00 7.272387507621759895e+00 7.272387507621759895e+00 1.536443096401773900e+01 3.062249169352552869e+01 4.688181864754373152e+01 7.144785581499051830e+01 7.306447187928668541e+01 6.970823045267489704e+01 6.195164609053497884e+01 3.129983531457513379e+01 1.850472048031121375e+01 1.482609580391727278e+01 1.482609580391727278e+01 7.272387507621759895e+00 7.272387507621759895e+00 7.272387507621759895e+00 7.272387507621759895e+00 7.272387507621759895e+00
7.272387507621759895e+00 7.272387507621759895e+00 7.272387507621759895e+00 7.272387507621759895e+00 7.272387507621759895e+00 7.272387507621759895e+00 7.272387507621759895e+00 1.536443096401773900e+01 3.800950322636214906e+01 5.657462364836604252e+01 7.504046639231823690e+01 9.709979423868311699e+01 9.177091906721535963e+01 9.943758573388201683e+01 9.825857338820300413e+01 6.869387303970637504e+01 5.045486150586440033e+01 2.919695010998061946e+01 1.619355841794678241e+01 7.272387507621759895e+00 7.272387507621759895e+00 7.272387507621759895e+00 7.272387507621759895e+00 7.272387507621759895e+00
7.272387507621759895e+00 7.272387507621759895e+00 7.272387507621759895e+00 7.272387507621759895e+00 7.272387507621759895e+00 7.272387507621759895e+00 7.272387507621759895e+00 2.628542722377049401e+01 5.882142502137134699e+01 8.734064929126655841e+01 9.782304526748970375e+01 8.380315500685870234e+01 7.082064471879284895e+01 7.415294924554183353e+01 8.135528120713306066e+01 9.825857338820300413e+01 7.837551440329217201e+01 4.444213220133603670e+01 2.626427033217574092e+01 7.272387507621759895e+00 7.272387507621759895e+00 7.272387507621759895e+00 7.272387507621759895e+00 7.272387507621759895e+00
7.272387507621759895e+00 7.272387507621759895e+00 7.272387507621759895e+00 7.272387507621759895e+00 7.272387507621759895e+00 7.272387507621759895e+00 1.476763291604230766e+01 3.542589558050487852e+01 7.397256515775033847e+01 9.518758573388203104e+01 7.967921810699586160e+01 5.830754825680459419e+01 3.640923691654276695e+01 5.060907934235898864e+01 7.954080932784636104e+01 1.022592592592592524e+02 1.019985629368345315e+02 6.421773733810771034e+01 2.890434262629248252e+01 7.272387507621759895e+00 7.272387507621759895e+00 7.272387507621759895e+00 7.272387507621759895e+00 7.272387507621759895e+00
7.272387507621759895e+00 7.272387507621759895e+00 7.272387507621759895e+00 7.272387507621759895e+00 7.272387507621759895e+00 7.272387507621759895e+00 1.813078976607360460e+01 4.279713375457068025e+01 8.386424031797849921e+01 9.036104252400549797e+01 6.908142269253379197e+01 3.582778438033088264e+01 2.034472324889847172e+01 4.585248137712274286e+01 8.158470507544581096e+01 1.062373113854595346e+02 8.985819615912208747e+01 5.350937573774037759e+01 2.209229417599317813e+01 7.272387507621759895e+00 7.272387507621759895e+00 7.272387507621759895e+00 7.272387507621759895e+00 7.272387507621759895e+00
7.272387507621759895e+00 7.272387507621759895e+00 7.272387507621759895e+00 7.272387507621759895e+00 7.272387507621759895e+00 7.272387507621759895e+00 1.549336933939985883e+01 3.617037011480529429e+01 6.357235939643346256e+01 9.943758573388201683e+01 6.985578658580608646e+01 4.331061807505994210e+01 3.474166279646590283e+01 4.989126462712732035e+01 8.734064929126655841e+01 9.782304526748970375e+01 7.097949245541838081e+01 4.060781830289590744e+01 1.689571612883820606e+01 7.272387507621759895e+00 7.272387507621759895e+00 7.272387507621759895e+00 7.272387507621759895e+00 7.272387507621759895e+00
7.272387507621759895e+00 7.272387507621759895e+00 7.272387507621759895e+00 7.272387507621759895e+00 7.272387507621759895e+00 7.272387507621759895e+00 7.272387507621759895e+00 2.558603268560858623e+01 5.231987435300735712e+01 8.135528120713306066e+01 9.825857338820300413e+01 5.712482853223593793e+01 5.224750563454266228e+01 7.894513031550067694e+01 9.518758573388203104e+01 7.338454503886600833e+01 4.841891404509431140e+01 2.550558854943460929e+01 7.272387507621759895e+00 7.272387507621759895e+00 7.272387507621759895e+00 7.272387507621759895e+00 7.272387507621759895e+00 7.272387507621759895e+00
7.272387507621759895e+00 7.272387507621759895e+00 7.272387507621759895e+00 7.272387507621759895e+00 7.272387507621759895e+00 7.272387507621759895e+00 7.272387507621759895e+00 1.813078976607360460e+01 3.617037011480529429e+01 6.835711019661637522e+01 9.943758573388201683e+01 9.825857338820300413e+01 8.427572016460905502e+01 9.518758573388203104e+01 8.105281207133060661e+01 5.578657897681300426e+01 2.969938261101552612e+01 1.646016765763812728e+01 7.272387507621759895e+00 7.272387507621759895e+00 7.272387507621759895e+00 7.272387507621759895e+00 7.272387507621759895e+00 7.272387507621759895e+00
7.272387507621759895e+00 7.272387507621759895e+00 7.272387507621759895e+00 7.272387507621759895e+00 7.272387507621759895e+00 7.272387507621759895e+00 7.272387507621759895e+00 7.272387507621759895e+00 2.495869261618254598e+01 4.724348590460153474e+01 7.954080932784636104e+01 1.165486246480398478e+02 1.136885423435130917e+02 1.019985629368345315e+02 7.407613168724279262e+01 4.060781830289590744e+01 1.646016765763812728e+01 7.272387507621759895e+00 7.272387507621759895e+00 7.272387507621759895e+00 7.272387507621759895e+00 7.272387507621759895e+00 7.272387507621759895e+00 7.272387507621759895e+00
7.272387507621759895e+00 7.272387507621759895e+00 7.272387507621759895e+00 7.272387507621759895e+00 7.272387507621759895e+00 7.272387507621759895e+00 7.272387507621759895e+00 7.272387507621759895e+00 1.549336933939985883e+01 3.617037011480529429e+01 8.090672153635117070e+01 1.095359215941087143e+02 1.233168460483275339e+02 1.086232015822885728e+02 6.985578658580608646e+01 2.724153147606038772e+01 1.394539879913424762e+01 7.272387507621759895e+00 7.272387507621759895e+00 7.272387507621759895e+00 7.272387507621759895e+00 7.272387507621759895e+00 7.272387507621759895e+00 7.272387507621759895e+00
7.272387507621759895e+00 7.272387507621759895e+00 7.272387507621759895e+00 7.272387507621759895e+00 7.272387507621759895e+00 7.272387507621759895e+00 7.272387507621759895e+00 7.272387507621759895e+00 1.549336933939985883e+01 3.225083490362198546e+01 7.859122085048011286e+01 1.117616598079560930e+02 1.290752171925011282e+02 1.086232015822885728e+02 6.472271174599987376e+01 3.877448563056967146e+01 1.619355841794678241e+01 7.272387507621759895e+00 7.272387507621759895e+00 7.272387507621759895e+00 7.272387507621759895e+00 7.272387507621759895e+00 7.272387507621759895e+00 7.272387507621759895e+00
7.272387507621759895e+00 7.272387507621759895e+00 7.272387507621759895e+00 7.272387507621759895e+00 7.272387507621759895e+00 7.272387507621759895e+00 7.272387507621759895e+00 7.272387507621759895e+00 1.536443096401773900e+01 3.884029612906597606e+01 7.397256515775033847e+01 9.284773662551441475e+01 1.034314128943758391e+02 9.654142661179697882e+01 8.842706904435299009e+01 4.444213220133603670e+01 1.860442098956449897e+01 7.272387507621759895e+00 7.272387507621759895e+00 7.272387507621759895e+00 7.272387507621759895e+00 7.272387507621759895e+00 7.272387507621759895e+00 7.272387507621759895e+00
7.272387507621759895e+00 7.272387507621759895e+00 7.272387507621759895e+00 7.272387507621759895e+00 7.272387507621759895e+00 7.272387507621759895e+00 7.272387507621759895e+00 7.272387507621759895e+00 2.297699181176892935e+01 5.050146964760886448e+01 7.568175582990397743e+01 8.105281207133060661e+01 7.892524005486967553e+01 7.415294924554183353e+01 7.522222222222221433e+01 5.712482853223593793e+01 3.496091912381654510e+01 1.469421162702968076e+01 7.272387507621759895e+00 7.272387507621759895e+00 7.272387507621759895e+00 7.272387507621759895e+00 7.272387507621759895e+00 7.272387507621759895e+00
7.272387507621759895e+00 7.272387507621759895e+00 7.272387507621759895e+00 7.272387507621759895e+00 7.272387507621759895e+00 7.272387507621759895e+00 7.272387507621759895e+00 1.476763291604230766e+01 3.324959914668922067e+01 7.064373897707230299e+01 7.464609053497942170e+01 6.844499314128943013e+01 6.260699588477367428e+01 6.061378367975439119e+01 8.135528120713306066e+01 6.970823045267489704e+01 4.996569318859005193e+01 1.860442098956449897e+01 7.272387507621759895e+00 7.272387507621759895e+00 7.272387507621759895e+00 7.272387507621759895e+00 7.272387507621759895e+00 7.272387507621759895e+00
7.272387507621759895e+00 7.272387507621759895e+00 7.272387507621759895e+00 7.272387507621759895e+00 7.272387507621759895e+00 7.272387507621759895e+00 7.272387507621759895e+00 1.758059573559844679e+01 3.884029612906597606e+01 6.741625514403291675e+01 7.207956104252400564e+01 4.821603251836991433e+01 3.539642549252111081e+01 4.638882374494791350e+01 7.064373897707230299e+01 8.105281207133060661e+01 4.576902381174030410e+01 2.461419499183558912e+01 7.272387507621759895e+00 7.272387507621759895e+00 7.272387507621759895e+00 7.272387507621759895e+00 7.272387507621759895e+00 7.272387507621759895e+00
7.272387507621759895e+00 7.272387507621759895e+00 7.272387507621759895e+00 7.272387507621759895e+00 7.272387507621759895e+00 7.272387507621759895e+00 7.272387507621759895e+00 1.866245827890308462e+01 4.279713375457068025e+01 6.741625514403291675e+01 7.207956104252400564e+01 4.035277843788591667e+01 2.198782661814020756e+01 5.074202662273931708e+01 8.734064929126655841e+01 8.256121399176953446e+01 4.821603251836991433e+01 1.689571612883820606e+01 7.272387507621759895e+00 7.272387507621759895e+00 7.272387507621759895e+00 7.272387507621759895e+00 7.272387507621759895e+00 7.272387507621759895e+00
7.272387507621759895e+00 7.272387507621759895e+00 7.272387507621759895e+00 7.272387507621759895e+00 7.272387507621759895e+00 7.272387507621759895e+00 7.272387507621759895e+00 2.589701240631324097e+01 4.279713375457068025e+01 6.665329218106995768e+01 7.207956104252400564e+01 4.600886142858951899e+01 4.211478746603789602e+01 6.233128554941967536e+01 7.568175582990397743e+01 7.260804755372654995e+01 3.952803826269993692e+01 1.689571612883820606e+01 7.272387507621759895e+00 7.272387507621759895e+00 7.272387507621759895e+00 7.272387507621759895e+00 7.272387507621759895e+00 7.272387507621759895e+00
7.272387507621759895e+00 7.272387507621759895e+00 7.272387507621759895e+00 7.272387507621759895e+00 7.272387507621759895e+00 7.272387507621759895e+00 7.272387507621759895e+00 2.589701240631324097e+01 4.279713375457068025e+01 7.811796982167351189e+01 9.825857338820300413e+01 8.053223593964334270e+01 7.646433470507544428e+01 7.568175582990397743e+01 8.105281207133060661e+01 5.800769554549709994e+01 2.550558854943460929e+01 1.558833987880281136e+01 7.272387507621759895e+00 7.272387507621759895e+00 7.272387507621759895e+00 7.272387507621759895e+00 7.272387507621759895e+00 7.272387507621759895e+00
7.272387507621759895e+00 7.272387507621759895e+00 7.272387507621759895e+00 7.272387507621759895e+00 7.272387507621759895e+00 7.272387507621759895e+00 7.272387507621759895e+00 2.508364624937355458e+01 4.279713375457068025e+01 6.835711019661637522e+01 8.828806584362139631e+01 8.828806584362139631e+01 9.709979423868311699e+01 7.967921810699586160e+01 6.793870897198861769e+01 2.988761845310313703e+01 1.900297187047310388e+01 7.272387507621759895e+00 7.272387507621759895e+00 7.272387507621759895e+00 7.272387507621759895e+00 7.272387507621759895e+00 7.272387507621759895e+00 7.272387507621759895e+00
7.272387507621759895e+00 7.272387507621759895e+00 7.272387507621759895e+00 7.272387507621759895e+00 7.272387507621759895e+00 7.272387507621759895e+00 7.272387507621759895e+00 1.813078976607360460e+01 3.665876307273937584e+01 6.409077355395213260e+01 8.529732510288064873e+01 8.893209876543210157e+01 7.892524005486967553e+01 6.238836066580675777e+01 3.656564039631729912e+01 2.074184273730458727e+01 7.272387507621759895e+00 7.272387507621759895e+00 7.272387507621759895e+00 7.272387507621759895e+00 7.272387507621759895e+00 7.272387507621759895e+00 7.272387507621759895e+00 7.272387507621759895e+00
7.272387507621759895e+00 7.272387507621759895e+00 7.272387507621759895e+00 7.272387507621759895e+00 7.272387507621759895e+00 7.272387507621759895e+00 7.272387507621759895e+00 7.272387507621759895e+00 2.495869261618254598e+01 3.280965575224574593e+01 4.319275956907385705e+01 4.824027868754518522e+01 4.484703861573557759e+01 2.913746614513075173e+01 2.074184273730458727e+01 7.272387507621759895e+00 7.272387507621759895e+00 7.272387507621759895e+00 7.272387507621759895e+00 7.272387507621759895e+00 7.272387507621759895e+00 7.272387507621759895e+00 7.272387507621759895e+00 7.272387507621759895e+00
