7.521901862654926774e+00 7.521901862654926774e+00 7.521901862654926774e+00 7.521901862654926774e+00 7.521901862654926774e+00 7.521901862654926774e+00 7.521901862654926774e+00 7.521901862654926774e+00 7.521901862654926774e+00 7.521901862654926774e+00 7.521901862654926774e+00 7.521901862654926774e+00 7.521901862654926774e+00 7.521901862654926774e+00 7.521901862654926774e+00 7.521901862654926774e+00 7.521901862654926774e+00 7.521901862654926774e+00 7.521901862654926774e+00 7.521901862654926774e+00 7.521901862654926774e+00 7.521901862654926774e+00 7.521901862654926774e+00 7.521901862654926774e+00
7.521901862654926774e+00 7.521901862654926774e+00 7.521901862654926774e+00 7.521901862654926774e+00 7.521901862654926774e+00 7.521901862654926774e+00 7.521901862654926774e+00 7.521901862654926774e+00 7.521901862654926774e+00 7.521901862654926774e+00 7.521901862654926774e+00 7.521901862654926774e+00 7.521901862654926774e+00 7.521901862654926774e+00 7.521901862654926774e+00 7.521901862654926774e+00 7.521901862654926774e+00 7.521901862654926774e+00 7.521901862654926774e+00 7.521901862654926774e+00 7.521901862654926774e+00 7.521901862654926774e+00 7.521901862654926774e+00 7.521901862654926774e+00
7.521901862654926774e+00 7.521901862654926774e+00 7.521901862654926774e+00 7.521901862654926774e+00 7.521901862654926774e+00 7.521901862654926774e+00 7.521901862654926774e+00 7.521901862654926774e+00 7.521901862654926774e+00 1.614778218717540170e+01 1.792711333768746940e+01 1.740032538998947231e+01 1.740032538998947231e+01 1.991153019911502042e+01 1.479388960229960048e+01 7.521901862654926774e+00 7.521901862654926774e+00 7.521901862654926774e+00 7.521901862654926774e+00 7.521901862654926774e+00 7.521901862654926774e+00 7.521901862654926774e+00 7.521901862654926774e+00 7.521901862654926774e+00
7.521901862654926774e+00 7.521901862654926774e+00 7.521901862654926774e+00 7.521901862654926774e+00 7.521901862654926774e+00 7.521901862654926774e+00 7.521901862654926774e+00 1.479388960229960048e+01 2.006180010358652055e+01 3.217050932490882076e+01 4.575568184967858087e+01 5.455794223194553183e+01 5.049285671138047604e+01 3.795647426314754114e+01 2.984601697779368124e+01 1.991153019911502042e+01 7.521901862654926774e+00 7.521901862654926774e+00 7.521901862654926774e+00 7.521901862654926774e+00 7.521901862654926774e+00 7.521901862654926774e+00 7.521901862654926774e+00 7.521901862654926774e+00
7.521901862654926774e+00 7.521901862654926774e+00 7.521901862654926774e+00 7.521901862654926774e+00 7.521901862654926774e+00 7.521901862654926774e+00 1.614778218717540170e+01 2.239224998878860262e+01 4.118318629195199776e+01 7.145697302240510851e+01 8.740123456790122702e+01 9.014334705075445697e+01 9.014334705075445697e+01 8.558527663465935120e+01 6.751035665294925536e+01 3.500271936646566928e+01 2.055871614859250940e+01 7.521901862654926774e+00 7.521901862654926774e+00 7.521901862654926774e+00 7.521901862654926774e+00 7.521901862654926774e+00 7.521901862654926774e+00 7.521901862654926774e+00
7.521901862654926774e+00 7.521901862654926774e+00 7.521901862654926774e+00 7.521901862654926774e+00 7.521901862654926774e+00 7.521901862654926774e+00 2.306884344127142228e+01 4.791328465265365111e+01 7.813740283493369532e+01 1.061073388203017771e+02 1.050370370370370239e+02 1.062569730224051057e+02 1.202602880658436248e+02 1.069451303155006769e+02 9.014334705075445697e+01 6.917964106081390696e+01 3.500271936646566928e+01 1.991153019911502042e+01 7.521901862654926774e+00 7.521901862654926774e+00 7.521901862654926774e+00 7.521901862654926774e+00 7.521901862654926774e+00 7.521901862654926774e+00
7.521901862654926774e+00 7.521901862654926774e+00 7.521901862654926774e+00 7.521901862654926774e+00 7.521901862654926774e+00 2.306884344127142228e+01 4.791328465265365111e+01 8.283928170594836615e+01 9.747187928669410439e+01 1.057270233196159097e+02 9.635035978148388836e+01 8.507441700960218611e+01 8.657878492527615322e+01 1.094732269631554828e+02 1.184423868312756980e+02 9.547010227901715496e+01 6.917964106081390696e+01 3.500271936646566928e+01 1.991153019911502042e+01 7.521901862654926774e+00 7.521901862654926774e+00 7.521901862654926774e+00 7.521901862654926774e+00 7.521901862654926774e+00
7.521901862654926774e+00 7.521901862654926774e+00 7.521901862654926774e+00 7.521901862654926774e+00 2.006180010358652055e+01 3.729856605171369210e+01 8.283928170594836615e+01 9.747187928669410439e+01 9.845816186556926652e+01 7.715336076817557398e+01 5.957075099138247509e+01 4.344217311783066293e+01 5.503448850220359390e+01 8.494236878203739138e+01 1.268730452674896867e+02 1.208830589849108321e+02 9.547010227901715496e+01 5.921086716012349882e+01 3.500271936646566928e+01 1.702402125727182991e+01 7.521901862654926774e+00 7.521901862654926774e+00 7.521901862654926774e+00 7.521901862654926774e+00
7.521901862654926774e+00 7.521901862654926774e+00 7.521901862654926774e+00 1.614778218717540170e+01 3.729856605171369210e+01 6.420168872741967903e+01 9.673113854595335681e+01 9.845816186556926652e+01 7.314163237311385046e+01 4.412240034395920674e+01 2.479811198170047248e+01 1.646016765763812728e+01 3.013262334451779623e+01 6.357235939643346256e+01 1.231501516136018921e+02 1.409034168467393044e+02 1.166865764256341294e+02 8.935390946502056408e+01 3.702206564074354844e+01 2.025609597663923367e+01 7.521901862654926774e+00 7.521901862654926774e+00 7.521901862654926774e+00 7.521901862654926774e+00
7.521901862654926774e+00 7.521901862654926774e+00 7.521901862654926774e+00 2.195978801554038640e+01 5.371229833853062274e+01 9.568818135874664677e+01 1.050370370370370239e+02 8.337098404447331745e+01 4.038051622762190362e+01 2.180783867269020604e+01 7.521901862654926774e+00 7.521901862654926774e+00 2.675792284018783462e+01 6.841426611796981661e+01 1.231501516136018921e+02 1.432929137850847781e+02 1.256606965036984462e+02 9.965884179099406026e+01 5.207372847207732747e+01 2.025609597663923367e+01 7.521901862654926774e+00 7.521901862654926774e+00 7.521901862654926774e+00 7.521901862654926774e+00
7.521901862654926774e+00 7.521901862654926774e+00 1.614778218717540170e+01 3.084753323647726830e+01 7.915980795610424536e+01 1.143381503140567474e+02 1.038280629557432491e+02 6.909033901626494867e+01 2.725820128283206145e+01 7.521901862654926774e+00 7.521901862654926774e+00 7.521901862654926774e+00 2.951214195884865887e+01 6.841426611796981661e+01 1.231501516136018921e+02 1.432929137850847781e+02 1.256606965036984462e+02 8.251097393689984472e+01 3.875960295377432629e+01 1.896738378420628024e+01 7.521901862654926774e+00 7.521901862654926774e+00 7.521901862654926774e+00 7.521901862654926774e+00
7.521901862654926774e+00 7.521901862654926774e+00 2.195978801554038640e+01 4.628366929639179972e+01 9.917163622361802311e+01 1.050370370370370239e+02 9.558436213991768682e+01 4.916966488401205027e+01 2.180783867269020604e+01 7.521901862654926774e+00 7.521901862654926774e+00 1.614778218717540170e+01 4.223927677707953166e+01 7.915980795610424536e+01 1.231501516136018921e+02 1.420637794071579947e+02 1.155931537617678799e+02 6.909033901626494867e+01 2.654057542364508393e+01 7.521901862654926774e+00 7.521901862654926774e+00 7.521901862654926774e+00 7.521901862654926774e+00 7.521901862654926774e+00
7.521901862654926774e+00 7.521901862654926774e+00 2.195978801554038640e+01 6.069929123156392592e+01 1.065059442158207474e+02 1.234248839295135554e+02 8.337098404447331745e+01 3.919790253004099867e+01 1.479388960229960048e+01 1.792711333768746940e+01 2.410737922475872352e+01 3.160245867709799583e+01 6.043730320682460899e+01 9.726067486521836258e+01 1.310552734837380342e+02 1.339280871307836662e+02 1.155931537617678799e+02 6.909033901626494867e+01 2.725820128283206145e+01 7.521901862654926774e+00 7.521901862654926774e+00 7.521901862654926774e+00 7.521901862654926774e+00 7.521901862654926774e+00
7.521901862654926774e+00 7.521901862654926774e+00 2.618694552731947667e+01 6.357235939643346256e+01 1.094732269631554828e+02 1.208830589849108321e+02 9.547010227901715496e+01 5.921086716012349882e+01 3.764793824895061647e+01 4.575568184967858087e+01 5.649788710767151656e+01 7.145697302240510851e+01 9.247942386831275030e+01 1.163403371320037962e+02 1.374118583495776136e+02 1.321967082554697583e+02 1.086232015822885728e+02 6.469245541838134272e+01 2.725820128283206145e+01 7.521901862654926774e+00 7.521901862654926774e+00 7.521901862654926774e+00 7.521901862654926774e+00 7.521901862654926774e+00
7.521901862654926774e+00 7.521901862654926774e+00 2.071284966310285824e+01 4.079736116485732822e+01 8.494236878203739138e+01 1.110184824200418632e+02 1.069451303155006769e+02 9.014334705075445697e+01 7.267112482853222843e+01 7.267112482853222843e+01 9.247942386831275030e+01 9.747187928669410439e+01 1.050370370370370239e+02 1.062569730224051057e+02 1.265055014078405833e+02 1.268219478737997292e+02 1.086232015822885728e+02 6.469245541838134272e+01 2.725820128283206145e+01 7.521901862654926774e+00 7.521901862654926774e+00 7.521901862654926774e+00 7.521901862654926774e+00 7.521901862654926774e+00
7.521901862654926774e+00 7.521901862654926774e+00 1.443978679833163703e+01 3.013262334451779623e+01 5.503448850220359390e+01 8.494236878203739138e+01 8.852949245541837797e+01 1.062569730224051057e+02 8.753086419753086034e+01 9.747187928669410439e+01 9.635035978148388836e+01 8.117438761512835299e+01 7.078978052126200282e+01 8.229629629629629051e+01 8.494236878203739138e+01 1.184423868312756980e+02 1.086232015822885728e+02 6.469245541838134272e+01 2.725820128283206145e+01 7.521901862654926774e+00 7.521901862654926774e+00 7.521901862654926774e+00 7.521901862654926774e+00 7.521901862654926774e+00
7.521901862654926774e+00 7.521901862654926774e+00 7.521901862654926774e+00 2.071284966310285824e+01 2.565441070863772666e+01 4.079736116485732822e+01 6.147409454783693405e+01 8.117438761512835299e+01 7.078978052126200282e+01 7.078978052126200282e+01 6.231535170105455990e+01 4.841768459640113065e+01 3.743070290556031665e+01 3.629249468012825730e+01 8.069958847736624818e+01 1.143381503140567474e+02 1.086232015822885728e+02 6.469245541838134272e+01 2.725820128283206145e+01 7.521901862654926774e+00 7.521901862654926774e+00 7.521901862654926774e+00 7.521901862654926774e+00 7.521901862654926774e+00
7.521901862654926774e+00 7.521901862654926774e+00 7.521901862654926774e+00 7.521901862654926774e+00 1.443978679833163703e+01 2.160425577365562333e+01 3.282688792573187442e+01 3.788300505453227629e+01 3.788300505453227629e+01 3.282688792573187442e+01 2.333472955741725485e+01 1.977667351396477713e+01 2.137041677085029079e+01 2.675792284018783462e+01 6.841426611796981661e+01 1.143381503140567474e+02 1.086232015822885728e+02 6.469245541838134272e+01 2.725820128283206145e+01 7.521901862654926774e+00 7.521901862654926774e+00 7.521901862654926774e+00 7.521901862654926774e+00 7.521901862654926774e+00
7.521901862654926774e+00 7.521901862654926774e+00 7.521901862654926774e+00 7.521901862654926774e+00 7.521901862654926774e+00 7.521901862654926774e+00 1.443978679833163703e+01 1.443978679833163703e+01 1.646016765763812728e+01 7.521901862654926774e+00 7.521901862654926774e+00 7.521901862654926774e+00 7.521901862654926774e+00 2.675792284018783462e+01 6.841426611796981661e+01 1.143381503140567474e+02 1.086232015822885728e+02 6.469245541838134272e+01 2.725820128283206145e+01 7.521901862654926774e+00 7.521901862654926774e+00 7.521901862654926774e+00 7.521901862654926774e+00 7.521901862654926774e+00
7.521901862654926774e+00 7.521901862654926774e+00 7.521901862654926774e+00 7.521901862654926774e+00 7.521901862654926774e+00 7.521901862654926774e+00 7.521901862654926774e+00 7.521901862654926774e+00 7.521901862654926774e+00 7.521901862654926774e+00 7.521901862654926774e+00 7.521901862654926774e+00 7.521901862654926774e+00 2.675792284018783462e+01 6.841426611796981661e+01 1.143381503140567474e+02 1.038280629557432491e+02 6.469245541838134272e+01 2.725820128283206145e+01 7.521901862654926774e+00 7.521901862654926774e+00 7.521901862654926774e+00 7.521901862654926774e+00 7.521901862654926774e+00
7.521901862654926774e+00 7.521901862654926774e+00 7.521901862654926774e+00 7.521901862654926774e+00 7.521901862654926774e+00 7.521901862654926774e+00 7.521901862654926774e+00 7.521901862654926774e+00 7.521901862654926774e+00 7.521901862654926774e+00 7.521901862654926774e+00 7.521901862654926774e+00 7.521901862654926774e+00 2.675792284018783462e+01 6.841426611796981661e+01 1.143381503140567474e+02 1.086232015822885728e+02 6.469245541838134272e+01 2.725820128283206145e+01 7.521901862654926774e+00 7.521901862654926774e+00 7.521901862654926774e+00 7.521901862654926774e+00 7.521901862654926774e+00
7.521901862654926774e+00 7.521901862654926774e+00 7.521901862654926774e+00 7.521901862654926774e+00 7.521901862654926774e+00 7.521901862654926774e+00 7.521901862654926774e+00 7.521901862654926774e+00 7.521901862654926774e+00 7.521901862654926774e+00 7.521901862654926774e+00 7.521901862654926774e+00 7.521901862654926774e+00 2.675792284018783462e+01 6.841426611796981661e+01 1.143381503140567474e+02 1.038280629557432491e+02 5.207372847207732747e+01 2.725820128283206145e+01 7.521901862654926774e+00 7.521901862654926774e+00 7.521901862654926774e+00 7.521901862654926774e+00 7.521901862654926774e+00
7.521901862654926774e+00 7.521901862654926774e+00 7.521901862654926774e+00 7.521901862654926774e+00 7.521901862654926774e+00 7.521901862654926774e+00 7.521901862654926774e+00 7.521901862654926774e+00 7.521901862654926774e+00 7.521901862654926774e+00 7.521901862654926774e+00 7.521901862654926774e+00 7.521901862654926774e+00 2.618694552731947667e+01 6.357235939643346256e+01 9.747187928669410439e+01 8.622098765432097878e+01 5.207372847207732747e+01 2.025609597663923367e+01 7.521901862654926774e+00 7.521901862654926774e+00 7.521901862654926774e+00 7.521901862654926774e+00 7.521901862654926774e+00
7.521901862654926774e+00 7.521901862654926774e+00 7.521901862654926774e+00 7.521901862654926774e+00 7.521901862654926774e+00 7.521901862654926774e+00 7.521901862654926774e+00 7.521901862654926774e+00 7.521901862654926774e+00 7.521901862654926774e+00 7.521901862654926774e+00 7.521901862654926774e+00 7.521901862654926774e+00 1.814288877470562866e+01 4.041956213806607678e+01 8.117438761512835299e+01 7.314163237311385046e+01 4.608124808058472155e+01 2.180783867269020604e+01 7.521901862654926774e+00 7.521901862654926774e+00 7.521901862654926774e+00 7.521901862654926774e+00 7.521901862654926774e+00
