2.253123796055239048e+00 2.253123796055239048e+00 2.253123796055239048e+00 2.253123796055239048e+00 6.250000000000000000e-01 6.250000000000000000e-01 6.250000000000000000e-01 3.333333333333333148e-01 3.333333333333333148e-01 8.563271604938270665e-01 3.333333333333333148e-01 6.250000000000000000e-01 3.333333333333333148e-01 6.250000000000000000e-01 6.250000000000000000e-01 7.731481481481482509e-01 3.333333333333333148e-01 3.333333333333333148e-01 7.708994708994707512e-01 6.250000000000000000e-01 3.333333333333333148e-01 7.731481481481482509e-01 3.333333333333333148e-01 3.333333333333333148e-01
2.253123796055239048e+00 2.253123796055239048e+00 2.253123796055239048e+00 2.253123796055239048e+00 2.253123796055239048e+00 6.250000000000000000e-01 6.250000000000000000e-01 3.333333333333333148e-01 6.250000000000000000e-01 6.250000000000000000e-01 3.333333333333333148e-01 7.731481481481482509e-01 6.250000000000000000e-01 3.333333333333333148e-01 3.333333333333333148e-01 1.215740740740740788e+00 3.333333333333333148e-01 9.765432098765431945e-01 8.563271604938270665e-01 7.708994708994707512e-01 3.333333333333333148e-01 3.333333333333333148e-01 1.135555555555555429e+00 1.135555555555555429e+00
2.253123796055239048e+00 2.253123796055239048e+00 2.253123796055239048e+00 2.253123796055239048e+00 6.250000000000000000e-01 6.250000000000000000e-01 6.250000000000000000e-01 6.250000000000000000e-01 3.333333333333333148e-01 3.333333333333333148e-01 8.563271604938270665e-01 7.708994708994707512e-01 7.708994708994707512e-01 3.333333333333333148e-01 3.333333333333333148e-01 8.563271604938270665e-01 8.541152263374484077e-01 6.250000000000000000e-01 6.250000000000000000e-01 3.333333333333333148e-01 3.333333333333333148e-01 9.716358024691358342e-01 1.605485903814261706e+00 2.073214285714285676e+00
2.253123796055239048e+00 2.253123796055239048e+00 2.253123796055239048e+00 2.253123796055239048e+00 6.250000000000000000e-01 6.250000000000000000e-01 6.250000000000000000e-01 6.250000000000000000e-01 3.333333333333333148e-01 1.135444444444444256e+00 1.532795548073325964e+00 6.250000000000000000e-01 7.708994708994707512e-01 3.333333333333333148e-01 3.333333333333333148e-01 6.250000000000000000e-01 3.333333333333333148e-01 1.044814814814814863e+00 7.708994708994707512e-01 3.333333333333333148e-01 3.333333333333333148e-01 3.333333333333333148e-01 6.250000000000000000e-01 6.250000000000000000e-01
2.253123796055239048e+00 2.253123796055239048e+00 2.253123796055239048e+00 2.253123796055239048e+00 6.250000000000000000e-01 6.250000000000000000e-01 6.250000000000000000e-01 7.731481481481482509e-01 3.333333333333333148e-01 6.250000000000000000e-01 1.136666666666666492e+00 1.322962962962962896e+00 7.956635802469135932e+00 7.731481481481482509e-01 7.731481481481482509e-01 1.044814814814814863e+00 1.268386243386243173e+00 2.073214285714285676e+00 7.708994708994707512e-01 8.563271604938270665e-01 7.708994708994707512e-01 3.333333333333333148e-01 1.044814814814814863e+00 1.611594615487878634e+00
2.253123796055239048e+00 2.253123796055239048e+00 2.253123796055239048e+00 6.250000000000000000e-01 6.250000000000000000e-01 6.250000000000000000e-01 3.333333333333333148e-01 3.333333333333333148e-01 7.708994708994707512e-01 6.250000000000000000e-01 3.333333333333333148e-01 1.044814814814814863e+00 4.164526455026454954e+01 8.560925925925926094e+01 6.754765079365077440e+01 1.481944444444444287e+00 1.215740740740740788e+00 7.731481481481482509e-01 1.572222222222221966e+00 8.911111111111111871e-01 7.731481481481482509e-01 1.044814814814814863e+00 6.754765079365077440e+01 4.201157407407406907e+01
7.708994708994707512e-01 6.250000000000000000e-01 6.250000000000000000e-01 6.250000000000000000e-01 3.333333333333333148e-01 3.333333333333333148e-01 8.563271604938270665e-01 8.911111111111111871e-01 1.345238095238095344e+00 7.731481481481482509e-01 7.291203703703703631e+00 4.164526455026454954e+01 1.115893518518518306e+02 1.429072222222222024e+02 1.662766666666666424e+02 1.128432539682539471e+02 6.596055555555555827e+01 1.481944444444444287e+00 6.754765079365077440e+01 8.359050925925924957e+01 6.754765079365077440e+01 1.629111507936507905e+02 1.147091666666666754e+02 1.817388888888889298e+01
8.563271604938270665e-01 6.250000000000000000e-01 6.250000000000000000e-01 6.250000000000000000e-01 7.731481481481482509e-01 3.333333333333333148e-01 3.333333333333333148e-01 9.925925925925925819e-01 2.073214285714285676e+00 1.345238095238095344e+00 8.451166666666665606e+01 1.021799999999999784e+02 1.564193903318903267e+02 1.576416057504873436e+02 1.632150617283950851e+02 1.668837962962962820e+02 1.671279344193817735e+02 1.643207192075796570e+02 1.342298518518518335e+02 1.169873015873015731e+02 1.608930555555555202e+02 1.218066666666666578e+02 9.026851851851851904e+01 3.465548148148148044e+01
1.028435636922344409e+00 8.563271604938270665e-01 7.708994708994707512e-01 6.250000000000000000e-01 3.333333333333333148e-01 3.333333333333333148e-01 1.271139971139971125e+00 1.378002244668911080e+00 1.044814814814814863e+00 5.667936507936506274e+01 1.669702380952380736e+02 1.646702513227513123e+02 1.247548611111110972e+02 7.101844877344876750e+01 8.378055555555555145e+01 1.284211640211640031e+02 1.664344444444444093e+02 1.664344444444444093e+02 8.837572751322751685e+01 8.352777777777777146e+01 4.318444444444444485e+01 4.313308080808081257e+01 1.722222222222222099e+00 2.073214285714285676e+00
3.333333333333333148e-01 9.765432098765431945e-01 7.708994708994707512e-01 3.333333333333333148e-01 3.333333333333333148e-01 9.716358024691358342e-01 1.422593375616631350e+00 4.164526455026454954e+01 5.667936507936506274e+01 1.661180555555555429e+02 1.667331851851851923e+02 1.452531216931216704e+02 5.785617283950617207e+01 2.073214285714285676e+00 2.116666666666666696e+00 8.378055555555555145e+01 8.378055555555555145e+01 4.313308080808081257e+01 4.313308080808081257e+01 2.422981859410430872e+00 2.679401195791835111e+00 1.638844696969696813e+00 1.164722222222222214e+00 1.520238095238095166e+00
1.291444444444444395e+00 7.708994708994707512e-01 6.250000000000000000e-01 7.731481481481482509e-01 3.333333333333333148e-01 3.333333333333333148e-01 3.381444444444444031e+01 1.115893518518518306e+02 1.671180555555555429e+02 1.668390073212747495e+02 1.664344444444444093e+02 1.247548611111110972e+02 3.465548148148148044e+01 2.396825396825396304e+00 2.073214285714285676e+00 1.586337448559670849e+00 2.448656599417915025e+00 1.968888888888888689e+00 8.541152263374484077e-01 1.164722222222222214e+00 1.075228475228474867e+00 8.541152263374484077e-01 1.322962962962962896e+00 1.572222222222221966e+00
6.250000000000000000e-01 1.217283950617283894e+00 3.333333333333333148e-01 3.333333333333333148e-01 7.708994708994707512e-01 3.333333333333333148e-01 8.853777777777776237e+01 1.668837962962962820e+02 1.664332175925925696e+02 1.667187500000000000e+02 1.658491650793650649e+02 9.877993109388458493e+01 3.892708333333333659e+00 2.173413304463287066e+00 6.250000000000000000e-01 1.136666666666666492e+00 1.464074074074074305e+00 1.769182046688608123e+00 1.223333333333333162e+00 1.447685185185185075e+00 6.250000000000000000e-01 1.044814814814814863e+00 1.030555555555555447e+00 2.679401195791835111e+00
3.333333333333333148e-01 8.563271604938270665e-01 3.333333333333333148e-01 9.765432098765431945e-01 8.563271604938270665e-01 9.716358024691358342e-01 5.044444444444444287e+01 1.681461111111111109e+02 1.664344444444444093e+02 1.608632905982905754e+02 1.661274074074073610e+02 6.596055555555555827e+01 4.201157407407406907e+01 1.215740740740740788e+00 1.030555555555555447e+00 7.708994708994707512e-01 1.044814814814814863e+00 1.223333333333333162e+00 1.075228475228474867e+00 9.765432098765431945e-01 3.333333333333333148e-01 8.563271604938270665e-01 8.541152263374484077e-01 1.722222222222222099e+00
8.541152263374484077e-01 6.250000000000000000e-01 3.333333333333333148e-01 7.731481481481482509e-01 3.333333333333333148e-01 8.911111111111111871e-01 3.486229629629629301e+01 1.297716049382715937e+02 1.284211640211640031e+02 1.632150617283950851e+02 1.668837962962962820e+02 1.447546296296295907e+02 6.596055555555555827e+01 2.136888888888888616e+01 1.164722222222222214e+00 3.333333333333333148e-01 3.333333333333333148e-01 1.481944444444444287e+00 6.250000000000000000e-01 3.333333333333333148e-01 8.563271604938270665e-01 8.541152263374484077e-01 6.250000000000000000e-01 9.717592592592591005e-01
7.731481481481482509e-01 3.333333333333333148e-01 3.333333333333333148e-01 1.028435636922344409e+00 3.333333333333333148e-01 8.911111111111111871e-01 2.116666666666666696e+00 9.949603174603172562e+00 8.378055555555555145e+01 8.378055555555555145e+01 1.681461111111111109e+02 1.633800925925925753e+02 1.155824074074074019e+02 6.596055555555555827e+01 1.611594615487878634e+00 1.310185185185185119e+00 1.327738755600930132e+00 1.215740740740740788e+00 7.731481481481482509e-01 8.563271604938270665e-01 1.720090439276485750e+00 7.708994708994707512e-01 7.708994708994707512e-01 3.333333333333333148e-01
1.135555555555555429e+00 9.717592592592591005e-01 6.250000000000000000e-01 1.164722222222222214e+00 3.333333333333333148e-01 6.250000000000000000e-01 6.250000000000000000e-01 6.250000000000000000e-01 1.075228475228474867e+00 4.209444444444444144e+01 8.378055555555555145e+01 1.671279344193817735e+02 1.662766666666666424e+02 1.155824074074074019e+02 1.215740740740740788e+00 2.073214285714285676e+00 8.541152263374484077e-01 6.250000000000000000e-01 1.268386243386243173e+00 1.603925925925925755e+00 1.322962962962962896e+00 9.765432098765431945e-01 6.250000000000000000e-01 3.333333333333333148e-01
1.252592592592592480e+00 1.215740740740740788e+00 8.911111111111111871e-01 8.563271604938270665e-01 7.731481481481482509e-01 7.956635802469135932e+00 7.731481481481482509e-01 1.044814814814814863e+00 6.250000000000000000e-01 6.640476190476188201e+00 9.716358024691358342e-01 1.313141931216931084e+02 1.645663148148148025e+02 1.336697530864197461e+02 1.215740740740740788e+00 1.150666666666666504e+00 1.136666666666666492e+00 8.563271604938270665e-01 1.722222222222222099e+00 1.393518518518518601e+00 1.217283950617283894e+00 6.250000000000000000e-01 6.250000000000000000e-01 6.250000000000000000e-01
1.911620370370370470e+00 1.164722222222222214e+00 1.345238095238095344e+00 8.563271604938270665e-01 3.381444444444444031e+01 6.754765079365077440e+01 4.201157407407406907e+01 1.168666666666666520e+00 7.708994708994707512e-01 1.215740740740740788e+00 9.716358024691358342e-01 8.459517396184061511e+01 1.671279344193817735e+02 1.497144841269841038e+02 1.215740740740740788e+00 1.030555555555555447e+00 9.717592592592591005e-01 3.333333333333333148e-01 1.652666666666666728e+00 1.030555555555555447e+00 7.708994708994707512e-01 3.333333333333333148e-01 3.333333333333333148e-01 6.250000000000000000e-01
8.911111111111111871e-01 1.215740740740740788e+00 1.322962962962962896e+00 8.563271604938270665e-01 2.707230985196528650e+01 1.147091666666666754e+02 4.373833333333332263e+01 1.223333333333333162e+00 6.250000000000000000e-01 3.333333333333333148e-01 8.911111111111111871e-01 9.544880952380951555e+01 1.675049999999999670e+02 1.452531216931216704e+02 1.817388888888889298e+01 1.438000000000000078e+01 1.136666666666666492e+00 1.476166666666666627e+00 1.532795548073325964e+00 1.252592592592592480e+00 7.708994708994707512e-01 3.333333333333333148e-01 6.250000000000000000e-01 2.253123796055239048e+00
8.563271604938270665e-01 1.447685185185185075e+00 1.319259259259259132e+00 1.327738755600930132e+00 6.283472222222221859e+01 1.196152777777777771e+02 7.082574074074074133e+01 1.447685185185185075e+00 1.310185185185185119e+00 1.271139971139971125e+00 3.427042492829529152e+01 6.283472222222221859e+01 1.375143518518518420e+02 8.837572751322751685e+01 1.215740740740740788e+00 1.030555555555555447e+00 9.717592592592591005e-01 1.422593375616631350e+00 1.447685185185185075e+00 1.322962962962962896e+00 8.541152263374484077e-01 3.333333333333333148e-01 6.250000000000000000e-01 2.253123796055239048e+00
3.333333333333333148e-01 3.333333333333333148e-01 6.250000000000000000e-01 1.075228475228474867e+00 2.071984126984126817e+00 3.779953703703703383e+01 9.949603174603172562e+00 1.722222222222222099e+00 7.708994708994707512e-01 1.586337448559670849e+00 9.427127572016461343e+00 9.949603174603172562e+00 9.949603174603172562e+00 4.019722222222221575e+01 1.215740740740740788e+00 6.250000000000000000e-01 8.541152263374484077e-01 1.044814814814814863e+00 1.215740740740740788e+00 1.322962962962962896e+00 1.136666666666666492e+00 3.333333333333333148e-01 8.563271604938270665e-01 6.250000000000000000e-01
3.333333333333333148e-01 3.333333333333333148e-01 7.731481481481482509e-01 6.250000000000000000e-01 6.250000000000000000e-01 6.250000000000000000e-01 6.250000000000000000e-01 6.250000000000000000e-01 6.250000000000000000e-01 8.563271604938270665e-01 6.250000000000000000e-01 1.075228475228474867e+00 6.250000000000000000e-01 1.695444444444444088e+01 6.250000000000000000e-01 6.250000000000000000e-01 6.250000000000000000e-01 3.333333333333333148e-01 3.333333333333333148e-01 6.250000000000000000e-01 6.250000000000000000e-01 3.333333333333333148e-01 6.250000000000000000e-01 6.250000000000000000e-01
6.250000000000000000e-01 6.250000000000000000e-01 6.250000000000000000e-01 6.250000000000000000e-01 6.250000000000000000e-01 6.250000000000000000e-01 3.333333333333333148e-01 1.044814814814814863e+00 6.250000000000000000e-01 3.333333333333333148e-01 1.044814814814814863e+00 6.250000000000000000e-01 6.250000000000000000e-01 6.250000000000000000e-01 3.333333333333333148e-01 3.333333333333333148e-01 6.250000000000000000e-01 6.250000000000000000e-01 6.250000000000000000e-01 7.731481481481482509e-01 3.333333333333333148e-01 6.250000000000000000e-01 6.250000000000000000e-01 6.250000000000000000e-01
6.250000000000000000e-01 6.250000000000000000e-01 6.250000000000000000e-01 6.250000000000000000e-01 6.250000000000000000e-01 6.250000000000000000e-01 6.250000000000000000e-01 6.250000000000000000e-01 6.250000000000000000e-01 6.250000000000000000e-01 6.250000000000000000e-01 6.250000000000000000e-01 6.250000000000000000e-01 6.250000000000000000e-01 6.250000000000000000e-01 6.250000000000000000e-01 6.250000000000000000e-01 6.250000000000000000e-01 6.250000000000000000e-01 6.250000000000000000e-01 6.250000000000000000e-01 6.250000000000000000e-01 6.250000000000000000e-01 2.253123796055239048e+00
