2.305555555555555414e-01 2.305555555555555414e-01 2.305555555555555414e-01 2.305555555555555414e-01 2.305555555555555414e-01 2.233796296296295947e-01 2.305555555555555414e-01 6.161111111111110539e-01 9.637511022927689464e-01 1.422413055602820942e+00 7.944444444444445086e-01 6.250000000000000000e-01 8.879629629629629539e-01 7.908950617283950768e-01 1.447707231040564091e+00 1.077333333333333254e+00 9.222222222222222765e-01 8.541152263374484077e-01 1.404382716049382473e+00 1.194444444444444420e+00 8.541152263374484077e-01 9.027160493827161014e-01 4.976851851851851194e-01 2.233796296296295947e-01
2.305555555555555414e-01 2.305555555555555414e-01 2.305555555555555414e-01 2.305555555555555414e-01 2.233796296296295947e-01 2.305555555555555414e-01 4.146069538926681064e-01 8.563271604938270665e-01 1.588888888888889239e+00 1.495046296296296262e+00 1.447707231040564091e+00 6.161111111111110539e-01 9.175308641975309376e-01 2.305555555555555414e-01 6.161111111111110539e-01 8.547619047619047228e-01 1.011625514403292181e+00 1.185802469135802228e+00 1.058981481481481524e+00 1.257918871252204251e+00 1.447707231040564091e+00 8.879629629629629539e-01 6.161111111111110539e-01 2.233796296296295947e-01
2.305555555555555414e-01 2.305555555555555414e-01 2.305555555555555414e-01 2.305555555555555414e-01 2.233796296296295947e-01 2.305555555555555414e-01 2.233796296296295947e-01 9.282407407407405886e-01 6.250000000000000000e-01 1.136666666666666492e+00 6.161111111111110539e-01 2.233796296296295947e-01 4.976851851851851194e-01 4.146069538926681064e-01 8.911111111111111871e-01 8.635416666666667629e-01 1.722222222222222099e+00 1.587962962962962798e+00 1.722222222222222099e+00 1.722222222222222099e+00 1.547430376112546746e+00 2.233796296296295947e-01 2.233796296296295947e-01 4.976851851851851194e-01
2.305555555555555414e-01 2.305555555555555414e-01 2.305555555555555414e-01 2.305555555555555414e-01 2.233796296296295947e-01 4.146069538926681064e-01 1.243055555555555358e+00 1.031629629629629452e+00 8.563271604938270665e-01 9.175308641975309376e-01 7.731481481481482509e-01 8.563271604938270665e-01 6.043650793650794384e-01 6.161111111111110539e-01 7.731481481481482509e-01 6.161111111111110539e-01 2.151185185185185311e+00 1.194444444444444420e+00 1.030890180305467752e+00 8.541152263374484077e-01 1.831111111111110912e+00 1.075228475228474867e+00 8.635416666666667629e-01 2.233796296296295947e-01
2.233796296296295947e-01 2.305555555555555414e-01 2.233796296296295947e-01 2.305555555555555414e-01 2.305555555555555414e-01 4.146069538926681064e-01 1.194444444444444420e+00 7.999999999999999334e-01 8.046296296296295836e-01 8.563271604938270665e-01 6.161111111111110539e-01 6.161111111111110539e-01 3.544722222222222285e+01 7.532200176366842470e+01 6.754765079365077440e+01 3.897222222222222143e+01 2.131812169312168770e+00 1.215740740740740788e+00 1.322962962962962896e+00 1.447707231040564091e+00 9.282407407407405886e-01 8.563271604938270665e-01 4.976851851851851194e-01 2.233796296296295947e-01
2.233796296296295947e-01 6.043650793650794384e-01 2.233796296296295947e-01 2.233796296296295947e-01 2.233796296296295947e-01 4.146069538926681064e-01 1.333333333333333259e+00 1.413728967062300335e+00 6.043650793650794384e-01 6.161111111111110539e-01 3.544722222222222285e+01 8.496148148148147072e+01 9.304429012345678984e+01 1.670534722222221831e+02 1.668590277777777544e+02 1.128432539682539471e+02 9.739768518518519613e+01 1.215740740740740788e+00 1.239103835978835777e+00 1.367592592592592471e+00 7.866666666666666252e-01 6.043650793650794384e-01 2.233796296296295947e-01 2.305555555555555414e-01
2.233796296296295947e-01 9.531893004115224999e-01 6.161111111111110539e-01 1.057716049382716017e+00 6.043650793650794384e-01 4.146069538926681064e-01 8.911111111111111871e-01 1.447707231040564091e+00 1.447707231040564091e+00 8.451166666666665606e+01 1.213288888888888835e+02 1.312488888888888710e+02 1.669444444444444287e+02 1.670104166666666572e+02 1.651807407407407311e+02 1.673486111111110972e+02 1.672672222222222160e+02 1.598765624999999773e+02 2.240123456790123591e+00 1.283456790123456814e+00 6.161111111111110539e-01 4.976851851851851194e-01 2.233796296296295947e-01 2.305555555555555414e-01
1.206569664902998218e+00 1.243055555555555358e+00 9.222222222222222765e-01 8.541152263374484077e-01 4.976851851851851194e-01 8.911111111111111871e-01 1.447707231040564091e+00 7.966851851851849631e+01 1.021799999999999784e+02 8.890611111111113019e+01 9.282777777777778283e+01 1.547430376112546746e+00 1.547430376112546746e+00 8.378055555555555145e+01 1.543527777777777601e+02 1.673274074074074065e+02 1.673590277777777828e+02 1.456304150793650649e+02 8.269629629629630330e+00 1.307253086419753130e+00 1.064814814814814659e+00 6.161111111111110539e-01 2.233796296296295947e-01 2.233796296296295947e-01
1.404382716049382473e+00 8.635416666666667629e-01 8.547619047619047228e-01 1.447707231040564091e+00 6.161111111111110539e-01 1.447707231040564091e+00 7.167092592592591416e+01 9.512608024691355979e+01 6.163499999999999091e+01 2.364010614470736904e+00 1.135444444444444256e+00 1.075228475228474867e+00 1.470524691358024327e+00 3.759259259259259522e+00 1.162631944444444230e+02 1.675026851851851859e+02 1.667187500000000000e+02 1.247548611111110972e+02 2.364010614470736904e+00 1.367592592592592471e+00 9.282407407407405886e-01 2.233796296296295947e-01 2.233796296296295947e-01 2.233796296296295947e-01
1.044444444444444509e+00 1.322962962962962896e+00 1.229488536155202594e+00 6.161111111111110539e-01 1.447707231040564091e+00 7.167092592592591416e+01 9.512608024691355979e+01 9.282777777777778283e+01 2.364010614470736904e+00 8.474074074074072760e-01 8.563271604938270665e-01 1.283456790123456814e+00 1.283456790123456814e+00 1.447707231040564091e+00 1.453650950292397397e+02 1.669444444444444287e+02 1.669144444444444275e+02 1.319814814814814419e+01 1.396296296296296147e+00 1.761825396825396739e+00 9.282407407407405886e-01 7.999999999999999334e-01 8.563271604938270665e-01 2.233796296296295947e-01
4.976851851851851194e-01 8.911111111111111871e-01 1.058981481481481524e+00 1.447707231040564091e+00 5.003305555555555628e+01 9.512608024691355979e+01 9.700291666666666401e+01 1.060277777777777608e+01 3.374814814814815378e+01 1.094603174603174578e+00 6.161111111111110539e-01 1.447707231040564091e+00 5.922515873015872501e+01 1.324158024691357980e+02 1.669444444444444287e+02 1.670104166666666572e+02 1.002238888888888795e+02 2.364010614470736904e+00 1.749074074074074003e+00 1.164722222222222214e+00 7.944444444444445086e-01 4.976851851851851194e-01 4.976851851851851194e-01 2.233796296296295947e-01
2.233796296296295947e-01 8.911111111111111871e-01 1.057716049382716017e+00 6.095939153439153557e+01 1.463682222222222151e+02 1.424916666666666742e+02 1.352483333333333064e+02 3.625362893949850474e+01 3.188611111111110930e+01 1.447707231040564091e+00 3.430617283950616780e+01 7.167092592592591416e+01 1.338625000000000114e+02 1.669444444444444287e+02 1.681461111111111109e+02 1.666722222222221887e+02 8.357253086419751753e+01 1.547430376112546746e+00 1.598462962962962974e+00 1.322962962962962896e+00 1.229488536155202594e+00 4.976851851851851194e-01 4.976851851851851194e-01 4.976851851851851194e-01
9.635802469135802406e-01 1.044444444444444509e+00 1.458055555555555438e+00 5.592283950617283494e+01 1.651860284391534321e+02 1.666627314814814440e+02 1.128432539682539471e+02 9.919629629629628198e+01 8.451166666666665606e+01 1.213288888888888835e+02 1.347114748677248599e+02 9.265869923727066748e+01 9.282777777777778283e+01 6.985111111111110915e+01 1.525500000000000114e+02 1.196152777777777771e+02 2.364010614470736904e+00 1.164722222222222214e+00 1.194444444444444420e+00 1.322962962962962896e+00 7.999999999999999334e-01 4.146069538926681064e-01 2.305555555555555414e-01 2.233796296296295947e-01
1.057716049382716017e+00 1.547430376112546746e+00 1.322962962962962896e+00 1.824884259259259167e+01 1.669444444444444287e+02 1.670534722222221831e+02 1.673486111111110972e+02 1.673590277777777828e+02 1.673590277777777828e+02 1.450410121624407225e+02 9.700291666666666401e+01 1.547430376112546746e+00 1.370306273620558990e+01 3.759259259259259522e+00 1.453650950292397397e+02 1.667187500000000000e+02 1.215740740740740788e+00 7.800555555555554577e+00 9.531893004115224999e-01 1.028435636922344409e+00 1.057716049382716017e+00 2.233796296296295947e-01 8.541152263374484077e-01 2.233796296296295947e-01
6.161111111111110539e-01 1.470524691358024327e+00 1.322962962962962896e+00 4.976851851851851194e-01 8.378055555555555145e+01 1.669444444444444287e+02 1.669444444444444287e+02 1.669444444444444287e+02 1.664344444444444093e+02 2.364010614470736904e+00 1.830277777777777670e+00 1.483564814814814614e+00 1.682414141414141362e+00 5.592283950617283494e+01 1.635482969576719654e+02 1.247548611111110972e+02 1.243055555555555358e+00 7.944444444444445086e-01 1.215740740740740788e+00 1.547430376112546746e+00 1.077333333333333254e+00 1.345238095238095344e+00 4.976851851851851194e-01 4.976851851851851194e-01
4.976851851851851194e-01 1.458055555555555438e+00 1.077333333333333254e+00 9.531893004115224999e-01 1.396296296296296147e+00 1.547430376112546746e+00 4.313308080808081257e+01 4.289499999999999602e+01 1.547430376112546746e+00 1.879861111111110761e+00 1.215740740740740788e+00 1.447707231040564091e+00 8.563271604938270665e-01 5.592283950617283494e+01 1.654347222222222342e+02 1.247548611111110972e+02 1.243055555555555358e+00 7.999999999999999334e-01 6.161111111111110539e-01 1.547430376112546746e+00 1.647916666666666474e+00 1.447707231040564091e+00 2.305555555555555414e-01 2.233796296296295947e-01
7.908950617283950768e-01 8.541152263374484077e-01 6.250000000000000000e-01 6.250000000000000000e-01 4.976851851851851194e-01 1.396296296296296147e+00 1.682414141414141362e+00 1.275555555555555554e+00 1.294444444444444509e+00 8.635416666666667629e-01 1.740679012345678789e+00 1.404382716049382473e+00 4.976851851851851194e-01 5.592283950617283494e+01 1.667187500000000000e+02 1.518744047619047421e+02 1.258052910052909867e+00 1.215740740740740788e+00 1.058981481481481524e+00 1.598462962962962974e+00 1.647916666666666474e+00 7.999999999999999334e-01 2.233796296296295947e-01 2.233796296296295947e-01
8.046296296296295836e-01 4.976851851851851194e-01 2.305555555555555414e-01 4.976851851851851194e-01 9.637511022927689464e-01 8.563271604938270665e-01 9.282407407407405886e-01 7.866666666666666252e-01 4.976851851851851194e-01 6.250000000000000000e-01 8.474074074074072760e-01 1.058981481481481524e+00 2.873097217014539595e+01 1.673486111111110972e+02 1.662283835880490130e+02 1.598765624999999773e+02 1.215740740740740788e+00 1.243055555555555358e+00 9.531893004115224999e-01 1.136666666666666492e+00 1.322962962962962896e+00 1.229488536155202594e+00 2.233796296296295947e-01 2.305555555555555414e-01
1.206569664902998218e+00 6.161111111111110539e-01 2.233796296296295947e-01 2.233796296296295947e-01 6.161111111111110539e-01 1.215740740740740788e+00 1.239103835978835777e+00 7.999999999999999334e-01 8.474074074074072760e-01 9.637511022927689464e-01 8.563271604938270665e-01 6.161111111111110539e-01 1.447707231040564091e+00 1.673486111111110972e+02 1.674583333333333144e+02 9.877993109388458493e+01 2.364010614470736904e+00 1.215740740740740788e+00 1.502962962962962834e+00 1.215740740740740788e+00 8.541152263374484077e-01 6.043650793650794384e-01 2.233796296296295947e-01 2.305555555555555414e-01
1.470524691358024327e+00 2.233796296296295947e-01 2.233796296296295947e-01 1.215740740740740788e+00 1.194629629629629486e+00 1.258052910052909867e+00 1.467777777777777848e+00 1.028435636922344409e+00 1.422413055602820942e+00 9.531893004115224999e-01 9.027160493827161014e-01 1.057716049382716017e+00 8.438905723905723733e+01 1.673486111111110972e+02 1.667187500000000000e+02 1.247548611111110972e+02 1.242870370370370203e+01 1.030555555555555447e+00 1.367592592592592471e+00 1.164722222222222214e+00 6.250000000000000000e-01 2.233796296296295947e-01 2.305555555555555414e-01 2.233796296296295947e-01
4.976851851851851194e-01 6.250000000000000000e-01 1.447707231040564091e+00 4.976851851851851194e-01 1.227283950617283903e+00 1.227283950617283903e+00 1.011625514403292181e+00 1.367592592592592471e+00 1.396296296296296147e+00 8.635416666666667629e-01 1.028435636922344409e+00 1.247074074074074002e+00 4.976851851851851194e-01 1.669444444444444287e+02 1.666722222222221887e+02 2.364010614470736904e+00 2.080572782084409766e+00 1.797171075837742604e+00 1.185802469135802228e+00 7.944444444444445086e-01 4.976851851851851194e-01 2.233796296296295947e-01 2.233796296296295947e-01 2.233796296296295947e-01
4.976851851851851194e-01 2.305555555555555414e-01 2.305555555555555414e-01 2.305555555555555414e-01 4.976851851851851194e-01 2.305555555555555414e-01 8.474074074074072760e-01 8.563271604938270665e-01 1.306142108919886580e+00 1.396296296296296147e+00 8.879629629629629539e-01 1.345238095238095344e+00 4.976851851851851194e-01 5.592283950617283494e+01 1.666722222222221887e+02 4.334333333333332661e+01 2.167777777777777803e+00 2.122962962962962941e+00 1.075228475228474867e+00 2.233796296296295947e-01 4.976851851851851194e-01 2.233796296296295947e-01 2.233796296296295947e-01 2.305555555555555414e-01
2.233796296296295947e-01 2.305555555555555414e-01 2.233796296296295947e-01 2.305555555555555414e-01 2.233796296296295947e-01 2.233796296296295947e-01 4.976851851851851194e-01 2.233796296296295947e-01 1.215740740740740788e+00 1.239103835978835777e+00 1.647916666666666474e+00 1.215740740740740788e+00 1.725925925925925641e+00 5.592283950617283494e+01 1.196152777777777771e+02 4.351527777777777573e+01 2.240123456790123591e+00 1.243055555555555358e+00 1.030890180305467752e+00 6.161111111111110539e-01 4.146069538926681064e-01 2.305555555555555414e-01 8.563271604938270665e-01 2.233796296296295947e-01
2.233796296296295947e-01 2.305555555555555414e-01 2.233796296296295947e-01 2.233796296296295947e-01 2.233796296296295947e-01 2.233796296296295947e-01 2.305555555555555414e-01 4.976851851851851194e-01 1.243055555555555358e+00 1.322962962962962896e+00 9.027160493827161014e-01 9.027160493827161014e-01 7.908950617283950768e-01 5.148648148148147641e+01 1.196152777777777771e+02 2.963425925925925952e+01 1.725925925925925641e+00 1.181415343915344085e+00 2.233796296296295947e-01 6.043650793650794384e-01 2.233796296296295947e-01 7.944444444444445086e-01 4.976851851851851194e-01 2.233796296296295947e-01
