7.281002790564961025e+00 7.281002790564961025e+00 7.281002790564961025e+00 7.281002790564961025e+00 7.281002790564961025e+00 7.281002790564961025e+00 7.281002790564961025e+00 7.281002790564961025e+00 7.281002790564961025e+00 7.281002790564961025e+00 7.281002790564961025e+00 1.763367916913485800e+01 1.942538671651505311e+01 1.942538671651505311e+01 1.651771633869707756e+01 1.850472048031121375e+01 1.482609580391727278e+01 7.281002790564961025e+00 7.281002790564961025e+00 7.281002790564961025e+00 7.281002790564961025e+00 7.281002790564961025e+00 7.281002790564961025e+00 7.281002790564961025e+00
7.281002790564961025e+00 7.281002790564961025e+00 7.281002790564961025e+00 7.281002790564961025e+00 7.281002790564961025e+00 7.281002790564961025e+00 7.281002790564961025e+00 7.281002790564961025e+00 7.281002790564961025e+00 1.476763291604230766e+01 2.122244051819454569e+01 3.735248872743217419e+01 5.599503496626216048e+01 5.467823002597000936e+01 4.719907752832802572e+01 3.795647426314754114e+01 3.129983531457513379e+01 2.097230028591296147e+01 1.482609580391727278e+01 7.281002790564961025e+00 7.281002790564961025e+00 7.281002790564961025e+00 7.281002790564961025e+00 7.281002790564961025e+00
7.281002790564961025e+00 7.281002790564961025e+00 7.281002790564961025e+00 7.281002790564961025e+00 7.281002790564961025e+00 7.281002790564961025e+00 7.281002790564961025e+00 7.281002790564961025e+00 7.281002790564961025e+00 1.836448191642410066e+01 4.558722210262377672e+01 7.625925925925926663e+01 9.367843477005270358e+01 1.095929174788823843e+02 1.095929174788823843e+02 8.480246913580248247e+01 6.700823045267487998e+01 5.045486150586440033e+01 3.129983531457513379e+01 1.701135014338716189e+01 7.281002790564961025e+00 7.281002790564961025e+00 7.281002790564961025e+00 7.281002790564961025e+00
7.281002790564961025e+00 7.281002790564961025e+00 7.281002790564961025e+00 7.281002790564961025e+00 7.281002790564961025e+00 7.281002790564961025e+00 7.281002790564961025e+00 7.281002790564961025e+00 1.476763291604230766e+01 3.261430168645290451e+01 6.888271604938270798e+01 1.068600462060501144e+02 1.295701874714220310e+02 1.386363734295063921e+02 1.386363734295063921e+02 1.295701874714220310e+02 1.095929174788823843e+02 8.480246913580248247e+01 6.195164609053497884e+01 3.129983531457513379e+01 1.701135014338716189e+01 7.281002790564961025e+00 7.281002790564961025e+00 7.281002790564961025e+00
7.281002790564961025e+00 7.281002790564961025e+00 7.281002790564961025e+00 7.281002790564961025e+00 7.281002790564961025e+00 7.281002790564961025e+00 7.281002790564961025e+00 7.281002790564961025e+00 1.536443096401773900e+01 4.227969888732204140e+01 9.568818135874664677e+01 1.305304088754121210e+02 1.462399575901664264e+02 1.549801370695208504e+02 1.452847131854751979e+02 1.429839984687529864e+02 1.386363734295063921e+02 1.247607681755829816e+02 1.007199841166702754e+02 5.921086716012349882e+01 3.496091912381654510e+01 1.482609580391727278e+01 7.281002790564961025e+00 7.281002790564961025e+00
7.281002790564961025e+00 7.281002790564961025e+00 7.281002790564961025e+00 7.281002790564961025e+00 7.281002790564961025e+00 7.281002790564961025e+00 7.281002790564961025e+00 7.281002790564961025e+00 2.837101439433073580e+01 6.069929123156392592e+01 1.081032678966402187e+02 1.394641507872062505e+02 1.383811610216433792e+02 1.383811610216433792e+02 1.250882615029614868e+02 1.398126886145404342e+02 1.404800736408923285e+02 1.549801370695208504e+02 1.340889273379640372e+02 8.544718792866940760e+01 4.444213220133603670e+01 1.619355841794678241e+01 7.281002790564961025e+00 7.281002790564961025e+00
7.281002790564961025e+00 7.281002790564961025e+00 7.281002790564961025e+00 7.281002790564961025e+00 7.281002790564961025e+00 7.281002790564961025e+00 7.281002790564961025e+00 1.536443096401773900e+01 4.016990733833027605e+01 8.046398297632865138e+01 1.210685871056241183e+02 1.365721679088726432e+02 1.234814315999501275e+02 9.980761316872427358e+01 8.893209876543210157e+01 1.095359215941087143e+02 1.344008826077539425e+02 1.549801370695208504e+02 1.431348938788736405e+02 1.007199841166702754e+02 6.677661832752539794e+01 2.545819392467762299e+01 7.281002790564961025e+00 7.281002790564961025e+00
7.281002790564961025e+00 7.281002790564961025e+00 7.281002790564961025e+00 7.281002790564961025e+00 7.281002790564961025e+00 7.281002790564961025e+00 1.758059573559844679e+01 3.261430168645290451e+01 6.790216090371025359e+01 1.129603441825664163e+02 1.286398454985199749e+02 1.257077721661054852e+02 1.025235482395976163e+02 7.171947873799723538e+01 5.466031703136664532e+01 7.975685871056241183e+01 1.072554689192115944e+02 1.344008826077539425e+02 1.431348938788736405e+02 1.167035232113204728e+02 8.544718792866940760e+01 3.496091912381654510e+01 1.619355841794678241e+01 7.281002790564961025e+00
7.281002790564961025e+00 7.281002790564961025e+00 7.281002790564961025e+00 7.281002790564961025e+00 7.281002790564961025e+00 1.476763291604230766e+01 2.712734041788509387e+01 5.545493993496727114e+01 9.542181069958847672e+01 1.285142661179698109e+02 1.332892570933506420e+02 1.104166666666666714e+02 7.120987654320987303e+01 3.628708064153994428e+01 2.536541143525472819e+01 4.724348590460153474e+01 8.723283036122542455e+01 1.344008826077539425e+02 1.404800736408923285e+02 1.379848386398093965e+02 9.547574759945129586e+01 4.996569318859005193e+01 1.860442098956449897e+01 7.281002790564961025e+00
7.281002790564961025e+00 7.281002790564961025e+00 7.281002790564961025e+00 7.281002790564961025e+00 7.281002790564961025e+00 2.218635564451564690e+01 5.337129471595616792e+01 8.600880658436213366e+01 1.167914394103477775e+02 1.365721679088726432e+02 1.213693254835554853e+02 8.223323045267488851e+01 4.412136544619092149e+01 2.074184273730458727e+01 1.454939531547420195e+01 2.944425699259104690e+01 6.028591254108370379e+01 1.095359215941087143e+02 1.404800736408923285e+02 1.431348938788736405e+02 1.096604764103127110e+02 6.472271174599987376e+01 3.402018684355081035e+01 7.281002790564961025e+00
7.281002790564961025e+00 7.281002790564961025e+00 7.281002790564961025e+00 7.281002790564961025e+00 1.536443096401773900e+01 4.558722210262377672e+01 8.046398297632865138e+01 1.129603441825664163e+02 1.382060901417706020e+02 1.324556030086439478e+02 9.558436213991768682e+01 5.798763004939868182e+01 2.180783867269020604e+01 1.529374206662981095e+01 7.281002790564961025e+00 1.735480291812838871e+01 5.231987435300735712e+01 9.315729309556469673e+01 1.344008826077539425e+02 1.431348938788736405e+02 1.256606965036984462e+02 7.653806584362138210e+01 3.402018684355081035e+01 1.619355841794678241e+01
7.281002790564961025e+00 7.281002790564961025e+00 7.281002790564961025e+00 1.476763291604230766e+01 2.837101439433073580e+01 6.069929123156392592e+01 1.068600462060501144e+02 1.287570767392559219e+02 1.425926768223714305e+02 1.137339497148220318e+02 7.546784979423868833e+01 3.628708064153994428e+01 1.689571612883820606e+01 7.281002790564961025e+00 7.281002790564961025e+00 1.549336933939985883e+01 3.617037011480529429e+01 8.090672153635117070e+01 1.344008826077539425e+02 1.419649007633952635e+02 1.256606965036984462e+02 7.653806584362138210e+01 3.402018684355081035e+01 1.619355841794678241e+01
7.281002790564961025e+00 7.281002790564961025e+00 7.281002790564961025e+00 1.866245827890308462e+01 4.730183322260023715e+01 8.046398297632865138e+01 1.210685871056241183e+02 1.365721679088726432e+02 1.236755006858710288e+02 9.361361393882511095e+01 4.608124808058472155e+01 2.180783867269020604e+01 7.281002790564961025e+00 7.281002790564961025e+00 7.281002790564961025e+00 1.549336933939985883e+01 3.225083490362198546e+01 7.859122085048011286e+01 1.231501516136018921e+02 1.368398109349391518e+02 1.155931537617678799e+02 7.321057734053037791e+01 3.553786756329366625e+01 1.488690855384153444e+01
7.281002790564961025e+00 7.281002790564961025e+00 1.476763291604230766e+01 2.837101439433073580e+01 6.888271604938270798e+01 1.081032678966402187e+02 1.286398454985199749e+02 1.257077721661054852e+02 9.423228166438042308e+01 5.100202788754167926e+01 2.398952408219316368e+01 1.646016765763812728e+01 7.281002790564961025e+00 7.281002790564961025e+00 7.281002790564961025e+00 1.536443096401773900e+01 4.730183322260023715e+01 9.568818135874664677e+01 1.285142661179698109e+02 1.324556030086439478e+02 1.017295649994724016e+02 5.909359975495706863e+01 2.209229417599317813e+01 7.281002790564961025e+00
7.281002790564961025e+00 7.281002790564961025e+00 1.536443096401773900e+01 4.227969888732204140e+01 8.046398297632865138e+01 1.210685871056241183e+02 1.339610546662203490e+02 1.147877842755035545e+02 7.546784979423868833e+01 3.167978516569866798e+01 1.529374206662981095e+01 7.281002790564961025e+00 7.281002790564961025e+00 7.281002790564961025e+00 1.536443096401773900e+01 3.730558286837639770e+01 8.046398297632865138e+01 1.130477640603566414e+02 1.315460399971121035e+02 1.139320073159579465e+02 7.546784979423868833e+01 4.060781830289590744e+01 1.646016765763812728e+01 7.281002790564961025e+00
7.281002790564961025e+00 7.281002790564961025e+00 2.589701240631324097e+01 6.233128554941967536e+01 1.041633990325608181e+02 1.327473554256010289e+02 1.300793324188385895e+02 9.965417984968877363e+01 5.347609520805502825e+01 2.209229417599317813e+01 7.281002790564961025e+00 7.281002790564961025e+00 1.763367916913485800e+01 2.450866406897418059e+01 4.423656094012645212e+01 7.001553761738948367e+01 1.048165294924554161e+02 1.299794986915835011e+02 1.297316728034076903e+02 9.965417984968877363e+01 5.347609520805502825e+01 2.209229417599317813e+01 7.281002790564961025e+00 7.281002790564961025e+00
7.281002790564961025e+00 7.281002790564961025e+00 2.589701240631324097e+01 6.981714366303828001e+01 1.194765619810843873e+02 1.435178206146367188e+02 1.413627896902750649e+02 9.886428898033835821e+01 5.137603692632219321e+01 2.606627113659416395e+01 2.287076992358195326e+01 2.973491274623159342e+01 4.393202407600913517e+01 5.599503496626216048e+01 8.472427983539094498e+01 1.124327846364883357e+02 1.287570767392559219e+02 1.365721679088726432e+02 1.137339497148220318e+02 8.223323045267488851e+01 3.628708064153994428e+01 1.689571612883820606e+01 7.281002790564961025e+00 7.281002790564961025e+00
7.281002790564961025e+00 7.281002790564961025e+00 2.558603268560858623e+01 6.981714366303828001e+01 1.183736107060691296e+02 1.435178206146367188e+02 1.340889273379640372e+02 1.129259259259259238e+02 7.659971082193303005e+01 5.599503496626216048e+01 5.599503496626216048e+01 7.145697302240510851e+01 8.151440329218105774e+01 9.590522219032123985e+01 1.201091365595995200e+02 1.299794986915835011e+02 1.365721679088726432e+02 1.236755006858710288e+02 9.361361393882511095e+01 5.193973239162776423e+01 2.074184273730458727e+01 7.281002790564961025e+00 7.281002790564961025e+00 7.281002790564961025e+00
7.281002790564961025e+00 7.281002790564961025e+00 2.558603268560858623e+01 6.028591254108370379e+01 1.072554689192115944e+02 1.350376795951681856e+02 1.549801370695208504e+02 1.247607681755829816e+02 1.095929174788823843e+02 1.095929174788823843e+02 1.095929174788823843e+02 1.133085549726376513e+02 1.295701874714220310e+02 1.299794986915835011e+02 1.399609520043405837e+02 1.332892570933506420e+02 1.242348575915096518e+02 9.289465020576132304e+01 5.100202788754167926e+01 2.690087764218525379e+01 1.646016765763812728e+01 7.281002790564961025e+00 7.281002790564961025e+00 7.281002790564961025e+00
7.281002790564961025e+00 7.281002790564961025e+00 1.735480291812838871e+01 4.724348590460153474e+01 8.445012069203856697e+01 1.195910403580968904e+02 1.398126886145404342e+02 1.429839984687529864e+02 1.386363734295063921e+02 1.386363734295063921e+02 1.386363734295063921e+02 1.479248075351128477e+02 1.425926768223714305e+02 1.425926768223714305e+02 1.236755006858710288e+02 1.073578923302769965e+02 7.184192534401009311e+01 5.100202788754167926e+01 2.690087764218525379e+01 1.646016765763812728e+01 7.281002790564961025e+00 7.281002790564961025e+00 7.281002790564961025e+00 7.281002790564961025e+00
7.281002790564961025e+00 7.281002790564961025e+00 1.735480291812838871e+01 3.023201459385477818e+01 5.503448850220359390e+01 7.975685871056241183e+01 1.195910403580968904e+02 1.289711934156378845e+02 1.383811610216433792e+02 1.383811610216433792e+02 1.383811610216433792e+02 1.383811610216433792e+02 1.250882615029614868e+02 1.100200731595793258e+02 9.289465020576132304e+01 5.957010600700847647e+01 4.493115026858291117e+01 2.481013210070470265e+01 1.646016765763812728e+01 7.281002790564961025e+00 7.281002790564961025e+00 7.281002790564961025e+00 7.281002790564961025e+00 7.281002790564961025e+00
7.281002790564961025e+00 7.281002790564961025e+00 7.281002790564961025e+00 1.735480291812838871e+01 3.280965575224574593e+01 5.060907934235898864e+01 6.670251966364840257e+01 9.773751814368199575e+01 9.773751814368199575e+01 9.651028806584362485e+01 9.651028806584362485e+01 9.154937842935527215e+01 8.624382716049382225e+01 6.203437437936752730e+01 4.782340359270846619e+01 3.199406634685455586e+01 2.279623607076871750e+01 7.281002790564961025e+00 7.281002790564961025e+00 7.281002790564961025e+00 7.281002790564961025e+00 7.281002790564961025e+00 7.281002790564961025e+00 7.281002790564961025e+00
7.281002790564961025e+00 7.281002790564961025e+00 7.281002790564961025e+00 7.281002790564961025e+00 7.281002790564961025e+00 2.541059312800655690e+01 3.640923691654276695e+01 4.319275956907385705e+01 4.824027868754518522e+01 5.466031703136664532e+01 5.042213094932779427e+01 5.042213094932779427e+01 3.747663574054308100e+01 2.884979976727522200e+01 2.279623607076871750e+01 1.646016765763812728e+01 7.281002790564961025e+00 7.281002790564961025e+00 7.281002790564961025e+00 7.281002790564961025e+00 7.281002790564961025e+00 7.281002790564961025e+00 7.281002790564961025e+00 7.281002790564961025e+00
7.281002790564961025e+00 7.281002790564961025e+00 7.281002790564961025e+00 7.281002790564961025e+00 7.281002790564961025e+00 7.281002790564961025e+00 7.281002790564961025e+00 2.110422740660440866e+01 2.345053716093336860e+01 2.345053716093336860e+01 2.345053716093336860e+01 2.279623607076871750e+01 1.646016765763812728e+01 1.529374206662981095e+01 7.281002790564961025e+00 7.281002790564961025e+00 7.281002790564961025e+00 7.281002790564961025e+00 7.281002790564961025e+00 7.281002790564961025e+00 7.281002790564961025e+00 7.281002790564961025e+00 7.281002790564961025e+00 7.281002790564961025e+00
