8.087230089748242534e+00 8.087230089748242534e+00 8.087230089748242534e+00 8.087230089748242534e+00 8.087230089748242534e+00 8.087230089748242534e+00 8.087230089748242534e+00 8.087230089748242534e+00 8.087230089748242534e+00 8.087230089748242534e+00 8.087230089748242534e+00 8.087230089748242534e+00 8.087230089748242534e+00 8.087230089748242534e+00 8.087230089748242534e+00 8.087230089748242534e+00 8.087230089748242534e+00 8.087230089748242534e+00 8.087230089748242534e+00 8.087230089748242534e+00 8.087230089748242534e+00 8.087230089748242534e+00 8.087230089748242534e+00 8.087230089748242534e+00
8.087230089748242534e+00 8.087230089748242534e+00 8.087230089748242534e+00 8.087230089748242534e+00 8.087230089748242534e+00 2.010971909502246291e+01 1.806503236427883152e+01 1.806503236427883152e+01 8.087230089748242534e+00 8.087230089748242534e+00 8.087230089748242534e+00 8.087230089748242534e+00 8.087230089748242534e+00 8.087230089748242534e+00 8.087230089748242534e+00 8.087230089748242534e+00 8.087230089748242534e+00 8.087230089748242534e+00 8.087230089748242534e+00 8.087230089748242534e+00 8.087230089748242534e+00 8.087230089748242534e+00 8.087230089748242534e+00 8.087230089748242534e+00
8.087230089748242534e+00 8.087230089748242534e+00 8.087230089748242534e+00 8.087230089748242534e+00 2.099498213709061289e+01 3.107288650760047233e+01 3.764793824895061647e+01 3.427705449412509608e+01 2.040740606261587331e+01 8.087230089748242534e+00 8.087230089748242534e+00 8.087230089748242534e+00 8.087230089748242534e+00 8.087230089748242534e+00 8.087230089748242534e+00 8.087230089748242534e+00 8.087230089748242534e+00 8.087230089748242534e+00 8.087230089748242534e+00 8.087230089748242534e+00 8.087230089748242534e+00 8.087230089748242534e+00 8.087230089748242534e+00 8.087230089748242534e+00
8.087230089748242534e+00 8.087230089748242534e+00 8.087230089748242534e+00 1.780497945824345152e+01 3.730558286837639770e+01 8.159670781893004232e+01 7.267112482853222843e+01 6.727853223593963605e+01 3.427705449412509608e+01 1.991921245937096785e+01 8.087230089748242534e+00 8.087230089748242534e+00 8.087230089748242534e+00 8.087230089748242534e+00 8.087230089748242534e+00 8.087230089748242534e+00 8.087230089748242534e+00 8.087230089748242534e+00 8.087230089748242534e+00 8.087230089748242534e+00 8.087230089748242534e+00 8.087230089748242534e+00 8.087230089748242534e+00 8.087230089748242534e+00
8.087230089748242534e+00 8.087230089748242534e+00 8.087230089748242534e+00 2.071284966310285824e+01 4.475987625102909107e+01 9.315843621399176300e+01 1.136885423435130917e+02 8.949039780521260923e+01 4.862344953889018484e+01 2.040740606261587331e+01 8.087230089748242534e+00 8.087230089748242534e+00 8.087230089748242534e+00 8.087230089748242534e+00 8.087230089748242534e+00 1.780497945824345152e+01 1.806503236427883152e+01 1.806503236427883152e+01 1.806503236427883152e+01 8.087230089748242534e+00 8.087230089748242534e+00 8.087230089748242534e+00 8.087230089748242534e+00 8.087230089748242534e+00
8.087230089748242534e+00 8.087230089748242534e+00 8.087230089748242534e+00 2.071284966310285824e+01 3.578780171531723653e+01 9.315843621399176300e+01 1.239306331672803196e+02 1.086232015822885728e+02 4.862344953889018484e+01 2.040740606261587331e+01 8.087230089748242534e+00 8.087230089748242534e+00 8.087230089748242534e+00 8.087230089748242534e+00 1.780497945824345152e+01 3.107288650760047233e+01 3.764793824895061647e+01 3.764793824895061647e+01 2.814671113337187691e+01 1.991921245937096785e+01 8.087230089748242534e+00 8.087230089748242534e+00 8.087230089748242534e+00 8.087230089748242534e+00
8.087230089748242534e+00 8.087230089748242534e+00 8.087230089748242534e+00 8.087230089748242534e+00 3.020102216825687691e+01 7.964540466392317342e+01 1.239306331672803196e+02 1.086232015822885728e+02 6.493384773662552334e+01 2.040740606261587331e+01 8.087230089748242534e+00 8.087230089748242534e+00 8.087230089748242534e+00 1.780497945824345152e+01 2.834727822231098315e+01 5.872926979582911855e+01 8.159670781893004232e+01 6.976799268404207055e+01 5.045486150586440033e+01 2.040740606261587331e+01 8.087230089748242534e+00 8.087230089748242534e+00 8.087230089748242534e+00 8.087230089748242534e+00
8.087230089748242534e+00 8.087230089748242534e+00 8.087230089748242534e+00 8.087230089748242534e+00 3.020102216825687691e+01 6.596796982167352041e+01 1.011021947873799718e+02 1.129259259259259238e+02 7.665020576131686880e+01 3.427705449412509608e+01 2.040740606261587331e+01 8.087230089748242534e+00 8.087230089748242534e+00 2.206492440531188137e+01 4.475987625102909107e+01 8.602507544581618504e+01 1.141176930666859164e+02 1.086232015822885728e+02 5.921086716012349882e+01 2.654057542364508393e+01 8.087230089748242534e+00 8.087230089748242534e+00 8.087230089748242534e+00 8.087230089748242534e+00
8.087230089748242534e+00 8.087230089748242534e+00 8.087230089748242534e+00 8.087230089748242534e+00 2.675792284018783462e+01 4.891960464669356412e+01 9.315843621399176300e+01 1.208830589849108321e+02 1.057609558876615381e+02 6.727853223593963605e+01 3.427705449412509608e+01 1.806503236427883152e+01 2.010971909502246291e+01 2.736552508678408202e+01 6.596796982167352041e+01 1.194765619810843873e+02 1.327932272038119947e+02 1.086232015822885728e+02 6.493384773662552334e+01 2.654057542364508393e+01 8.087230089748242534e+00 8.087230089748242534e+00 8.087230089748242534e+00 8.087230089748242534e+00
8.087230089748242534e+00 8.087230089748242534e+00 8.087230089748242534e+00 8.087230089748242534e+00 2.071284966310285824e+01 3.578780171531723653e+01 9.315843621399176300e+01 1.239306331672803196e+02 1.208830589849108321e+02 1.057609558876615381e+02 6.727853223593963605e+01 5.042025598850509027e+01 3.456377028890728553e+01 6.043730320682460899e+01 9.568818135874664677e+01 1.305304088754121210e+02 1.338870921249913692e+02 1.086232015822885728e+02 6.493384773662552334e+01 2.654057542364508393e+01 8.087230089748242534e+00 8.087230089748242534e+00 8.087230089748242534e+00 8.087230089748242534e+00
8.087230089748242534e+00 8.087230089748242534e+00 8.087230089748242534e+00 8.087230089748242534e+00 8.087230089748242534e+00 3.020102216825687691e+01 4.891960464669356412e+01 1.024030121800177966e+02 1.219489903340032555e+02 1.202602880658436248e+02 1.057609558876615381e+02 8.159670781893004232e+01 8.159670781893004232e+01 9.368157533752075494e+01 1.225794888455706939e+02 1.394691531297379470e+02 1.425570536423362853e+02 1.118850083026496236e+02 6.493384773662552334e+01 2.794432208319638988e+01 8.087230089748242534e+00 8.087230089748242534e+00 8.087230089748242534e+00 8.087230089748242534e+00
8.087230089748242534e+00 8.087230089748242534e+00 8.087230089748242534e+00 8.087230089748242534e+00 8.087230089748242534e+00 2.528834129296701860e+01 3.315978457337840979e+01 5.308905931745437812e+01 1.024030121800177966e+02 1.219489903340032555e+02 1.202602880658436248e+02 1.202602880658436248e+02 1.285314615480332350e+02 1.310552734837380342e+02 1.374118583495776136e+02 1.457133825719137690e+02 1.413627896902750649e+02 1.086232015822885728e+02 4.862344953889018484e+01 2.257970338889563777e+01 8.087230089748242534e+00 8.087230089748242534e+00 8.087230089748242534e+00 8.087230089748242534e+00
8.087230089748242534e+00 8.087230089748242534e+00 8.087230089748242534e+00 8.087230089748242534e+00 8.087230089748242534e+00 8.087230089748242534e+00 2.071284966310285824e+01 2.528834129296701860e+01 5.502611505947168524e+01 8.657878492527615322e+01 1.024030121800177966e+02 1.157420763843765599e+02 1.157420763843765599e+02 1.157420763843765599e+02 1.265055014078405833e+02 1.398270233196159325e+02 1.223229514114504326e+02 8.251097393689984472e+01 3.875960295377432629e+01 1.759693003698882308e+01 8.087230089748242534e+00 8.087230089748242534e+00 8.087230089748242534e+00 8.087230089748242534e+00
8.087230089748242534e+00 8.087230089748242534e+00 8.087230089748242534e+00 8.087230089748242534e+00 8.087230089748242534e+00 8.087230089748242534e+00 8.087230089748242534e+00 2.071284966310285824e+01 2.528834129296701860e+01 4.041956213806607678e+01 7.196513488797438640e+01 7.196513488797438640e+01 7.196513488797438640e+01 7.964540466392317342e+01 1.011021947873799718e+02 1.327932272038119947e+02 1.150065807522922370e+02 6.493384773662552334e+01 3.811209447679147644e+01 8.087230089748242534e+00 8.087230089748242534e+00 8.087230089748242534e+00 8.087230089748242534e+00 8.087230089748242534e+00
8.087230089748242534e+00 8.087230089748242534e+00 8.087230089748242534e+00 8.087230089748242534e+00 8.087230089748242534e+00 8.087230089748242534e+00 8.087230089748242534e+00 8.087230089748242534e+00 8.087230089748242534e+00 2.164897560869982840e+01 1.977667351396477713e+01 2.528834129296701860e+01 3.633824994977553757e+01 6.596796982167352041e+01 1.064811385459533568e+02 1.239306331672803196e+02 1.086232015822885728e+02 6.493384773662552334e+01 2.654057542364508393e+01 8.087230089748242534e+00 8.087230089748242534e+00 8.087230089748242534e+00 8.087230089748242534e+00 8.087230089748242534e+00
8.087230089748242534e+00 8.087230089748242534e+00 8.087230089748242534e+00 8.087230089748242534e+00 8.087230089748242534e+00 8.087230089748242534e+00 8.087230089748242534e+00 8.087230089748242534e+00 8.087230089748242534e+00 8.087230089748242534e+00 8.087230089748242534e+00 8.087230089748242534e+00 2.206492440531188137e+01 6.596796982167352041e+01 1.041824332835789875e+02 1.299134024619160925e+02 1.106666821974066011e+02 6.493384773662552334e+01 2.654057542364508393e+01 8.087230089748242534e+00 8.087230089748242534e+00 8.087230089748242534e+00 8.087230089748242534e+00 8.087230089748242534e+00
8.087230089748242534e+00 8.087230089748242534e+00 8.087230089748242534e+00 8.087230089748242534e+00 8.087230089748242534e+00 8.087230089748242534e+00 8.087230089748242534e+00 8.087230089748242534e+00 8.087230089748242534e+00 8.087230089748242534e+00 8.087230089748242534e+00 1.780497945824345152e+01 2.909103298145165795e+01 7.443689986282578275e+01 1.194765619810843873e+02 1.299134024619160925e+02 1.106666821974066011e+02 5.347225678627631851e+01 2.479340865671435168e+01 8.087230089748242534e+00 8.087230089748242534e+00 8.087230089748242534e+00 8.087230089748242534e+00 8.087230089748242534e+00
8.087230089748242534e+00 8.087230089748242534e+00 8.087230089748242534e+00 8.087230089748242534e+00 8.087230089748242534e+00 8.087230089748242534e+00 8.087230089748242534e+00 8.087230089748242534e+00 8.087230089748242534e+00 8.087230089748242534e+00 8.087230089748242534e+00 2.206492440531188137e+01 4.991655260781960379e+01 9.568818135874664677e+01 1.310552734837380342e+02 1.223229514114504326e+02 8.251097393689984472e+01 3.875960295377432629e+01 1.759693003698882308e+01 8.087230089748242534e+00 8.087230089748242534e+00 8.087230089748242534e+00 8.087230089748242534e+00 8.087230089748242534e+00
8.087230089748242534e+00 8.087230089748242534e+00 8.087230089748242534e+00 8.087230089748242534e+00 8.087230089748242534e+00 8.087230089748242534e+00 8.087230089748242534e+00 8.087230089748242534e+00 8.087230089748242534e+00 8.087230089748242534e+00 1.780497945824345152e+01 3.730558286837639770e+01 8.602507544581618504e+01 1.210365797896661917e+02 1.299134024619160925e+02 1.015008567371790065e+02 6.007557481176289116e+01 2.479340865671435168e+01 8.087230089748242534e+00 8.087230089748242534e+00 8.087230089748242534e+00 8.087230089748242534e+00 8.087230089748242534e+00 8.087230089748242534e+00
8.087230089748242534e+00 8.087230089748242534e+00 8.087230089748242534e+00 8.087230089748242534e+00 8.087230089748242534e+00 8.087230089748242534e+00 8.087230089748242534e+00 8.087230089748242534e+00 8.087230089748242534e+00 1.780497945824345152e+01 3.730558286837639770e+01 7.145697302240510851e+01 1.043662551440328912e+02 1.285314615480332350e+02 1.150065807522922370e+02 8.251097393689984472e+01 3.811209447679147644e+01 1.759693003698882308e+01 8.087230089748242534e+00 8.087230089748242534e+00 8.087230089748242534e+00 8.087230089748242534e+00 8.087230089748242534e+00 8.087230089748242534e+00
8.087230089748242534e+00 8.087230089748242534e+00 8.087230089748242534e+00 8.087230089748242534e+00 8.087230089748242534e+00 8.087230089748242534e+00 8.087230089748242534e+00 8.087230089748242534e+00 2.010971909502246291e+01 3.730558286837639770e+01 7.145697302240510851e+01 1.043662551440328912e+02 1.285314615480332350e+02 1.199176954732510438e+02 9.361486535268210218e+01 4.915201214142728503e+01 2.479340865671435168e+01 8.087230089748242534e+00 8.087230089748242534e+00 8.087230089748242534e+00 8.087230089748242534e+00 8.087230089748242534e+00 8.087230089748242534e+00 8.087230089748242534e+00
8.087230089748242534e+00 8.087230089748242534e+00 8.087230089748242534e+00 8.087230089748242534e+00 8.087230089748242534e+00 8.087230089748242534e+00 8.087230089748242534e+00 8.087230089748242534e+00 2.206492440531188137e+01 5.366911290508929966e+01 8.602507544581618504e+01 1.191167695473250916e+02 1.181183037325824898e+02 9.361486535268210218e+01 6.007557481176289116e+01 2.963867138670131851e+01 1.651488450147637721e+01 8.087230089748242534e+00 8.087230089748242534e+00 8.087230089748242534e+00 8.087230089748242534e+00 8.087230089748242534e+00 8.087230089748242534e+00 8.087230089748242534e+00
8.087230089748242534e+00 8.087230089748242534e+00 8.087230089748242534e+00 8.087230089748242534e+00 8.087230089748242534e+00 8.087230089748242534e+00 8.087230089748242534e+00 1.601257546357246397e+01 2.675792284018783462e+01 4.891960464669356412e+01 8.657878492527615322e+01 9.138669410150890826e+01 7.325171467764059230e+01 6.007557481176289116e+01 2.963867138670131851e+01 1.759693003698882308e+01 8.087230089748242534e+00 8.087230089748242534e+00 8.087230089748242534e+00 8.087230089748242534e+00 8.087230089748242534e+00 8.087230089748242534e+00 8.087230089748242534e+00 8.087230089748242534e+00
8.087230089748242534e+00 8.087230089748242534e+00 8.087230089748242534e+00 8.087230089748242534e+00 8.087230089748242534e+00 8.087230089748242534e+00 8.087230089748242534e+00 8.087230089748242534e+00 2.528834129296701860e+01 4.079736116485732822e+01 4.318634321385260222e+01 4.841768459640113065e+01 4.362277377944051437e+01 2.328767397133579209e+01 1.759693003698882308e+01 8.087230089748242534e+00 8.087230089748242534e+00 8.087230089748242534e+00 8.087230089748242534e+00 8.087230089748242534e+00 8.087230089748242534e+00 8.087230089748242534e+00 8.087230089748242534e+00 8.087230089748242534e+00
