2.305555555555555414e-01 2.305555555555555414e-01 2.305555555555555414e-01 2.305555555555555414e-01 2.305555555555555414e-01 3.333333333333333148e-01 9.790123456790124079e-01 1.541719576719576601e+00 4.340398148148148039e+01 8.560925925925926094e+01 6.786018518518518761e+01 6.754765079365077440e+01 2.090203703703703653e+01 1.215740740740740788e+00 8.879629629629629539e-01 2.305555555555555414e-01 3.333333333333333148e-01 7.759259259259259078e-01 8.563271604938270665e-01 6.043650793650794384e-01 3.333333333333333148e-01 4.014550264550264536e-01 6.043650793650794384e-01 2.305555555555555414e-01
2.305555555555555414e-01 2.305555555555555414e-01 2.305555555555555414e-01 2.305555555555555414e-01 2.305555555555555414e-01 2.305555555555555414e-01 4.976851851851851194e-01 4.041141975308641321e+01 9.304429012345678984e+01 1.324158024691357980e+02 1.660203325774754433e+02 1.147091666666666754e+02 1.066033333333333246e+02 2.063666666666666316e+01 2.364010614470736904e+00 1.047505668934240353e+00 7.731481481481482509e-01 7.944444444444445086e-01 4.976851851851851194e-01 4.976851851851851194e-01 3.333333333333333148e-01 4.976851851851851194e-01 4.014550264550264536e-01 2.305555555555555414e-01
2.305555555555555414e-01 2.305555555555555414e-01 2.305555555555555414e-01 2.305555555555555414e-01 2.305555555555555414e-01 3.333333333333333148e-01 1.702962962962962834e+01 4.401333333333333542e+01 1.338625000000000114e+02 1.480379629629629790e+02 1.484044312169311866e+02 1.363438888888888698e+02 5.868194444444444002e+01 6.724166666666666003e+01 1.806388888888888644e+01 1.538359788359788372e+00 7.360141093474426022e-01 4.976851851851851194e-01 3.333333333333333148e-01 1.072222222222222188e+00 1.077333333333333254e+00 7.759259259259259078e-01 2.305555555555555414e-01 2.305555555555555414e-01
2.305555555555555414e-01 2.305555555555555414e-01 2.305555555555555414e-01 2.305555555555555414e-01 2.305555555555555414e-01 3.333333333333333148e-01 4.976851851851851194e-01 4.804212962962963474e+01 9.282777777777778283e+01 7.082546296296295907e+01 2.410111111111110915e+01 3.411111111111111427e+00 5.160388888888887493e+01 8.768611111111108869e+01 2.364010614470736904e+00 1.508518518518518370e+00 2.002160493827160437e+00 1.215740740740740788e+00 3.333333333333333148e-01 1.257870370370370416e+00 1.588888888888889239e+00 7.360141093474426022e-01 2.305555555555555414e-01 2.305555555555555414e-01
2.305555555555555414e-01 2.305555555555555414e-01 2.305555555555555414e-01 2.305555555555555414e-01 2.305555555555555414e-01 3.333333333333333148e-01 1.745370370370370239e+00 9.427127572016461343e+00 2.364010614470736904e+00 1.259569771791994031e+00 1.071604938271604857e+00 8.563271604938270665e-01 4.804212962962963474e+01 8.768611111111108869e+01 1.215740740740740788e+00 1.404382716049382473e+00 1.668341597997034187e+00 1.069537037037036953e+00 7.908950617283950768e-01 1.044444444444444509e+00 6.250000000000000000e-01 6.250000000000000000e-01 4.976851851851851194e-01 2.305555555555555414e-01
3.333333333333333148e-01 4.014550264550264536e-01 6.043650793650794384e-01 2.305555555555555414e-01 3.333333333333333148e-01 8.563271604938270665e-01 1.378002244668911080e+00 1.668341597997034187e+00 1.215740740740740788e+00 1.322962962962962896e+00 1.072222222222222188e+00 1.345238095238095344e+00 7.479886243386242484e+01 1.169166666666666430e+02 1.215740740740740788e+00 9.617283950617283583e-01 4.976851851851851194e-01 1.215740740740740788e+00 1.030555555555555447e+00 1.215740740740740788e+00 2.305555555555555414e-01 7.360141093474426022e-01 4.976851851851851194e-01 2.305555555555555414e-01
2.305555555555555414e-01 4.014550264550264536e-01 8.635416666666667629e-01 7.360141093474426022e-01 2.305555555555555414e-01 4.976851851851851194e-01 1.586337448559670849e+00 2.384722222222221966e+00 1.215740740740740788e+00 1.030555555555555447e+00 1.345238095238095344e+00 1.072222222222222188e+00 4.362808730158729986e+01 1.169166666666666430e+02 1.215740740740740788e+00 9.617283950617283583e-01 3.333333333333333148e-01 4.976851851851851194e-01 1.075228475228474867e+00 4.976851851851851194e-01 6.250000000000000000e-01 4.014550264550264536e-01 2.305555555555555414e-01 2.305555555555555414e-01
3.333333333333333148e-01 2.305555555555555414e-01 8.541152263374484077e-01 4.976851851851851194e-01 3.333333333333333148e-01 7.759259259259259078e-01 8.541152263374484077e-01 1.668341597997034187e+00 1.382846988402543831e+00 6.250000000000000000e-01 1.044444444444444509e+00 1.588888888888889239e+00 5.109185185185184253e+01 8.768611111111108869e+01 1.215740740740740788e+00 1.052619047619047699e+01 9.617283950617283583e-01 9.617283950617283583e-01 8.563271604938270665e-01 2.305555555555555414e-01 7.759259259259259078e-01 2.305555555555555414e-01 2.305555555555555414e-01 2.305555555555555414e-01
7.944444444444445086e-01 1.058981481481481524e+00 7.759259259259259078e-01 4.014550264550264536e-01 3.333333333333333148e-01 1.047505668934240353e+00 7.759259259259259078e-01 7.759259259259259078e-01 9.617283950617283583e-01 8.563271604938270665e-01 9.617283950617283583e-01 8.563271604938270665e-01 3.705888888888888744e+01 8.768611111111108869e+01 1.215740740740740788e+00 1.438000000000000078e+01 1.215740740740740788e+00 1.077333333333333254e+00 7.944444444444445086e-01 8.635416666666667629e-01 6.043650793650794384e-01 2.305555555555555414e-01 2.305555555555555414e-01 2.305555555555555414e-01
1.215740740740740788e+00 9.295555555555555793e-01 4.976851851851851194e-01 6.242798353909463360e-01 1.335648148148148140e+00 4.976851851851851194e-01 1.075228475228474867e+00 1.137407407407407423e+00 2.364010614470736904e+00 6.242798353909463360e-01 2.210322598019629936e+00 1.345238095238095344e+00 4.804212962962963474e+01 8.768611111111108869e+01 1.215740740740740788e+00 1.030555555555555447e+00 1.307253086419753130e+00 1.075228475228474867e+00 8.879629629629629539e-01 4.014550264550264536e-01 6.043650793650794384e-01 7.360141093474426022e-01 2.305555555555555414e-01 2.305555555555555414e-01
6.250000000000000000e-01 9.155555555555554559e-01 8.563271604938270665e-01 8.911111111111111871e-01 9.617283950617283583e-01 4.976851851851851194e-01 1.077333333333333254e+00 1.422413055602820942e+00 1.745370370370370239e+00 1.307253086419753130e+00 1.719929453262786456e+00 1.719929453262786456e+00 4.804212962962963474e+01 6.279555555555553781e+01 1.215740740740740788e+00 9.617283950617283583e-01 1.502962962962962834e+00 1.322962962962962896e+00 8.879629629629629539e-01 8.541152263374484077e-01 8.541152263374484077e-01 4.014550264550264536e-01 2.305555555555555414e-01 2.305555555555555414e-01
4.976851851851851194e-01 1.072222222222222188e+00 1.028435636922344409e+00 7.908950617283950768e-01 7.944444444444445086e-01 3.333333333333333148e-01 4.976851851851851194e-01 1.072222222222222188e+00 1.719929453262786456e+00 1.544603174603174622e+01 1.044444444444444509e+00 1.719929453262786456e+00 2.333109154330440660e+01 2.364010614470736904e+00 1.587962962962962798e+00 1.830277777777777670e+00 8.541152263374484077e-01 1.164722222222222214e+00 1.150666666666666504e+00 9.155555555555554559e-01 7.759259259259259078e-01 2.305555555555555414e-01 2.305555555555555414e-01 2.305555555555555414e-01
2.305555555555555414e-01 4.976851851851851194e-01 8.879629629629629539e-01 4.976851851851851194e-01 6.043650793650794384e-01 7.759259259259259078e-01 7.759259259259259078e-01 1.719929453262786456e+00 5.997296296296295992e+01 7.532200176366842470e+01 6.786018518518518761e+01 1.030847222222222257e+02 1.352483333333333064e+02 2.364010614470736904e+00 2.236941137566137883e+00 1.322962962962962896e+00 1.516759259259259141e+00 1.215740740740740788e+00 1.077333333333333254e+00 9.531893004115224999e-01 8.541152263374484077e-01 6.043650793650794384e-01 4.976851851851851194e-01 2.305555555555555414e-01
3.333333333333333148e-01 7.759259259259259078e-01 8.563271604938270665e-01 8.563271604938270665e-01 3.381444444444444031e+01 8.560925925925926094e+01 9.739768518518519613e+01 9.429111111111109267e+01 1.021799999999999784e+02 1.672235185185184889e+02 1.668837962962962820e+02 1.666627314814814440e+02 1.598765624999999773e+02 5.797978395061729628e+01 1.866208112874779390e+00 1.999055555555555586e+00 8.541152263374484077e-01 1.404382716049382473e+00 8.635416666666667629e-01 7.944444444444445086e-01 4.976851851851851194e-01 4.976851851851851194e-01 8.563271604938270665e-01 7.360141093474426022e-01
1.394753086419753041e+00 1.586337448559670849e+00 6.242798353909463360e-01 1.422413055602820942e+00 9.304429012345678984e+01 1.503519047619047626e+02 1.668837962962962820e+02 1.670376485788113428e+02 1.593988888888888766e+02 1.671180555555555429e+02 1.669444444444444287e+02 1.669749999999999943e+02 1.656249999999999716e+02 1.660203325774754433e+02 5.797978395061729628e+01 2.806691358024691496e+01 1.669753086419752952e+00 2.235978835978835733e+01 1.044814814814814863e+00 1.171942974720752817e+00 7.759259259259259078e-01 7.731481481481482509e-01 7.731481481481482509e-01 4.014550264550264536e-01
7.731481481481482509e-01 1.259569771791994031e+00 9.155555555555554559e-01 1.322962962962962896e+00 5.109185185185184253e+01 1.671180555555555429e+02 1.671180555555555429e+02 1.681461111111111109e+02 1.670729952587095397e+02 1.674652777777777715e+02 1.588989417989417632e+02 1.669444444444444287e+02 1.409098677248677234e+02 1.409098677248677234e+02 7.981848148148148425e+01 6.458333333333332860e+01 8.560925925925926094e+01 8.560925925925926094e+01 8.402499999999999147e+01 8.359050925925924957e+01 8.402499999999999147e+01 6.754765079365077440e+01 2.136888888888888616e+01 1.719929453262786456e+00
1.215740740740740788e+00 2.305555555555555414e-01 9.790123456790124079e-01 1.199074074074074181e+00 7.013488756613756436e+01 1.668837962962962820e+02 1.668837962962962820e+02 1.667187500000000000e+02 1.672494708994708787e+02 1.669144444444444275e+02 9.282777777777778283e+01 2.364010614470736904e+00 1.601898148148148016e+00 4.209444444444444144e+01 6.004697971781304489e+01 5.868194444444444002e+01 7.981848148148148425e+01 1.332388888888888800e+02 1.147091666666666754e+02 1.503519047619047626e+02 1.663388888888888744e+02 1.660203325774754433e+02 1.598765624999999773e+02 1.215740740740740788e+00
9.155555555555554559e-01 3.333333333333333148e-01 8.563271604938270665e-01 1.391975308641975273e+00 5.160388888888887493e+01 1.669444444444444287e+02 1.669444444444444287e+02 1.588989417989417632e+02 1.670104166666666572e+02 9.026851851851851904e+01 2.305000000000000071e+01 3.374814814814815378e+01 1.257870370370370416e+00 1.601898148148148016e+00 1.722222222222222099e+00 1.601898148148148016e+00 2.384722222222221966e+00 8.378055555555555145e+01 8.378055555555555145e+01 1.655116512345678927e+02 1.284211640211640031e+02 1.409098677248677234e+02 1.159054526748971057e+02 1.215740740740740788e+00
2.305555555555555414e-01 3.333333333333333148e-01 4.976851851851851194e-01 1.719929453262786456e+00 6.283472222222221859e+01 1.655116512345678927e+02 1.664344444444444093e+02 9.282777777777778283e+01 2.364010614470736904e+00 8.541152263374484077e-01 7.360141093474426022e-01 1.075228475228474867e+00 7.759259259259259078e-01 1.137407407407407423e+00 1.135444444444444256e+00 1.987407407407407289e+00 2.071984126984126817e+00 3.184888888888888658e+00 9.427127572016461343e+00 4.289555555555555344e+01 4.977833333333332888e+01 4.313308080808081257e+01 6.886891534391533298e+01 1.215740740740740788e+00
7.731481481481482509e-01 1.058981481481481524e+00 7.759259259259259078e-01 7.759259259259259078e-01 8.635416666666667629e-01 6.004697971781304489e+01 9.265734126984126817e+01 1.257870370370370416e+00 1.215740740740740788e+00 1.422413055602820942e+00 1.044444444444444509e+00 4.014550264550264536e-01 1.047505668934240353e+00 7.731481481481482509e-01 1.171942974720752817e+00 8.635416666666667629e-01 1.275555555555555554e+00 1.075228475228474867e+00 1.934693877551020069e+00 1.071604938271604857e+00 1.275555555555555554e+00 1.275555555555555554e+00 8.541152263374484077e-01 1.257870370370370416e+00
4.976851851851851194e-01 4.976851851851851194e-01 8.635416666666667629e-01 8.541152263374484077e-01 4.976851851851851194e-01 6.250000000000000000e-01 2.305555555555555414e-01 2.305555555555555414e-01 6.250000000000000000e-01 9.155555555555554559e-01 8.635416666666667629e-01 6.242798353909463360e-01 4.976851851851851194e-01 6.250000000000000000e-01 4.976851851851851194e-01 1.135444444444444256e+00 8.541152263374484077e-01 2.305555555555555414e-01 2.305555555555555414e-01 1.404382716049382473e+00 8.635416666666667629e-01 8.541152263374484077e-01 2.305555555555555414e-01 2.305555555555555414e-01
4.976851851851851194e-01 2.305555555555555414e-01 2.305555555555555414e-01 1.171942974720752817e+00 2.305555555555555414e-01 2.305555555555555414e-01 2.305555555555555414e-01 2.305555555555555414e-01 2.305555555555555414e-01 4.976851851851851194e-01 2.305555555555555414e-01 4.976851851851851194e-01 2.305555555555555414e-01 2.305555555555555414e-01 2.305555555555555414e-01 2.305555555555555414e-01 4.014550264550264536e-01 2.305555555555555414e-01 2.305555555555555414e-01 7.759259259259259078e-01 2.305555555555555414e-01 4.014550264550264536e-01 2.305555555555555414e-01 2.305555555555555414e-01
2.305555555555555414e-01 2.305555555555555414e-01 2.305555555555555414e-01 2.305555555555555414e-01 2.305555555555555414e-01 2.305555555555555414e-01 2.305555555555555414e-01 2.305555555555555414e-01 2.305555555555555414e-01 2.305555555555555414e-01 2.305555555555555414e-01 2.305555555555555414e-01 2.305555555555555414e-01 2.305555555555555414e-01 2.305555555555555414e-01 2.305555555555555414e-01 2.305555555555555414e-01 2.305555555555555414e-01 2.305555555555555414e-01 2.305555555555555414e-01 2.305555555555555414e-01 2.305555555555555414e-01 2.305555555555555414e-01 2.305555555555555414e-01
2.305555555555555414e-01 2.305555555555555414e-01 2.305555555555555414e-01 2.305555555555555414e-01 2.305555555555555414e-01 2.305555555555555414e-01 2.305555555555555414e-01 2.305555555555555414e-01 2.305555555555555414e-01 2.305555555555555414e-01 2.305555555555555414e-01 2.305555555555555414e-01 2.305555555555555414e-01 2.305555555555555414e-01 2.305555555555555414e-01 2.305555555555555414e-01 2.305555555555555414e-01 2.305555555555555414e-01 2.305555555555555414e-01 2.305555555555555414e-01 2.305555555555555414e-01 2.305555555555555414e-01 2.305555555555555414e-01 2.305555555555555414e-01
