1.424713535004778153e+00 1.424713535004778153e+00 1.424713535004778153e+00 1.424713535004778153e+00 1.016275563087950751e+00 1.381511869361276901e+00 1.442365982927015677e+00 1.549835168263192786e+00 2.671999861061136183e+00 1.503913736818593749e+00 1.505955625955174515e+00 1.242012295994970428e+00 1.242012295994970428e+00 1.242012295994970428e+00 1.242012295994970428e+00 1.242012295994970428e+00 1.242012295994970428e+00 1.242012295994970428e+00 1.242012295994970428e+00 1.242012295994970428e+00
1.424713535004778153e+00 1.424713535004778153e+00 1.424713535004778153e+00 1.424713535004778153e+00 1.152808635873795007e+00 1.453296330911048928e+00 1.505955625955174515e+00 1.424713535004778153e+00 1.424713535004778153e+00 1.424713535004778153e+00 4.282040186413215821e+01 7.867319395615963629e+01 7.867319395615963629e+01 7.867319395615963629e+01 7.867319395615963629e+01 7.867319395615963629e+01 7.867319395615963629e+01 1.424713535004778153e+00 3.022001161594239704e+00 1.503247505797598249e+00
1.424713535004778153e+00 1.424713535004778153e+00 1.424713535004778153e+00 1.424713535004778153e+00 1.152808635873795007e+00 1.328583675907910155e+00 1.184489755918717746e+00 2.232063320542093887e+00 4.358399248473287457e+01 1.655202429410645095e+02 1.496563303881040383e+02 1.661847087862826697e+02 1.520743399756959491e+02 1.525269734893026623e+02 1.520743399756959491e+02 1.655202429410645095e+02 1.619588780855702339e+02 1.239110884094783813e+02 1.031557607456119285e+01 2.844712141455559173e+00
1.424713535004778153e+00 1.424713535004778153e+00 1.424713535004778153e+00 1.424713535004778153e+00 1.016275563087950751e+00 1.016275563087950751e+00 1.016275563087950751e+00 1.713851666243001004e+00 4.370246988271712496e+01 8.372147463562482983e+01 9.564407232010385940e+01 1.113192043504954398e+02 1.113192043504954398e+02 1.471246758754823247e+02 1.217000096430795821e+02 1.655202429410645095e+02 1.663370479960022124e+02 1.633661759688600910e+02 4.506360621132839128e+01 3.430362723589596374e+00
1.424713535004778153e+00 1.424713535004778153e+00 1.424713535004778153e+00 1.424713535004778153e+00 1.573991048200984011e+00 1.658565112332420322e+00 1.603166054381250927e+00 1.674632831454367032e+00 2.141124647513314105e+00 1.983571548087455172e+00 1.713851666243001004e+00 2.331568226776770558e+00 2.461041569273326513e+00 1.223718728795579693e+02 1.247291526589807802e+02 1.634101834528723600e+02 1.645749090761185869e+02 1.655272499856333468e+02 1.573991048200984011e+00 1.396932309464962607e+00
1.424713535004778153e+00 1.424713535004778153e+00 1.424713535004778153e+00 1.424713535004778153e+00 1.016275563087950751e+00 1.616491159975947722e+00 1.658565112332420322e+00 1.649450794251297481e+00 1.860508047975898860e+00 1.801805322589336456e+00 1.713851666243001004e+00 2.232063320542093887e+00 1.574390331503919249e+01 6.321898427646260643e+01 1.520743399756959491e+02 1.619588780855702339e+02 1.648323845834368626e+02 1.012587344022272475e+02 1.406847842370277490e+00 1.549835168263192786e+00
1.424713535004778153e+00 1.424713535004778153e+00 1.424713535004778153e+00 1.424713535004778153e+00 1.016275563087950751e+00 1.328583675907910155e+00 1.696826258116640007e+00 1.505955625955174515e+00 2.232063320542093887e+00 2.008636780975051828e+00 1.505955625955174515e+00 1.424713535004778153e+00 1.154949942904592035e+02 1.655202429410645095e+02 1.661847087862826697e+02 1.628264361456637062e+02 9.344021568531366029e+01 1.573991048200984011e+00 1.328583675907910155e+00 1.363262116195477658e+00
1.424713535004778153e+00 1.424713535004778153e+00 1.424713535004778153e+00 1.424713535004778153e+00 1.424713535004778153e+00 1.016275563087950751e+00 1.424713535004778153e+00 1.505955625955174515e+00 2.232063320542093887e+00 1.424713535004778153e+00 1.520743399756959491e+02 1.520743399756959491e+02 1.658593927668708830e+02 1.663370479960022124e+02 1.655272499856333468e+02 1.012587344022272475e+02 1.573991048200984011e+00 1.573991048200984011e+00 1.499262358286829633e+00 1.363262116195477658e+00
1.424713535004778153e+00 1.424713535004778153e+00 1.424713535004778153e+00 1.424713535004778153e+00 1.424713535004778153e+00 1.016275563087950751e+00 1.424713535004778153e+00 2.059092231551174823e+00 1.559725071308526800e+01 1.655202429410645095e+02 1.658593927668708830e+02 1.661847087862826697e+02 1.663370479960022124e+02 1.663370479960022124e+02 1.655272499856333468e+02 4.506360621132839128e+01 1.498269044047211507e+00 1.498269044047211507e+00 1.381511869361276901e+00 1.363262116195477658e+00
1.424713535004778153e+00 1.424713535004778153e+00 1.424713535004778153e+00 1.424713535004778153e+00 1.016275563087950751e+00 1.016275563087950751e+00 1.465856837589404549e+00 1.713851666243001004e+00 4.370246988271712496e+01 4.888912653482567805e+01 1.628264361456637062e+02 1.640674828453629743e+02 1.645749090761185869e+02 1.655272499856333468e+02 1.012587344022272475e+02 3.396802626739834352e+01 1.406847842370277490e+00 1.406847842370277490e+00 1.453296330911048928e+00 1.465121978560540494e+00
1.424713535004778153e+00 1.424713535004778153e+00 1.424713535004778153e+00 1.424713535004778153e+00 1.016275563087950751e+00 1.016275563087950751e+00 1.713736493186578613e+00 1.725850874895348941e+00 1.768866122301234745e+00 1.713851666243001004e+00 1.713851666243001004e+00 1.713851666243001004e+00 1.180847883951063153e+02 1.410046750402263740e+02 9.103366140625335845e+01 1.406847842370277490e+00 1.328583675907910155e+00 1.152808635873795007e+00 1.184489755918717746e+00 1.465121978560540494e+00
1.424713535004778153e+00 1.152808635873795007e+00 1.016275563087950751e+00 1.016275563087950751e+00 1.016275563087950751e+00 1.882919817122053141e+00 1.867209682411902438e+00 1.797262453028828588e+00 1.503247505797598249e+00 1.658565112332420322e+00 1.658565112332420322e+00 1.674632831454367032e+00 1.713851666243001004e+00 9.344021568531366029e+01 1.031557607456119285e+01 1.328583675907910155e+00 1.363262116195477658e+00 1.152808635873795007e+00 1.184489755918717746e+00 1.184489755918717746e+00
1.016275563087950751e+00 1.016275563087950751e+00 1.016275563087950751e+00 1.573991048200984011e+00 1.016275563087950751e+00 1.882919817122053141e+00 1.797262453028828588e+00 1.860508047975898860e+00 1.406847842370277490e+00 1.465121978560540494e+00 1.465121978560540494e+00 1.669770284651644232e+00 1.713851666243001004e+00 1.536988151570235495e+01 1.289252133437348213e+01 1.381511869361276901e+00 1.446987275405187345e+00 1.363262116195477658e+00 1.363262116195477658e+00 1.184489755918717746e+00
1.152808635873795007e+00 1.242012295994970428e+00 1.242012295994970428e+00 1.573991048200984011e+00 1.499262358286829633e+00 1.918944062609294621e+00 1.860508047975898860e+00 1.381511869361276901e+00 1.363262116195477658e+00 1.363262116195477658e+00 1.603166054381250927e+00 1.844177061917319449e+00 1.797262453028828588e+00 1.700793118262584258e+01 1.071187164627631638e+01 1.328583675907910155e+00 1.418620097608169095e+00 1.363262116195477658e+00 1.363262116195477658e+00 1.152808635873795007e+00
1.559725071308526800e+01 1.424713535004778153e+00 2.008636780975051828e+00 1.637802992244726141e+00 1.505955625955174515e+00 1.703931897868478318e+00 1.573991048200984011e+00 1.381511869361276901e+00 1.573991048200984011e+00 1.453296330911048928e+00 1.603166054381250927e+00 1.725850874895348941e+00 1.797262453028828588e+00 1.585361183052727796e+01 1.573991048200984011e+00 1.328583675907910155e+00 1.363262116195477658e+00 1.465121978560540494e+00 1.152808635873795007e+00 1.152808635873795007e+00
4.928661623744543618e+01 9.828934731957308202e+01 1.077582321730176318e+02 7.867319395615963629e+01 1.635618759024197288e+01 1.696826258116640007e+00 1.503247505797598249e+00 1.499262358286829633e+00 1.505955625955174515e+00 1.549835168263192786e+00 1.503913736818593749e+00 1.505955625955174515e+00 1.505955625955174515e+00 2.461041569273326513e+00 1.573991048200984011e+00 1.328583675907910155e+00 1.363262116195477658e+00 1.152808635873795007e+00 1.184489755918717746e+00 1.016275563087950751e+00
1.585361183052727796e+01 1.655202429410645095e+02 1.655202429410645095e+02 1.661847087862826697e+02 1.378607785395961685e+02 1.239110884094783813e+02 2.008636780975051828e+00 1.505955625955174515e+00 1.505955625955174515e+00 1.424713535004778153e+00 1.424713535004778153e+00 4.087464666376169120e+00 1.505955625955174515e+00 1.498269044047211507e+00 1.396932309464962607e+00 1.328583675907910155e+00 1.363262116195477658e+00 1.152808635873795007e+00 1.152808635873795007e+00 1.424713535004778153e+00
4.434012045073966846e+00 1.223718728795579693e+02 1.640674828453629743e+02 1.655272499856333468e+02 1.655202429410645095e+02 1.327695510869750990e+02 7.867319395615963629e+01 7.867319395615963629e+01 4.282040186413215821e+01 5.017786120545409290e+01 4.282040186413215821e+01 3.022001161594239704e+00 3.430362723589596374e+00 1.396932309464962607e+00 1.453296330911048928e+00 1.505955625955174515e+00 1.505955625955174515e+00 1.152808635873795007e+00 1.424713535004778153e+00 1.424713535004778153e+00
1.713851666243001004e+00 4.370246988271712496e+01 4.888912653482567805e+01 1.637609507451726927e+02 1.655202429410645095e+02 1.663370479960022124e+02 1.619588780855702339e+02 1.565807271484344199e+02 1.289203340815529657e+02 1.001858457324284188e+02 1.591689025231679189e+01 1.573991048200984011e+00 1.396932309464962607e+00 1.328583675907910155e+00 1.152808635873795007e+00 1.424713535004778153e+00 1.505955625955174515e+00 1.152808635873795007e+00 1.424713535004778153e+00 1.424713535004778153e+00
1.573991048200984011e+00 1.446987275405187345e+00 1.573991048200984011e+00 2.722474422352703982e+01 1.713851666243001004e+00 1.387401141858892117e+02 1.628264361456637062e+02 3.670716319662184901e+01 6.042226346181723073e+01 1.573991048200984011e+00 1.503247505797598249e+00 1.396932309464962607e+00 1.328583675907910155e+00 1.152808635873795007e+00 1.424713535004778153e+00 1.152808635873795007e+00 1.152808635873795007e+00 1.424713535004778153e+00 1.424713535004778153e+00 1.424713535004778153e+00
