2.141124647513314105e+00 1.957855809488823651e+00 1.860508047975898860e+00 1.581441769891193783e+00 1.184489755918717746e+00 1.184489755918717746e+00 1.184489755918717746e+00 1.184489755918717746e+00 1.184489755918717746e+00 1.184489755918717746e+00 1.184489755918717746e+00 1.184489755918717746e+00 1.184489755918717746e+00 1.184489755918717746e+00 1.184489755918717746e+00 1.184489755918717746e+00 1.184489755918717746e+00 1.184489755918717746e+00 1.184489755918717746e+00 1.184489755918717746e+00
2.141124647513314105e+00 1.809061481435945140e+00 1.860508047975898860e+00 1.184489755918717746e+00 1.184489755918717746e+00 1.184489755918717746e+00 1.184489755918717746e+00 1.184489755918717746e+00 1.184489755918717746e+00 1.184489755918717746e+00 1.184489755918717746e+00 1.184489755918717746e+00 1.184489755918717746e+00 1.184489755918717746e+00 1.184489755918717746e+00 1.184489755918717746e+00 1.184489755918717746e+00 1.184489755918717746e+00 1.184489755918717746e+00 1.184489755918717746e+00
1.861534432205737444e+00 1.860508047975898860e+00 1.581441769891193783e+00 1.184489755918717746e+00 1.184489755918717746e+00 1.184489755918717746e+00 1.184489755918717746e+00 1.184489755918717746e+00 1.184489755918717746e+00 1.184489755918717746e+00 1.381393823623835448e+00 1.637802992244726141e+00 1.680114372176631621e+00 1.549638141722645024e+00 1.573991048200984011e+00 1.184489755918717746e+00 1.184489755918717746e+00 1.184489755918717746e+00 1.184489755918717746e+00 1.184489755918717746e+00
1.957855809488823651e+00 1.860508047975898860e+00 1.581441769891193783e+00 1.184489755918717746e+00 1.184489755918717746e+00 1.184489755918717746e+00 1.184489755918717746e+00 1.184489755918717746e+00 1.184489755918717746e+00 1.465121978560540494e+00 5.610638976879079109e+01 7.867319395615963629e+01 6.700093826634748950e+00 2.008636780975051828e+00 1.680114372176631621e+00 1.637802992244726141e+00 1.381393823623835448e+00 1.637802992244726141e+00 1.637802992244726141e+00 2.667650965011393094e+00
1.860508047975898860e+00 1.649450794251297481e+00 1.184489755918717746e+00 1.184489755918717746e+00 1.184489755918717746e+00 1.184489755918717746e+00 1.184489755918717746e+00 1.184489755918717746e+00 1.461945197618328640e+00 5.185261557817540279e+01 1.154949942904592035e+02 1.621850987615252109e+02 1.239110884094783813e+02 1.239110884094783813e+02 7.867319395615963629e+01 7.867319395615963629e+01 2.667650965011393094e+00 2.667650965011393094e+00 5.023337133609960148e+00 5.185261557817540279e+01
1.184489755918717746e+00 1.184489755918717746e+00 1.184489755918717746e+00 1.184489755918717746e+00 1.184489755918717746e+00 1.573991048200984011e+00 1.184489755918717746e+00 1.381393823623835448e+00 1.978902454484273932e+01 1.583781498008899575e+02 1.591224734564654000e+02 1.618594280771579292e+02 1.591224734564654000e+02 1.655202429410645095e+02 1.602693086180471198e+02 1.239110884094783813e+02 1.557377537491570365e+02 8.807834032714053762e+01 4.006573563599202714e+01 4.006573563599202714e+01
1.184489755918717746e+00 1.184489755918717746e+00 1.184489755918717746e+00 1.184489755918717746e+00 1.184489755918717746e+00 1.381393823623835448e+00 2.667650965011393094e+00 1.154949942904592035e+02 1.488452148241422606e+02 1.575845912385105123e+02 1.266810348694855151e+02 1.266810348694855151e+02 6.672804525599504188e+01 9.587937328682480143e+01 6.672804525599504188e+01 6.672804525599504188e+01 5.433388249685651061e+01 1.882919817122053141e+00 1.817216895669084620e+00 1.549638141722645024e+00
1.184489755918717746e+00 1.184489755918717746e+00 1.184489755918717746e+00 1.184489755918717746e+00 1.461945197618328640e+00 5.610638976879079109e+01 1.167662100686281974e+02 1.657678458903137084e+02 1.557377537491570365e+02 1.241920092428217828e+02 1.573991048200984011e+00 1.573991048200984011e+00 1.779762007241049160e+00 3.017587306008669312e+00 3.387224808234146423e+01 1.549638141722645024e+00 1.779762007241049160e+00 1.668985090247356640e+00 1.573991048200984011e+00 1.580255397721491262e+00
1.184489755918717746e+00 1.184489755918717746e+00 1.184489755918717746e+00 1.184489755918717746e+00 1.978902454484273932e+01 1.154949942904592035e+02 1.657678458903137084e+02 1.663370479960022124e+02 1.655272499856333468e+02 1.241920092428217828e+02 1.851459101751287584e+00 3.867797439244007762e+00 1.580255397721491262e+00 1.649450794251297481e+00 1.527047385685228909e+00 1.668985090247356640e+00 1.649450794251297481e+00 1.649450794251297481e+00 1.556827975410163045e+00 1.377353748697675906e+00
1.184489755918717746e+00 1.184489755918717746e+00 1.184489755918717746e+00 1.184489755918717746e+00 6.581641490767972869e+01 1.655202429410645095e+02 1.658593927668708830e+02 1.663370479960022124e+02 1.655272499856333468e+02 1.327695510869750990e+02 3.022001161594239704e+00 1.580255397721491262e+00 1.477697610125455974e+00 1.649450794251297481e+00 1.597361131034422232e+00 1.580255397721491262e+00 1.527047385685228909e+00 1.477697610125455974e+00 1.465121978560540494e+00 1.184489755918717746e+00
1.184489755918717746e+00 1.184489755918717746e+00 1.184489755918717746e+00 1.184489755918717746e+00 1.585361183052727796e+01 1.386490894052933243e+02 1.617069377011030724e+02 1.640674828453629743e+02 1.634658636049823315e+02 1.327695510869750990e+02 3.567048582370623677e+01 1.851459101751287584e+00 1.377353748697675906e+00 1.184489755918717746e+00 1.461945197618328640e+00 1.465121978560540494e+00 1.418620097608169095e+00 1.381393823623835448e+00 1.184489755918717746e+00 1.184489755918717746e+00
1.184489755918717746e+00 1.184489755918717746e+00 1.184489755918717746e+00 1.184489755918717746e+00 4.685484925577176796e+01 1.114752664675644525e+02 1.471246758754823247e+02 1.637609507451726927e+02 1.655202429410645095e+02 1.557377537491570365e+02 8.924460166548530538e+01 3.022001161594239704e+00 1.573991048200984011e+00 1.381393823623835448e+00 1.184489755918717746e+00 1.381393823623835448e+00 1.184489755918717746e+00 1.184489755918717746e+00 1.184489755918717746e+00 1.184489755918717746e+00
1.184489755918717746e+00 1.184489755918717746e+00 1.184489755918717746e+00 1.184489755918717746e+00 1.573991048200984011e+00 1.861534432205737444e+00 2.889886561194960901e+00 1.114752664675644525e+02 1.318324640660608793e+02 1.563798814717997345e+02 1.327695510869750990e+02 3.567048582370623677e+01 1.549638141722645024e+00 1.418620097608169095e+00 1.381393823623835448e+00 1.184489755918717746e+00 1.184489755918717746e+00 1.573991048200984011e+00 1.184489755918717746e+00 1.184489755918717746e+00
1.184489755918717746e+00 1.184489755918717746e+00 1.184489755918717746e+00 1.573991048200984011e+00 1.580255397721491262e+00 1.465121978560540494e+00 1.911338484303447549e+00 1.861534432205737444e+00 2.889886561194960901e+00 1.318324640660608793e+02 1.410046750402263740e+02 6.487835599880581583e+01 1.377353748697675906e+00 1.381393823623835448e+00 1.381393823623835448e+00 1.381393823623835448e+00 1.573991048200984011e+00 1.549638141722645024e+00 1.477697610125455974e+00 1.381393823623835448e+00
1.184489755918717746e+00 1.184489755918717746e+00 1.184489755918717746e+00 1.461945197618328640e+00 1.637802992244726141e+00 4.093644855383756109e+00 1.872320102627173855e+00 2.141124647513314105e+00 1.556827975410163045e+00 1.223718728795579693e+02 1.488817058472041879e+02 6.551390329448364014e+01 2.382148819793305172e+00 1.377353748697675906e+00 1.184489755918717746e+00 1.184489755918717746e+00 1.580255397721491262e+00 1.477697610125455974e+00 1.527047385685228909e+00 1.381393823623835448e+00
1.184489755918717746e+00 1.184489755918717746e+00 1.184489755918717746e+00 2.667650965011393094e+00 3.022001161594239704e+00 1.377353748697675906e+00 1.184489755918717746e+00 2.008636780975051828e+00 1.860508047975898860e+00 6.320562403593707046e+01 1.310108562688255347e+02 6.551390329448364014e+01 1.851459101751287584e+00 1.377353748697675906e+00 1.184489755918717746e+00 1.573991048200984011e+00 1.499262358286829633e+00 1.477697610125455974e+00 1.381393823623835448e+00 1.184489755918717746e+00
1.381393823623835448e+00 1.381393823623835448e+00 1.381393823623835448e+00 1.988400131975591734e+00 2.382148819793305172e+00 2.844712141455559173e+00 1.549638141722645024e+00 1.461945197618328640e+00 1.581441769891193783e+00 3.380360517074772275e+01 3.393620561143087144e+01 3.567048582370623677e+01 1.573991048200984011e+00 1.549638141722645024e+00 1.418620097608169095e+00 1.377353748697675906e+00 1.418620097608169095e+00 1.381393823623835448e+00 1.381393823623835448e+00 1.184489755918717746e+00
1.381393823623835448e+00 1.381393823623835448e+00 1.527047385685228909e+00 1.882919817122053141e+00 1.668985090247356640e+00 1.573991048200984011e+00 1.477697610125455974e+00 1.184489755918717746e+00 1.573991048200984011e+00 1.556827975410163045e+00 2.889886561194960901e+00 1.573991048200984011e+00 1.618865528087227279e+00 1.418620097608169095e+00 1.381393823623835448e+00 1.184489755918717746e+00 1.418620097608169095e+00 1.381393823623835448e+00 1.381393823623835448e+00 1.184489755918717746e+00
1.184489755918717746e+00 1.184489755918717746e+00 1.549638141722645024e+00 1.549638141722645024e+00 1.549638141722645024e+00 1.668985090247356640e+00 1.477697610125455974e+00 1.184489755918717746e+00 1.597361131034422232e+00 1.477697610125455974e+00 1.882919817122053141e+00 1.549638141722645024e+00 1.477697610125455974e+00 1.465121978560540494e+00 1.184489755918717746e+00 1.184489755918717746e+00 1.377353748697675906e+00 1.381393823623835448e+00 1.184489755918717746e+00 1.184489755918717746e+00
1.184489755918717746e+00 1.184489755918717746e+00 1.184489755918717746e+00 1.465121978560540494e+00 1.465121978560540494e+00 1.381393823623835448e+00 1.184489755918717746e+00 1.184489755918717746e+00 1.580255397721491262e+00 1.465121978560540494e+00 1.851459101751287584e+00 1.377353748697675906e+00 1.527047385685228909e+00 1.381393823623835448e+00 1.184489755918717746e+00 1.184489755918717746e+00 1.184489755918717746e+00 1.184489755918717746e+00 1.184489755918717746e+00 1.184489755918717746e+00
