1.137251728613868629e+01 1.137251728613868629e+01 1.137251728613868629e+01 1.137251728613868629e+01 1.137251728613868629e+01 1.513667193724102411e+01 2.288868286889500681e+01 2.642750068688791742e+01 3.048098015137987460e+01 2.893649595691263343e+01 3.247755908085073173e+01 3.793701166723663931e+01 4.275124909452586763e+01 4.415113662703367226e+01 5.383762621459602826e+01 4.237172772466104931e+01 4.062938245188333042e+01 2.993339851228013870e+01 2.202509809513988870e+01 1.137251728613868629e+01
1.137251728613868629e+01 1.137251728613868629e+01 1.137251728613868629e+01 1.137251728613868629e+01 1.898624532192540926e+01 2.371228569088273375e+01 3.452608949830435847e+01 4.240407499085240062e+01 5.147059158491578756e+01 5.383762621459602826e+01 5.482696334956748530e+01 6.579763334965480226e+01 6.579763334965480226e+01 7.451852821981542263e+01 7.219876209308588955e+01 6.244180903562612883e+01 5.329084466681283772e+01 3.808483166271745546e+01 2.202509809513988870e+01 1.137251728613868629e+01
1.137251728613868629e+01 1.137251728613868629e+01 1.137251728613868629e+01 1.137251728613868629e+01 2.371228569088273375e+01 3.571096479776888799e+01 5.295171669785315771e+01 6.838906926871419500e+01 8.069631785213371700e+01 8.713367439169442719e+01 9.439061252242548505e+01 8.373476202756651787e+01 9.417732235848066580e+01 9.071426645303105829e+01 8.294311872770731497e+01 6.863060358112838344e+01 5.388815243794815757e+01 3.534931692274859927e+01 2.433328676543170133e+01 1.137251728613868629e+01
1.137251728613868629e+01 1.137251728613868629e+01 1.137251728613868629e+01 1.898624532192540926e+01 2.999694634808318838e+01 5.079764962848646093e+01 7.061408389157361398e+01 9.132353764593966616e+01 1.031406667960473271e+02 1.023134105350499681e+02 9.875640738573000021e+01 9.856492053074865112e+01 8.963247651229144708e+01 8.654029965846159200e+01 7.508028722149870759e+01 6.467955276440835632e+01 4.439348330104167673e+01 3.074442366493345347e+01 2.368571796352437531e+01 1.137251728613868629e+01
1.137251728613868629e+01 1.137251728613868629e+01 1.137251728613868629e+01 2.090783292994696296e+01 3.734713248572933253e+01 6.150416641924906003e+01 8.927614617602915814e+01 1.023134105350499681e+02 1.041045544812906343e+02 9.172957323553241338e+01 8.654029965846159200e+01 8.174764197364223151e+01 7.844698849143797759e+01 6.879477601636341433e+01 5.691762766944562912e+01 4.580884122987190921e+01 3.558234291961488793e+01 2.521641010348762535e+01 1.759770936818044618e+01 1.137251728613868629e+01
1.137251728613868629e+01 1.137251728613868629e+01 1.137251728613868629e+01 2.679293509387759897e+01 4.446171074136233869e+01 7.225732157984663218e+01 9.643927369327735732e+01 1.035128937191947784e+02 9.325902901775285159e+01 7.508028722149870759e+01 6.827377506800323204e+01 6.279977509026855387e+01 5.027458216561596061e+01 3.991416381431575644e+01 3.007228665707719273e+01 2.521641010348762535e+01 2.376139158756334879e+01 1.779840041986890142e+01 1.137251728613868629e+01 1.137251728613868629e+01
1.137251728613868629e+01 1.137251728613868629e+01 1.513667193724102411e+01 2.661150548290510187e+01 4.883133956083237592e+01 8.166381744462157144e+01 1.004269208388734995e+02 9.875640738573000021e+01 8.295820827485614757e+01 6.863060358112838344e+01 5.652023497791547157e+01 5.666941377297980154e+01 3.868275801220389098e+01 3.868275801220389098e+01 2.637026384704041959e+01 1.983917948555748012e+01 1.759770936818044618e+01 1.137251728613868629e+01 1.137251728613868629e+01 1.137251728613868629e+01
1.137251728613868629e+01 1.137251728613868629e+01 1.898624532192540926e+01 3.279836236708239738e+01 5.545195109652075161e+01 8.397629004977790146e+01 1.004269208388734995e+02 9.338880003901110172e+01 9.181800789010860342e+01 7.056676616106132371e+01 7.798773371299057544e+01 7.056676616106132371e+01 5.855870590381934448e+01 4.097780613246419534e+01 3.041221815792154359e+01 2.202509809513988870e+01 1.137251728613868629e+01 1.137251728613868629e+01 1.137251728613868629e+01 1.137251728613868629e+01
1.137251728613868629e+01 1.137251728613868629e+01 2.089100076946766649e+01 3.379336434886498353e+01 5.608088334407401021e+01 8.950427893524502565e+01 1.004269208388734995e+02 1.061917331718615856e+02 9.684549997922759701e+01 9.439061252242548505e+01 8.865565298908497027e+01 8.865565298908497027e+01 7.332475006961590225e+01 5.855870590381934448e+01 4.127383045923090776e+01 2.993339851228013870e+01 2.202509809513988870e+01 1.137251728613868629e+01 1.137251728613868629e+01 1.137251728613868629e+01
1.137251728613868629e+01 1.137251728613868629e+01 1.898624532192540926e+01 2.749142178355513977e+01 5.579125899993440640e+01 7.992423938359198132e+01 9.764740920362447696e+01 1.031002805980080836e+02 1.061461833909342545e+02 9.875640738573000021e+01 9.856492053074865112e+01 8.963247651229144708e+01 8.700890255376515370e+01 7.365333927313655238e+01 6.117098969109301265e+01 3.978625883174039757e+01 2.772480485986402599e+01 1.232074301461667254e+01 1.137251728613868629e+01 1.137251728613868629e+01
1.137251728613868629e+01 1.137251728613868629e+01 1.137251728613868629e+01 2.749142178355513977e+01 4.060654230874157378e+01 6.155467068425413402e+01 8.559466602443458783e+01 8.752079703305896885e+01 8.752079703305896885e+01 8.654029965846159200e+01 8.752079703305896885e+01 8.752079703305896885e+01 8.752079703305896885e+01 7.649472181174928664e+01 7.365333927313655238e+01 5.314917356507091739e+01 3.948372558025429413e+01 2.202509809513988870e+01 1.137251728613868629e+01 1.137251728613868629e+01
1.137251728613868629e+01 1.137251728613868629e+01 1.137251728613868629e+01 2.349478139652563158e+01 3.187637608557330182e+01 4.880211454508854274e+01 5.688312356916659951e+01 6.827377506800323204e+01 6.879477601636341433e+01 5.847446684007483242e+01 5.847446684007483242e+01 5.847446684007483242e+01 6.502499540329849026e+01 7.406895281380855067e+01 7.105529491571397216e+01 6.759611020901610345e+01 4.698456286339895627e+01 2.993339851228013870e+01 2.202509809513988870e+01 1.137251728613868629e+01
1.137251728613868629e+01 1.137251728613868629e+01 1.137251728613868629e+01 1.137251728613868629e+01 2.386791910945657236e+01 3.187637608557330182e+01 3.661064988801934561e+01 3.854097722142306992e+01 3.854097722142306992e+01 3.502344597532530202e+01 3.502344597532530202e+01 3.661064988801934561e+01 4.280925302017612921e+01 5.640053915948501384e+01 6.741211037146427998e+01 7.200627895446520199e+01 5.948575465942285945e+01 3.808483166271745546e+01 2.202509809513988870e+01 1.137251728613868629e+01
1.137251728613868629e+01 1.137251728613868629e+01 1.137251728613868629e+01 1.137251728613868629e+01 1.137251728613868629e+01 1.837856612832709757e+01 2.482414283412323641e+01 2.343625524031424234e+01 2.376139158756334879e+01 2.199092339112701566e+01 2.199092339112701566e+01 2.482414283412323641e+01 3.160759189569139593e+01 5.133968696829996503e+01 6.741211037146427998e+01 7.731820317571826706e+01 6.034228413907248978e+01 4.186252144182306267e+01 2.472794785231747383e+01 1.137251728613868629e+01
1.137251728613868629e+01 1.137251728613868629e+01 1.137251728613868629e+01 1.137251728613868629e+01 1.232074301461667254e+01 1.898624532192540926e+01 2.516348702404582127e+01 2.582805826843918950e+01 2.425685328181655720e+01 1.983917948555748012e+01 1.431424090400352611e+01 2.090783292994696296e+01 3.279836236708239738e+01 5.133968696829996503e+01 7.147260553445472908e+01 7.731820317571826706e+01 7.075317548249138611e+01 4.186252144182306267e+01 2.472794785231747383e+01 1.137251728613868629e+01
1.137251728613868629e+01 1.137251728613868629e+01 1.137251728613868629e+01 1.232074301461667254e+01 2.371228569088273375e+01 2.926199057811667004e+01 3.771519408976064369e+01 3.499624606326418075e+01 3.261402268888410561e+01 2.486176243511298978e+01 2.303862142333700547e+01 2.371228569088273375e+01 3.734713248572933253e+01 5.895381200244682418e+01 7.776409381323520620e+01 8.385551006633727411e+01 6.506088795246107281e+01 4.380370781448870332e+01 2.472794785231747383e+01 1.137251728613868629e+01
1.137251728613868629e+01 1.137251728613868629e+01 1.137251728613868629e+01 1.898624532192540926e+01 3.124765829870605316e+01 4.851721019693122372e+01 5.482696334956748530e+01 7.056676616106132371e+01 5.855870590381934448e+01 4.097780613246419534e+01 3.499624606326418075e+01 3.793701166723663931e+01 5.079764962848646093e+01 7.252999866777575733e+01 8.381262642936825102e+01 8.092588661651228676e+01 6.249470305031320549e+01 3.883101030727689817e+01 2.368571796352437531e+01 1.137251728613868629e+01
1.137251728613868629e+01 1.137251728613868629e+01 1.137251728613868629e+01 2.379786553797185178e+01 4.068040303065372854e+01 6.406487133881421414e+01 7.938718570011009490e+01 8.865565298908497027e+01 7.332475006961590225e+01 7.056676616106132371e+01 5.383762621459602826e+01 5.802503156858293210e+01 7.252999866777575733e+01 8.639567899659888894e+01 8.339761374149269102e+01 7.580965488031009158e+01 5.297500169942210135e+01 3.300496890800970817e+01 1.983917948555748012e+01 1.137251728613868629e+01
1.137251728613868629e+01 1.137251728613868629e+01 1.137251728613868629e+01 2.531372258099227324e+01 4.046336383232158340e+01 7.225732157984663218e+01 9.013181837872154745e+01 1.061917331718615856e+02 9.574027468639023652e+01 8.865565298908497027e+01 7.798773371299057544e+01 8.373476202756651787e+01 8.882555568967572412e+01 9.097776222911998900e+01 8.630451783428087253e+01 6.777078756221685296e+01 4.663605049050162421e+01 2.433328676543170133e+01 1.759770936818044618e+01 1.137251728613868629e+01
1.137251728613868629e+01 1.137251728613868629e+01 1.137251728613868629e+01 2.349478139652563158e+01 3.763479976630730306e+01 5.902128706191970764e+01 8.570441209213987577e+01 9.742630944814564486e+01 9.856492053074865112e+01 9.875640738573000021e+01 9.071426645303105829e+01 9.097776222911998900e+01 9.238562003017075597e+01 8.963247651229144708e+01 7.508028722149870759e+01 5.236081561962652131e+01 3.300496890800970817e+01 2.368571796352437531e+01 1.137251728613868629e+01 1.137251728613868629e+01
