1.387317115331792028e+00 1.387317115331792028e+00 1.386032967653833214e+00 1.543729889934378097e+00 8.275293500523792645e-01 1.376805112332250891e+00 1.420264849476479574e+00 1.041912591481560568e+00 4.567262306759756996e+01 4.567262306759756996e+01 4.187183093749625584e+01 7.867319395615963629e+01 4.567262306759756996e+01 3.905427777133452594e+01 1.572010446177020793e+00 1.259980764519020857e+00 1.088012546557757254e+00 8.275293500523792645e-01 8.275293500523792645e-01 8.275293500523792645e-01
1.387317115331792028e+00 1.387317115331792028e+00 1.420264849476479574e+00 1.192872812303656493e+00 8.275293500523792645e-01 1.573991048200984011e+00 1.420264849476479574e+00 1.581748143440638188e+01 2.848420497429683351e+01 1.019695740816321177e+02 1.047598387573732452e+02 1.595015330199970265e+02 1.615310368925458420e+02 1.609890558462556669e+02 1.545927694106723704e+00 1.477343376944341591e+00 1.376805112332250891e+00 1.016275563087950751e+00 8.275293500523792645e-01 8.275293500523792645e-01
1.387317115331792028e+00 1.387317115331792028e+00 1.420264849476479574e+00 8.799484350806676680e-01 7.929667924424613767e-01 1.577818801921960779e+00 1.713851666243001004e+00 1.713851666243001004e+00 5.433388249685651061e+01 4.370246988271712496e+01 1.053511825278631164e+02 1.599063461140093807e+02 1.452121984232830982e+02 1.631022845469287859e+02 1.651591775012920316e+00 1.572010446177020793e+00 1.193931229416546058e+00 1.088012546557757254e+00 1.380940403702267227e+00 7.929667924424613767e-01
1.387317115331792028e+00 1.387317115331792028e+00 1.420264849476479574e+00 1.041912591481560568e+00 8.275293500523792645e-01 1.545927694106723704e+00 1.227766707674468272e+00 1.612386125062475362e+00 1.387317115331792028e+00 1.376805112332250891e+00 2.851247380433852729e+00 1.713851666243001004e+00 1.217000096430795821e+02 1.657832046562924688e+02 1.252215593997238443e+02 1.651591775012920316e+00 1.597914220750751513e+00 1.505955625955174515e+00 8.799484350806676680e-01 8.275293500523792645e-01
1.387317115331792028e+00 1.387317115331792028e+00 1.420264849476479574e+00 1.088012546557757254e+00 7.929667924424613767e-01 1.545927694106723704e+00 1.247064098548694711e+00 1.184277813070984342e+00 1.088012546557757254e+00 8.799484350806676680e-01 1.420264849476479574e+00 8.669826862958356628e+01 1.657832046562924688e+02 1.663612884833478063e+02 1.655272499856333468e+02 1.545927694106723704e+00 1.376805112332250891e+00 8.799484350806676680e-01 1.581441769891193783e+00 8.275293500523792645e-01
1.387317115331792028e+00 1.387317115331792028e+00 1.420264849476479574e+00 1.088012546557757254e+00 8.799484350806676680e-01 8.799484350806676680e-01 1.041912591481560568e+00 1.088012546557757254e+00 1.029751765900189353e+00 7.929667924424613767e-01 1.088012546557757254e+00 2.894856176065979003e+00 1.659997423171993205e+02 1.387401141858892117e+02 1.573991048200984011e+00 8.799484350806676680e-01 8.799484350806676680e-01 1.247064098548694711e+00 1.088012546557757254e+00 8.275293500523792645e-01
1.387317115331792028e+00 1.387317115331792028e+00 1.387317115331792028e+00 1.184277813070984342e+00 8.799484350806676680e-01 7.929667924424613767e-01 1.029751765900189353e+00 1.088012546557757254e+00 1.016275563087950751e+00 1.041912591481560568e+00 1.970498582547777389e+01 8.604550650333136730e+01 1.154103570211030672e+02 1.376805112332250891e+00 2.865481741980495300e+01 8.799484350806676680e-01 8.799484350806676680e-01 8.799484350806676680e-01 1.088012546557757254e+00 1.029751765900189353e+00
1.387317115331792028e+00 1.387317115331792028e+00 1.387317115331792028e+00 1.387317115331792028e+00 7.929667924424613767e-01 7.929667924424613767e-01 8.799484350806676680e-01 1.041912591481560568e+00 1.041912591481560568e+00 2.894856176065979003e+00 9.133890630099615748e+01 1.014572679778440261e+02 1.376805112332250891e+00 1.447759880441468416e+00 1.424351470704003475e+00 1.029751765900189353e+00 8.275293500523792645e-01 8.275293500523792645e-01 1.088012546557757254e+00 1.088012546557757254e+00
1.387317115331792028e+00 1.387317115331792028e+00 1.387317115331792028e+00 1.420264849476479574e+00 1.192872812303656493e+00 1.376805112332250891e+00 1.247064098548694711e+00 1.041912591481560568e+00 1.543729889934378097e+00 8.669826862958356628e+01 1.488452148241422606e+02 1.271785979670221707e+02 1.376805112332250891e+00 1.420264849476479574e+00 1.184277813070984342e+00 1.029751765900189353e+00 8.799484350806676680e-01 8.799484350806676680e-01 1.041912591481560568e+00 8.275293500523792645e-01
1.387317115331792028e+00 1.387317115331792028e+00 1.386032967653833214e+00 1.505955625955174515e+00 1.376805112332250891e+00 1.376805112332250891e+00 1.420264849476479574e+00 1.088012546557757254e+00 5.036829051992705075e+01 1.154949942904592035e+02 1.019695740816321177e+02 1.545927694106723704e+00 1.381511869361276901e+00 1.486901096129977340e+00 1.193931229416546058e+00 1.088012546557757254e+00 8.275293500523792645e-01 8.275293500523792645e-01 8.275293500523792645e-01 8.275293500523792645e-01
1.376805112332250891e+00 1.387317115331792028e+00 1.386032967653833214e+00 1.543729889934378097e+00 1.545927694106723704e+00 1.259980764519020857e+00 1.465121978560540494e+00 1.968956793050150811e+00 6.355425149825219933e+01 1.014572679778440261e+02 1.573991048200984011e+00 1.376805112332250891e+00 1.549835168263192786e+00 1.088012546557757254e+00 8.275293500523792645e-01 8.275293500523792645e-01 8.275293500523792645e-01 7.929667924424613767e-01 1.016275563087950751e+00 7.929667924424613767e-01
1.386032967653833214e+00 1.386032967653833214e+00 1.505955625955174515e+00 8.799484350806676680e-01 7.929667924424613767e-01 1.183977265424331238e+00 1.543729889934378097e+00 9.133890630099615748e+01 1.014572679778440261e+02 1.573991048200984011e+00 1.376805112332250891e+00 1.387317115331792028e+00 1.424351470704003475e+00 1.029751765900189353e+00 7.929667924424613767e-01 8.275293500523792645e-01 1.016275563087950751e+00 1.376805112332250891e+00 1.387317115331792028e+00 8.799484350806676680e-01
7.929667924424613767e-01 8.275293500523792645e-01 1.184489755918717746e+00 1.376805112332250891e+00 7.929667924424613767e-01 1.088012546557757254e+00 8.669826862958356628e+01 1.576917264683239921e+02 2.848420497429683351e+01 1.545927694106723704e+00 1.437124965508596697e+00 1.387317115331792028e+00 1.183977265424331238e+00 1.088012546557757254e+00 1.016275563087950751e+00 1.573991048200984011e+00 1.376805112332250891e+00 1.465331695658469213e+00 1.184489755918717746e+00 8.799484350806676680e-01
7.929667924424613767e-01 1.376805112332250891e+00 1.016275563087950751e+00 1.193931229416546058e+00 1.386032967653833214e+00 6.211554766218787194e+01 1.154949942904592035e+02 1.417950467555324110e+02 1.651591775012920316e+00 1.651591775012920316e+00 1.381511869361276901e+00 1.376805112332250891e+00 1.259980764519020857e+00 1.387317115331792028e+00 1.376805112332250891e+00 1.467420236836313618e+00 1.549835168263192786e+00 1.424713535004778153e+00 1.465121978560540494e+00 1.088012546557757254e+00
1.376805112332250891e+00 1.247064098548694711e+00 1.184489755918717746e+00 1.041912591481560568e+00 1.083290929592428427e+02 1.657832046562924688e+02 1.628022050622349184e+02 1.573991048200984011e+00 2.048147418484377535e+00 1.817216895669084620e+00 1.539822482254066704e+00 1.376805112332250891e+00 1.387317115331792028e+00 1.184277813070984342e+00 1.543729889934378097e+00 1.386032967653833214e+00 1.573991048200984011e+00 1.499262358286829633e+00 1.453419187518271594e+00 1.184277813070984342e+00
1.387317115331792028e+00 1.041912591481560568e+00 1.088012546557757254e+00 8.669826862958356628e+01 1.657832046562924688e+02 1.665474644541448583e+02 1.664218353935301309e+02 4.295673182032287230e+01 2.008636780975051828e+00 1.503913736818593749e+00 1.503913736818593749e+00 1.386032967653833214e+00 1.386032967653833214e+00 1.386032967653833214e+00 1.424713535004778153e+00 1.397132981761514792e+00 1.651591775012920316e+00 1.573991048200984011e+00 1.376805112332250891e+00 1.184277813070984342e+00
1.193931229416546058e+00 1.088012546557757254e+00 8.275293500523792645e-01 1.217000096430795821e+02 1.659997423171993205e+02 1.658849758204185036e+02 1.662156510412373507e+02 1.595015330199970265e+02 2.602848582009876566e+00 2.602848582009876566e+00 4.534254742368788271e+01 4.187183093749625584e+01 4.187183093749625584e+01 4.385183170792616636e+01 2.848420497429683351e+01 5.583970792858973198e+01 1.545927694106723704e+00 1.557003118191639057e+00 1.420264849476479574e+00 1.442365982927015677e+00
1.420264849476479574e+00 1.088012546557757254e+00 1.192872812303656493e+00 1.713851666243001004e+00 1.085045020636404587e+02 1.392531528392862867e+02 1.276865156037861198e+02 5.583970792858973198e+01 4.006573563599202714e+01 2.866251718785330738e+01 9.985660739341928149e+01 1.154949942904592035e+02 1.289203340815529657e+02 5.583970792858973198e+01 4.006573563599202714e+01 1.376805112332250891e+00 1.447759880441468416e+00 1.545927694106723704e+00 1.386032967653833214e+00 1.088012546557757254e+00
1.193931229416546058e+00 1.088012546557757254e+00 8.275293500523792645e-01 8.799484350806676680e-01 1.713851666243001004e+00 4.148987645386432632e+01 6.642368617169765344e+01 2.848420497429683351e+01 2.039670772140172161e+01 3.670716319662184901e+01 3.670716319662184901e+01 3.670716319662184901e+01 6.706932911946690012e+01 1.345651919032489374e+01 1.467420236836313618e+00 8.799484350806676680e-01 8.799484350806676680e-01 8.799484350806676680e-01 1.386032967653833214e+00 8.275293500523792645e-01
1.543729889934378097e+00 1.016275563087950751e+00 1.016275563087950751e+00 1.016275563087950751e+00 8.275293500523792645e-01 1.376805112332250891e+00 8.799484350806676680e-01 8.799484350806676680e-01 8.799484350806676680e-01 8.799484350806676680e-01 8.799484350806676680e-01 8.799484350806676680e-01 8.799484350806676680e-01 1.387317115331792028e+00 1.376805112332250891e+00 1.376805112332250891e+00 1.016275563087950751e+00 1.016275563087950751e+00 1.420264849476479574e+00 1.376805112332250891e+00
