1.180198572791851142e+01 1.781924018374368046e+01 2.669151591334884444e+01 3.898663035506271513e+01 3.898663035506271513e+01 2.880874966003295867e+01 2.494152435476620866e+01 1.733787491483850829e+01 1.224774000147694863e+01 1.180198572791851142e+01 1.180198572791851142e+01 1.180198572791851142e+01 1.180198572791851142e+01 1.180198572791851142e+01 1.180198572791851142e+01 1.180198572791851142e+01 1.224774000147694863e+01 1.180198572791851142e+01 1.180198572791851142e+01 1.180198572791851142e+01
1.338908330345053699e+01 2.571931366295831367e+01 4.455464107534231744e+01 5.732527583667459936e+01 6.550442320965461818e+01 5.350865055740035103e+01 3.791338947455109576e+01 1.733787491483850829e+01 1.309881850178644136e+01 1.224774000147694863e+01 1.180198572791851142e+01 1.180198572791851142e+01 1.180198572791851142e+01 1.180198572791851142e+01 1.180198572791851142e+01 1.224774000147694863e+01 1.224774000147694863e+01 1.180198572791851142e+01 1.224774000147694863e+01 1.180198572791851142e+01
1.338908330345053699e+01 2.571931366295831367e+01 4.946452828805954027e+01 7.683733451376730272e+01 8.486240461218417863e+01 7.710806259024825238e+01 5.350865055740035103e+01 2.880874966003295867e+01 1.733787491483850829e+01 1.224774000147694863e+01 1.180198572791851142e+01 1.180198572791851142e+01 1.781924018374368046e+01 2.031864006372354936e+01 2.031864006372354936e+01 2.355239251600599104e+01 2.078931812113923172e+01 1.733787491483850829e+01 1.224774000147694863e+01 1.180198572791851142e+01
1.338908330345053699e+01 2.571931366295831367e+01 4.946452828805954027e+01 8.272182461691869548e+01 9.871595050220561518e+01 8.130855834826212458e+01 6.321353770401854888e+01 2.880874966003295867e+01 1.733787491483850829e+01 1.224774000147694863e+01 1.180198572791851142e+01 1.781924018374368046e+01 2.669151591334884444e+01 3.551742027327514251e+01 3.898663035506271513e+01 3.898663035506271513e+01 2.880874966003295867e+01 2.880874966003295867e+01 1.733787491483850829e+01 1.224774000147694863e+01
1.338908330345053699e+01 2.571931366295831367e+01 4.455464107534231744e+01 8.272182461691869548e+01 9.871595050220561518e+01 9.634620918464715089e+01 6.234998064283175978e+01 3.656816156860149647e+01 2.355239251600599104e+01 1.224774000147694863e+01 1.781924018374368046e+01 2.226924051535441151e+01 3.551742027327514251e+01 5.732527583667459936e+01 6.550442320965461818e+01 5.350865055740035103e+01 4.278863917702968678e+01 2.880874966003295867e+01 1.733787491483850829e+01 1.224774000147694863e+01
1.362135148384965611e+01 1.696364984531836129e+01 3.488670899425962801e+01 5.732527583667459936e+01 8.272182461691869548e+01 9.634620918464715089e+01 8.130855834826212458e+01 5.350865055740035103e+01 2.880874966003295867e+01 2.355239251600599104e+01 2.226924051535441151e+01 3.551742027327514251e+01 5.483950746911895635e+01 7.521707656867627634e+01 8.486240461218417863e+01 8.130855834826212458e+01 5.350865055740035103e+01 3.503192722168834194e+01 1.733787491483850829e+01 1.309881850178644136e+01
1.270423337916589013e+01 1.696364984531836129e+01 3.048777003580756428e+01 5.606451569177594507e+01 8.272182461691869548e+01 1.028177640377976161e+02 9.634620918464715089e+01 7.710806259024825238e+01 5.350865055740035103e+01 3.898663035506271513e+01 3.898663035506271513e+01 4.455464107534231744e+01 7.521707656867627634e+01 9.455339789055852862e+01 1.062064111096193244e+02 9.351019444423367588e+01 6.321353770401854888e+01 3.656816156860149647e+01 2.355239251600599104e+01 1.309881850178644136e+01
1.180198572791851142e+01 1.338908330345053699e+01 3.048777003580756428e+01 5.606451569177594507e+01 8.272182461691869548e+01 1.005917176229372245e+02 1.051164740634781509e+02 9.351019444423367588e+01 8.130855834826212458e+01 6.550442320965461818e+01 6.550442320965461818e+01 7.683733451376730272e+01 9.301203199214114647e+01 1.124440388463088425e+02 1.140177691172427501e+02 9.739231302879275631e+01 6.321353770401854888e+01 3.656816156860149647e+01 1.733787491483850829e+01 1.309881850178644136e+01
1.180198572791851142e+01 1.362135148384965611e+01 1.696364984531836129e+01 3.048777003580756428e+01 6.131641341580239413e+01 9.068104327640911322e+01 1.062064111096193244e+02 1.051164740634781509e+02 1.051164740634781509e+02 8.486240461218417863e+01 8.486240461218417863e+01 9.455339789055852862e+01 1.124440388463088425e+02 1.171375569600467230e+02 1.191981308438232645e+02 9.739231302879275631e+01 6.321353770401854888e+01 3.656816156860149647e+01 1.764085010883131233e+01 1.309881850178644136e+01
1.180198572791851142e+01 1.270423337916589013e+01 1.338908330345053699e+01 3.048777003580756428e+01 4.880211454508854274e+01 6.180615314284349182e+01 9.068104327640911322e+01 9.871595050220561518e+01 1.051164740634781509e+02 1.051164740634781509e+02 1.028177640377976161e+02 1.132785275654773045e+02 1.226890068470723065e+02 1.284297810907546875e+02 1.191981308438232645e+02 8.820929203671636287e+01 5.907410365684714293e+01 3.503192722168834194e+01 1.764085010883131233e+01 1.270423337916589013e+01
1.180198572791851142e+01 1.180198572791851142e+01 1.362135148384965611e+01 1.872436872752922099e+01 3.048777003580756428e+01 4.880211454508854274e+01 6.131641341580239413e+01 8.366689725956619839e+01 8.366689725956619839e+01 9.404969499459899396e+01 1.058294537435570959e+02 1.171375569600467230e+02 1.226890068470723065e+02 1.191981308438232645e+02 1.090347663598811891e+02 8.461010262780149560e+01 5.213581763462038055e+01 3.147032526014577769e+01 1.764085010883131233e+01 1.224774000147694863e+01
1.180198572791851142e+01 1.180198572791851142e+01 1.270423337916589013e+01 1.362135148384965611e+01 1.872436872752922099e+01 3.048777003580756428e+01 3.048777003580756428e+01 4.880211454508854274e+01 6.131641341580239413e+01 7.362662836721374049e+01 8.366689725956619839e+01 9.404969499459899396e+01 1.171375569600467230e+02 1.146508291030773137e+02 1.042991625285971651e+02 7.710806259024825238e+01 5.005390562741116867e+01 2.526361794323160481e+01 1.309881850178644136e+01 1.180198572791851142e+01
1.180198572791851142e+01 1.180198572791851142e+01 1.180198572791851142e+01 1.270423337916589013e+01 1.362135148384965611e+01 1.362135148384965611e+01 1.872436872752922099e+01 3.048777003580756428e+01 3.048777003580756428e+01 4.880211454508854274e+01 5.606451569177594507e+01 8.003144911357259161e+01 1.005917176229372245e+02 1.140177691172427501e+02 9.634620918464715089e+01 7.710806259024825238e+01 4.278863917702968678e+01 2.355239251600599104e+01 1.309881850178644136e+01 1.180198572791851142e+01
1.180198572791851142e+01 1.180198572791851142e+01 1.180198572791851142e+01 1.180198572791851142e+01 1.180198572791851142e+01 1.270423337916589013e+01 1.362135148384965611e+01 1.362135148384965611e+01 1.872436872752922099e+01 3.048777003580756428e+01 4.455464107534231744e+01 8.272182461691869548e+01 1.005917176229372245e+02 1.107900765051377761e+02 9.634620918464715089e+01 6.234998064283175978e+01 3.656816156860149647e+01 1.764085010883131233e+01 1.309881850178644136e+01 1.180198572791851142e+01
1.180198572791851142e+01 1.180198572791851142e+01 1.180198572791851142e+01 1.180198572791851142e+01 1.180198572791851142e+01 1.180198572791851142e+01 1.180198572791851142e+01 1.338908330345053699e+01 1.781924018374368046e+01 2.835485474175408882e+01 4.946452828805954027e+01 7.787565461777408871e+01 1.005917176229372245e+02 1.051164740634781509e+02 8.820929203671636287e+01 6.234998064283175978e+01 3.656816156860149647e+01 1.764085010883131233e+01 1.270423337916589013e+01 1.180198572791851142e+01
1.180198572791851142e+01 1.180198572791851142e+01 1.180198572791851142e+01 1.180198572791851142e+01 1.180198572791851142e+01 1.180198572791851142e+01 1.180198572791851142e+01 1.180198572791851142e+01 2.226924051535441151e+01 3.551742027327514251e+01 6.402175548994188148e+01 9.120677223112834042e+01 1.058294537435570959e+02 9.634620918464715089e+01 7.905450337631742741e+01 5.005390562741116867e+01 3.503192722168834194e+01 1.764085010883131233e+01 1.224774000147694863e+01 1.180198572791851142e+01
1.180198572791851142e+01 1.180198572791851142e+01 1.180198572791851142e+01 1.180198572791851142e+01 1.180198572791851142e+01 1.180198572791851142e+01 1.180198572791851142e+01 2.226924051535441151e+01 2.835485474175408882e+01 4.946452828805954027e+01 7.521707656867627634e+01 1.005917176229372245e+02 1.072707369358873564e+02 8.820929203671636287e+01 6.234998064283175978e+01 3.503192722168834194e+01 1.764085010883131233e+01 1.309881850178644136e+01 1.180198572791851142e+01 1.180198572791851142e+01
1.180198572791851142e+01 1.180198572791851142e+01 1.180198572791851142e+01 1.180198572791851142e+01 1.180198572791851142e+01 1.180198572791851142e+01 1.781924018374368046e+01 2.669151591334884444e+01 4.455464107534231744e+01 7.683733451376730272e+01 9.455339789055852862e+01 1.058294537435570959e+02 9.487503934998413513e+01 7.200038496609664662e+01 5.055697586385186781e+01 2.526361794323160481e+01 1.764085010883131233e+01 1.270423337916589013e+01 1.180198572791851142e+01 1.180198572791851142e+01
1.180198572791851142e+01 1.180198572791851142e+01 1.180198572791851142e+01 1.180198572791851142e+01 1.180198572791851142e+01 1.781924018374368046e+01 2.669151591334884444e+01 4.455464107534231744e+01 6.402175548994188148e+01 8.486240461218417863e+01 9.871595050220561518e+01 9.634620918464715089e+01 8.461010262780149560e+01 5.907410365684714293e+01 3.503192722168834194e+01 1.764085010883131233e+01 1.309881850178644136e+01 1.180198572791851142e+01 1.180198572791851142e+01 1.180198572791851142e+01
1.180198572791851142e+01 1.180198572791851142e+01 1.180198572791851142e+01 1.180198572791851142e+01 1.180198572791851142e+01 1.781924018374368046e+01 2.835485474175408882e+01 4.946452828805954027e+01 7.236407848943291299e+01 9.068104327640911322e+01 9.325902901775285159e+01 7.362662836721374049e+01 7.362662836721374049e+01 4.278863917702968678e+01 2.526361794323160481e+01 1.309881850178644136e+01 1.270423337916589013e+01 1.180198572791851142e+01 1.180198572791851142e+01 1.180198572791851142e+01
