7.030270181792531936e+00 7.030270181792531936e+00 7.030270181792531936e+00 7.030270181792531936e+00 7.030270181792531936e+00 7.030270181792531936e+00 7.030270181792531936e+00 1.231789421083362512e+01 1.834196108129141223e+01 2.331224037073984334e+01 2.331224037073984334e+01 3.048098015137987460e+01 2.870096353461113736e+01 2.870096353461113736e+01 2.870096353461113736e+01 2.435978664769612578e+01 2.153392084879816437e+01 1.231789421083362512e+01 1.110843528401223779e+01 7.030270181792531936e+00
7.030270181792531936e+00 7.030270181792531936e+00 7.030270181792531936e+00 7.030270181792531936e+00 7.030270181792531936e+00 7.030270181792531936e+00 1.231789421083362512e+01 2.230133009376205067e+01 2.693899691306510036e+01 3.357755632414892943e+01 4.240513374891507681e+01 4.996947402542061667e+01 4.996947402542061667e+01 4.996947402542061667e+01 4.996947402542061667e+01 4.183649060533085162e+01 2.994619400143911037e+01 2.870096353461113736e+01 2.435978664769612578e+01 1.110843528401223779e+01
7.030270181792531936e+00 7.030270181792531936e+00 7.030270181792531936e+00 7.030270181792531936e+00 7.030270181792531936e+00 1.231789421083362512e+01 2.024116935960391572e+01 2.647703312799494313e+01 3.971280382745302262e+01 5.355650812639631653e+01 6.579273109626237215e+01 7.219886583109624212e+01 7.219886583109624212e+01 7.474645782807657213e+01 7.219886583109624212e+01 5.670891700290884785e+01 5.670891700290884785e+01 4.550903675340295962e+01 2.994619400143911037e+01 2.215983881438790348e+01
7.030270181792531936e+00 7.030270181792531936e+00 7.030270181792531936e+00 7.030270181792531936e+00 7.030270181792531936e+00 9.915551634701820660e+00 2.266113754635948041e+01 2.944229763992735371e+01 4.749977039626669750e+01 6.640631285284952412e+01 7.944740167729736413e+01 8.062369514629898504e+01 7.565945608136961198e+01 8.109858442015921298e+01 8.062369514629898504e+01 7.578142560973088848e+01 6.074166554836914145e+01 5.552295538041850165e+01 3.847259083983578876e+01 2.273445031699447583e+01
7.030270181792531936e+00 7.030270181792531936e+00 7.030270181792531936e+00 7.030270181792531936e+00 7.030270181792531936e+00 1.393458126591851709e+01 2.395151746313472430e+01 3.478265332566029855e+01 4.881672705296045933e+01 5.883379217075955125e+01 7.285596101788519263e+01 7.381634181149830454e+01 6.827377506800323204e+01 7.528404353372417290e+01 7.381634181149830454e+01 7.381634181149830454e+01 6.539022017822736643e+01 5.299391892135888327e+01 3.435633173668113471e+01 2.471995616082206837e+01
7.030270181792531936e+00 7.030270181792531936e+00 7.030270181792531936e+00 1.231789421083362512e+01 1.231789421083362512e+01 1.907257685527370938e+01 2.111726496278582133e+01 2.852856661698719165e+01 4.378140533994993433e+01 4.378140533994993433e+01 4.834206340531631696e+01 5.161769241608489267e+01 5.161769241608489267e+01 5.161769241608489267e+01 4.834206340531631696e+01 4.834206340531631696e+01 5.161769241608489267e+01 3.964832289000969467e+01 3.086588853481041994e+01 2.320753906356998186e+01
7.030270181792531936e+00 7.030270181792531936e+00 1.231789421083362512e+01 1.782192444133020715e+01 2.331224037073984334e+01 2.331224037073984334e+01 2.153392084879816437e+01 2.714570842019309893e+01 2.632977110121945685e+01 2.892115245344225016e+01 2.892115245344225016e+01 2.892115245344225016e+01 2.892115245344225016e+01 2.892115245344225016e+01 2.892115245344225016e+01 3.661064988801934561e+01 3.500695261980242634e+01 2.892115245344225016e+01 2.616969504950910874e+01 1.966194441016790151e+01
7.030270181792531936e+00 7.030270181792531936e+00 1.634560484928356416e+01 2.230133009376205067e+01 3.130935428337785709e+01 3.641898868561433034e+01 3.261402268888410561e+01 3.261402268888410561e+01 2.200572238594790875e+01 2.138993694544494062e+01 2.138993694544494062e+01 2.138993694544494062e+01 2.138993694544494062e+01 2.138993694544494062e+01 1.966194441016790151e+01 1.966194441016790151e+01 2.138993694544494062e+01 1.966194441016790151e+01 1.268093074999120518e+01 1.268093074999120518e+01
7.030270181792531936e+00 1.231789421083362512e+01 2.024116935960391572e+01 2.659445040273354621e+01 4.269017772574038361e+01 5.417117335879856910e+01 4.550903675340295962e+01 3.750592994852046047e+01 2.273445031699447583e+01 1.385402934904240801e+01 1.339806016631762731e+01 1.339806016631762731e+01 1.339806016631762731e+01 1.339806016631762731e+01 1.339806016631762731e+01 1.339806016631762731e+01 1.339806016631762731e+01 1.339806016631762731e+01 1.110843528401223779e+01 7.030270181792531936e+00
7.030270181792531936e+00 9.915551634701820660e+00 2.266113754635948041e+01 3.478265332566029855e+01 5.624020283650455099e+01 7.219886583109624212e+01 7.578142560973088848e+01 5.084328109711616861e+01 2.933160875129751943e+01 1.398769667877241574e+01 1.110843528401223779e+01 7.030270181792531936e+00 7.030270181792531936e+00 7.030270181792531936e+00 7.030270181792531936e+00 7.030270181792531936e+00 7.030270181792531936e+00 7.030270181792531936e+00 7.030270181792531936e+00 7.030270181792531936e+00
7.030270181792531936e+00 9.915551634701820660e+00 2.084971321552747270e+01 3.478265332566029855e+01 6.246210043024009906e+01 7.630277859978262711e+01 8.062369514629898504e+01 6.074166554836914145e+01 3.871134169956698656e+01 2.273445031699447583e+01 1.110843528401223779e+01 7.030270181792531936e+00 7.030270181792531936e+00 7.030270181792531936e+00 7.030270181792531936e+00 7.030270181792531936e+00 7.030270181792531936e+00 7.030270181792531936e+00 7.030270181792531936e+00 7.030270181792531936e+00
7.030270181792531936e+00 9.915551634701820660e+00 2.084971321552747270e+01 2.852856661698719165e+01 6.174292664336643099e+01 7.992423938359198132e+01 8.938120058623300679e+01 7.882841498150284565e+01 5.007174971009894904e+01 2.994619400143911037e+01 2.435978664769612578e+01 1.110843528401223779e+01 1.110843528401223779e+01 7.030270181792531936e+00 7.030270181792531936e+00 7.030270181792531936e+00 7.030270181792531936e+00 7.030270181792531936e+00 7.030270181792531936e+00 7.030270181792531936e+00
7.030270181792531936e+00 7.030270181792531936e+00 1.393458126591851709e+01 2.852856661698719165e+01 4.881672705296045933e+01 7.285596101788519263e+01 8.720103300302864113e+01 9.338880003901110172e+01 7.474645782807657213e+01 4.550903675340295962e+01 3.261402268888410561e+01 2.994619400143911037e+01 2.189428206374561015e+01 1.110843528401223779e+01 7.030270181792531936e+00 7.030270181792531936e+00 7.030270181792531936e+00 7.030270181792531936e+00 7.030270181792531936e+00 7.030270181792531936e+00
7.030270181792531936e+00 7.030270181792531936e+00 9.915551634701820660e+00 1.865517445700570676e+01 3.339411102986181845e+01 4.881672705296045933e+01 7.285596101788519263e+01 8.720103300302864113e+01 8.062369514629898504e+01 7.474645782807657213e+01 5.670891700290884785e+01 4.183649060533085162e+01 2.994619400143911037e+01 1.385402934904240801e+01 1.110843528401223779e+01 7.030270181792531936e+00 7.030270181792531936e+00 7.030270181792531936e+00 7.030270181792531936e+00 7.030270181792531936e+00
7.030270181792531936e+00 7.030270181792531936e+00 7.030270181792531936e+00 1.393458126591851709e+01 2.502642513482237163e+01 4.131666489741013493e+01 5.641302612770700620e+01 7.285596101788519263e+01 7.992423938359198132e+01 8.062369514629898504e+01 7.474645782807657213e+01 5.670891700290884785e+01 4.183649060533085162e+01 2.994619400143911037e+01 2.189428206374561015e+01 7.030270181792531936e+00 7.030270181792531936e+00 7.030270181792531936e+00 7.030270181792531936e+00 7.030270181792531936e+00
7.030270181792531936e+00 7.030270181792531936e+00 7.030270181792531936e+00 7.030270181792531936e+00 1.393458126591851709e+01 2.502642513482237163e+01 3.661064988801934561e+01 5.641302612770700620e+01 7.285596101788519263e+01 7.992423938359198132e+01 8.062369514629898504e+01 7.578142560973088848e+01 6.074166554836914145e+01 3.750592994852046047e+01 2.273445031699447583e+01 1.398769667877241574e+01 7.030270181792531936e+00 7.030270181792531936e+00 7.030270181792531936e+00 7.030270181792531936e+00
7.030270181792531936e+00 7.030270181792531936e+00 7.030270181792531936e+00 7.030270181792531936e+00 7.030270181792531936e+00 1.393458126591851709e+01 2.502642513482237163e+01 3.339411102986181845e+01 4.615819526522459171e+01 4.881672705296045933e+01 7.992423938359198132e+01 7.849607471787982149e+01 7.578142560973088848e+01 5.007174971009894904e+01 2.933160875129751943e+01 2.349588633926480696e+01 7.030270181792531936e+00 7.030270181792531936e+00 7.030270181792531936e+00 7.030270181792531936e+00
7.030270181792531936e+00 7.030270181792531936e+00 7.030270181792531936e+00 7.030270181792531936e+00 7.030270181792531936e+00 7.030270181792531936e+00 1.339806016631762731e+01 1.865517445700570676e+01 2.502642513482237163e+01 4.280925302017612921e+01 6.246210043024009906e+01 7.096378421986446483e+01 7.565945608136961198e+01 6.074166554836914145e+01 3.871134169956698656e+01 2.215983881438790348e+01 1.398769667877241574e+01 7.030270181792531936e+00 7.030270181792531936e+00 7.030270181792531936e+00
7.030270181792531936e+00 7.030270181792531936e+00 7.030270181792531936e+00 7.030270181792531936e+00 7.030270181792531936e+00 7.030270181792531936e+00 7.030270181792531936e+00 1.339806016631762731e+01 1.865517445700570676e+01 3.236798525668453408e+01 5.579125899993440640e+01 7.630277859978262711e+01 7.711052554933600334e+01 6.074166554836914145e+01 4.190600110835435288e+01 2.215983881438790348e+01 1.398769667877241574e+01 7.030270181792531936e+00 7.030270181792531936e+00 7.030270181792531936e+00
7.030270181792531936e+00 7.030270181792531936e+00 7.030270181792531936e+00 7.030270181792531936e+00 7.030270181792531936e+00 7.030270181792531936e+00 7.030270181792531936e+00 7.030270181792531936e+00 9.915551634701820660e+00 2.680721849860392680e+01 4.881672705296045933e+01 7.128003092135391228e+01 7.105715438314183530e+01 6.074166554836914145e+01 4.016337921259544430e+01 2.215983881438790348e+01 1.385402934904240801e+01 1.110843528401223779e+01 7.030270181792531936e+00 7.030270181792531936e+00
