1.152989458914511012e+01 1.152989458914511012e+01 1.152989458914511012e+01 1.152989458914511012e+01 1.152989458914511012e+01 1.152989458914511012e+01 1.152989458914511012e+01 1.152989458914511012e+01 1.152989458914511012e+01 1.152989458914511012e+01 1.152989458914511012e+01 1.292260411627934680e+01 1.781924018374368046e+01 2.230811907268165939e+01 2.659880928235196862e+01 3.031240818874052323e+01 3.031240818874052323e+01 2.268195165378321576e+01 1.732994742934503662e+01 1.152989458914511012e+01
1.152989458914511012e+01 1.152989458914511012e+01 1.152989458914511012e+01 1.152989458914511012e+01 1.152989458914511012e+01 1.152989458914511012e+01 1.152989458914511012e+01 1.152989458914511012e+01 1.152989458914511012e+01 1.152989458914511012e+01 1.152989458914511012e+01 1.340807950862502018e+01 2.114531785336822978e+01 3.190712309252847234e+01 3.650988600537813511e+01 5.495931541172250689e+01 5.309339870717749932e+01 3.788267792642210452e+01 3.217120074917913541e+01 1.732994742934503662e+01
1.152989458914511012e+01 1.152989458914511012e+01 1.152989458914511012e+01 1.152989458914511012e+01 1.152989458914511012e+01 1.152989458914511012e+01 1.152989458914511012e+01 1.152989458914511012e+01 1.152989458914511012e+01 1.152989458914511012e+01 1.152989458914511012e+01 1.340807950862502018e+01 2.708307284341490373e+01 3.961509939928534152e+01 5.495931541172250689e+01 6.550442320965461818e+01 6.550442320965461818e+01 6.798658425197524480e+01 3.758228091658144621e+01 2.429634394861078661e+01
1.152989458914511012e+01 1.152989458914511012e+01 1.152989458914511012e+01 1.152989458914511012e+01 1.152989458914511012e+01 1.152989458914511012e+01 1.152989458914511012e+01 1.152989458914511012e+01 1.152989458914511012e+01 1.152989458914511012e+01 1.152989458914511012e+01 1.781924018374368046e+01 3.190712309252847234e+01 4.976983735813195864e+01 7.472271057485014012e+01 9.281669641357460421e+01 9.439061252242548505e+01 8.130855834826212458e+01 5.689205608069523379e+01 2.883606807714470222e+01
1.152989458914511012e+01 1.152989458914511012e+01 1.152989458914511012e+01 1.152989458914511012e+01 1.152989458914511012e+01 1.152989458914511012e+01 1.152989458914511012e+01 1.152989458914511012e+01 1.152989458914511012e+01 1.152989458914511012e+01 1.781924018374368046e+01 2.823618022385453230e+01 3.961509939928534152e+01 6.402175548994188148e+01 9.120677223112834042e+01 1.061921847978402553e+02 1.051164740634781509e+02 9.339794096386813749e+01 5.689205608069523379e+01 3.316530960058688038e+01
1.152989458914511012e+01 1.152989458914511012e+01 1.152989458914511012e+01 1.152989458914511012e+01 1.152989458914511012e+01 1.152989458914511012e+01 1.152989458914511012e+01 1.152989458914511012e+01 1.152989458914511012e+01 1.781924018374368046e+01 1.781924018374368046e+01 3.961509939928534152e+01 5.495931541172250689e+01 8.486240461218417863e+01 1.005917176229372245e+02 1.102973679301571934e+02 1.043359545549749612e+02 8.340342751055497672e+01 5.001327247618069549e+01 3.431991809488632583e+01
1.152989458914511012e+01 1.152989458914511012e+01 1.152989458914511012e+01 1.152989458914511012e+01 1.152989458914511012e+01 1.152989458914511012e+01 1.152989458914511012e+01 1.152989458914511012e+01 1.781924018374368046e+01 2.823618022385453230e+01 3.650988600537813511e+01 5.495931541172250689e+01 8.486240461218417863e+01 1.005917176229372245e+02 1.058541227599391448e+02 1.091010193523960510e+02 8.340342751055497672e+01 6.728026728158914693e+01 4.234902592258658416e+01 2.527545996730720645e+01
1.152989458914511012e+01 1.152989458914511012e+01 1.152989458914511012e+01 1.152989458914511012e+01 1.152989458914511012e+01 1.152989458914511012e+01 1.152989458914511012e+01 1.781924018374368046e+01 1.781924018374368046e+01 3.961509939928534152e+01 5.495931541172250689e+01 8.486240461218417863e+01 1.005917176229372245e+02 1.058541227599391448e+02 1.091010193523960510e+02 8.340342751055497672e+01 6.728026728158914693e+01 4.962800359191603405e+01 3.070624774880377572e+01 1.765051671372298259e+01
1.152989458914511012e+01 1.152989458914511012e+01 1.152989458914511012e+01 1.152989458914511012e+01 1.152989458914511012e+01 1.152989458914511012e+01 1.781924018374368046e+01 1.781924018374368046e+01 3.650988600537813511e+01 5.495931541172250689e+01 7.472271057485014012e+01 9.797976606167715374e+01 1.058541227599391448e+02 9.886200729552351163e+01 8.340342751055497672e+01 6.728026728158914693e+01 4.962800359191603405e+01 3.070624774880377572e+01 1.765051671372298259e+01 1.267793237333925482e+01
1.152989458914511012e+01 1.152989458914511012e+01 1.152989458914511012e+01 1.152989458914511012e+01 1.152989458914511012e+01 1.781924018374368046e+01 1.781924018374368046e+01 3.650988600537813511e+01 5.495931541172250689e+01 7.721554705940840790e+01 9.797976606167715374e+01 1.058541227599391448e+02 9.886200729552351163e+01 8.340342751055497672e+01 6.728026728158914693e+01 4.962800359191603405e+01 3.070624774880377572e+01 1.765051671372298259e+01 1.267793237333925482e+01 1.152989458914511012e+01
1.152989458914511012e+01 1.152989458914511012e+01 1.152989458914511012e+01 1.152989458914511012e+01 1.292260411627934680e+01 1.781924018374368046e+01 3.547475192788451182e+01 5.091606048223732728e+01 8.486240461218417863e+01 9.797976606167715374e+01 1.034683291629460768e+02 9.886200729552351163e+01 8.340342751055497672e+01 6.347892881147598132e+01 4.962800359191603405e+01 3.070624774880377572e+01 1.765051671372298259e+01 1.267793237333925482e+01 1.152989458914511012e+01 1.152989458914511012e+01
1.152989458914511012e+01 1.152989458914511012e+01 1.152989458914511012e+01 1.292260411627934680e+01 1.781924018374368046e+01 3.190712309252847234e+01 5.091606048223732728e+01 7.472271057485014012e+01 9.558977411133622581e+01 1.034683291629460768e+02 9.886200729552351163e+01 8.340342751055497672e+01 6.347892881147598132e+01 4.234902592258658416e+01 2.516392640129610925e+01 1.765051671372298259e+01 1.267793237333925482e+01 1.152989458914511012e+01 1.152989458914511012e+01 1.152989458914511012e+01
1.152989458914511012e+01 1.152989458914511012e+01 1.152989458914511012e+01 1.781924018374368046e+01 2.823618022385453230e+01 4.459455834068813118e+01 7.072805886320919910e+01 8.486240461218417863e+01 1.023964973956127267e+02 9.886200729552351163e+01 8.340342751055497672e+01 6.347892881147598132e+01 4.234902592258658416e+01 2.516392640129610925e+01 1.765051671372298259e+01 1.267793237333925482e+01 1.152989458914511012e+01 1.152989458914511012e+01 1.152989458914511012e+01 1.152989458914511012e+01
1.152989458914511012e+01 1.152989458914511012e+01 1.292260411627934680e+01 1.781924018374368046e+01 3.547475192788451182e+01 5.732527583667459936e+01 8.486240461218417863e+01 1.023964973956127267e+02 1.072707369358873564e+02 9.325902901775285159e+01 6.728026728158914693e+01 4.962800359191603405e+01 2.516392640129610925e+01 1.765051671372298259e+01 1.267793237333925482e+01 1.152989458914511012e+01 1.152989458914511012e+01 1.152989458914511012e+01 1.152989458914511012e+01 1.152989458914511012e+01
1.152989458914511012e+01 1.292260411627934680e+01 1.781924018374368046e+01 3.190712309252847234e+01 4.976983735813195864e+01 7.751693799008775443e+01 1.005917176229372245e+02 1.072707369358873564e+02 9.655636827568858394e+01 7.200038496609664662e+01 4.962800359191603405e+01 3.070624774880377572e+01 1.765051671372298259e+01 1.267793237333925482e+01 1.152989458914511012e+01 1.152989458914511012e+01 1.152989458914511012e+01 1.152989458914511012e+01 1.152989458914511012e+01 1.152989458914511012e+01
1.152989458914511012e+01 1.292260411627934680e+01 2.708307284341490373e+01 3.961509939928534152e+01 7.072805886320919910e+01 9.120677223112834042e+01 1.058541227599391448e+02 1.091010193523960510e+02 8.340342751055497672e+01 5.905378307189872089e+01 3.596812887138833048e+01 1.765051671372298259e+01 1.267793237333925482e+01 1.152989458914511012e+01 1.152989458914511012e+01 1.152989458914511012e+01 1.152989458914511012e+01 1.152989458914511012e+01 1.152989458914511012e+01 1.152989458914511012e+01
1.152989458914511012e+01 1.340807950862502018e+01 3.190712309252847234e+01 5.732527583667459936e+01 8.272182461691869548e+01 1.005917176229372245e+02 1.091010193523960510e+02 9.487503934998413513e+01 6.728026728158914693e+01 4.234902592258658416e+01 2.516392640129610925e+01 1.267793237333925482e+01 1.152989458914511012e+01 1.152989458914511012e+01 1.152989458914511012e+01 1.152989458914511012e+01 1.152989458914511012e+01 1.152989458914511012e+01 1.152989458914511012e+01 1.152989458914511012e+01
1.152989458914511012e+01 1.781924018374368046e+01 3.190712309252847234e+01 6.169852440420071105e+01 9.120677223112834042e+01 1.058541227599391448e+02 9.655636827568858394e+01 7.200038496609664662e+01 4.962800359191603405e+01 3.070624774880377572e+01 1.765051671372298259e+01 1.267793237333925482e+01 1.152989458914511012e+01 1.152989458914511012e+01 1.152989458914511012e+01 1.152989458914511012e+01 1.152989458914511012e+01 1.152989458914511012e+01 1.152989458914511012e+01 1.152989458914511012e+01
1.292260411627934680e+01 2.573839774942532443e+01 4.538189699404907174e+01 6.759145013273437996e+01 9.309392716673794155e+01 9.886200729552351163e+01 8.340342751055497672e+01 5.905378307189872089e+01 3.596812887138833048e+01 1.765051671372298259e+01 1.267793237333925482e+01 1.152989458914511012e+01 1.152989458914511012e+01 1.152989458914511012e+01 1.152989458914511012e+01 1.152989458914511012e+01 1.152989458914511012e+01 1.152989458914511012e+01 1.152989458914511012e+01 1.152989458914511012e+01
1.340807950862502018e+01 2.391014472248880551e+01 3.494163932954245411e+01 6.759145013273437996e+01 6.836489425547091514e+01 8.219033613274473282e+01 6.347892881147598132e+01 4.293424105424392678e+01 2.527545996730720645e+01 1.267793237333925482e+01 1.152989458914511012e+01 1.152989458914511012e+01 1.152989458914511012e+01 1.152989458914511012e+01 1.152989458914511012e+01 1.152989458914511012e+01 1.152989458914511012e+01 1.152989458914511012e+01 1.152989458914511012e+01 1.152989458914511012e+01
