1.387317115331792028e+00 1.387317115331792028e+00 1.420264849476479574e+00 1.088012546557757254e+00 8.799484350806676680e-01 7.929667924424613767e-01 1.041912591481560568e+00 1.446813238656150746e+00 1.193931229416546058e+00 1.376805112332250891e+00 1.247064098548694711e+00 1.387317115331792028e+00 1.219432676772934654e+00 1.149726462692692852e+00 1.210639152220601478e+00 1.704811188160465507e+00 1.855762719382618497e+00 1.618000300284643700e+00 1.453296330911048928e+00 1.420264849476479574e+00
1.387317115331792028e+00 1.387317115331792028e+00 1.420264849476479574e+00 1.088012546557757254e+00 7.929667924424613767e-01 7.929667924424613767e-01 1.041912591481560568e+00 1.418620097608169095e+00 1.893771622832338242e+00 1.376805112332250891e+00 1.420264849476479574e+00 1.376805112332250891e+00 1.219432676772934654e+00 1.088012546557757254e+00 1.088012546557757254e+00 1.503913736818593749e+00 1.855762719382618497e+00 1.610382995712599463e+00 1.549835168263192786e+00 1.442365982927015677e+00
1.387317115331792028e+00 1.420264849476479574e+00 1.465121978560540494e+00 1.192872812303656493e+00 8.799484350806676680e-01 8.194637775137491031e-01 1.376805112332250891e+00 1.470052101504114583e+00 1.711179113985913380e+00 1.637802992244726141e+00 1.420264849476479574e+00 1.387317115331792028e+00 1.259980764519020857e+00 1.219432676772934654e+00 1.041912591481560568e+00 5.195783200797978729e+00 1.651591775012920316e+00 1.453296330911048928e+00 1.549835168263192786e+00 1.192872812303656493e+00
1.387317115331792028e+00 1.420264849476479574e+00 1.543729889934378097e+00 8.799484350806676680e-01 8.194637775137491031e-01 1.041912591481560568e+00 1.210639152220601478e+00 1.505955625955174515e+00 1.651591775012920316e+00 1.572010446177020793e+00 1.446813238656150746e+00 1.453419187518271594e+00 1.259980764519020857e+00 1.088012546557757254e+00 1.424713535004778153e+00 3.660389118620744142e+01 1.376805112332250891e+00 1.376805112332250891e+00 1.420264849476479574e+00 8.799484350806676680e-01
1.387317115331792028e+00 1.420264849476479574e+00 8.799484350806676680e-01 7.929667924424613767e-01 1.041912591481560568e+00 1.259980764519020857e+00 1.424713535004778153e+00 1.968956793050150811e+00 1.651591775012920316e+00 1.381511869361276901e+00 1.442365982927015677e+00 1.470052101504114583e+00 1.505955625955174515e+00 1.543729889934378097e+00 6.355425149825219933e+01 1.618000300284643700e+00 1.376805112332250891e+00 1.549835168263192786e+00 1.192872812303656493e+00 1.088012546557757254e+00
1.387317115331792028e+00 1.420264849476479574e+00 8.799484350806676680e-01 7.929667924424613767e-01 1.472597238142925757e+00 1.420264849476479574e+00 1.543729889934378097e+00 1.104246362679792703e+01 1.651591775012920316e+00 1.567251086698256746e+00 1.424351470704003475e+00 1.424713535004778153e+00 1.968956793050150811e+00 6.355425149825219933e+01 1.014572679778440261e+02 1.651591775012920316e+00 1.247064098548694711e+00 1.486901096129977340e+00 1.029751765900189353e+00 1.088012546557757254e+00
1.387317115331792028e+00 1.420264849476479574e+00 1.219432676772934654e+00 8.275293500523792645e-01 1.227766707674468272e+00 1.387317115331792028e+00 1.713851666243001004e+00 1.700793118262584258e+01 6.590527613739944002e+01 2.008636780975051828e+00 1.505955625955174515e+00 1.424713535004778153e+00 1.970498582547777389e+01 1.014572679778440261e+02 1.704811188160465507e+00 1.376805112332250891e+00 1.420264849476479574e+00 1.219432676772934654e+00 1.088012546557757254e+00 1.088012546557757254e+00
1.387317115331792028e+00 1.387317115331792028e+00 1.088012546557757254e+00 8.799484350806676680e-01 8.799484350806676680e-01 1.088012546557757254e+00 8.194637775137491031e-01 1.713851666243001004e+00 4.282040186413215821e+01 4.567262306759756996e+01 4.567262306759756996e+01 9.798816819033650916e+01 6.355425149825219933e+01 4.799212270099376099e+01 6.903762127660812986e+00 1.376805112332250891e+00 1.420264849476479574e+00 1.219432676772934654e+00 1.029751765900189353e+00 1.088012546557757254e+00
1.387317115331792028e+00 1.387317115331792028e+00 1.387317115331792028e+00 8.799484350806676680e-01 7.929667924424613767e-01 8.275293500523792645e-01 8.194637775137491031e-01 1.192872812303656493e+00 1.713851666243001004e+00 1.024803485571181909e+02 1.500989845928484101e+02 1.386342978493347005e+02 1.576917264683239921e+02 1.704811188160465507e+00 1.376805112332250891e+00 1.376805112332250891e+00 1.247064098548694711e+00 1.193931229416546058e+00 1.041912591481560568e+00 1.088012546557757254e+00
1.387317115331792028e+00 1.387317115331792028e+00 1.420264849476479574e+00 8.799484350806676680e-01 7.929667924424613767e-01 7.929667924424613767e-01 8.275293500523792645e-01 8.275293500523792645e-01 8.194637775137491031e-01 1.713851666243001004e+00 1.217000096430795821e+02 1.616378298280561694e+02 4.211919936446253843e+01 1.376805112332250891e+00 1.387317115331792028e+00 8.799484350806676680e-01 1.193931229416546058e+00 1.193931229416546058e+00 1.041912591481560568e+00 8.275293500523792645e-01
1.387317115331792028e+00 1.420264849476479574e+00 1.465121978560540494e+00 8.799484350806676680e-01 7.929667924424613767e-01 8.275293500523792645e-01 8.275293500523792645e-01 8.799484350806676680e-01 8.194637775137491031e-01 1.713851666243001004e+00 1.024803485571181909e+02 1.019695740816321177e+02 1.376805112332250891e+00 1.247064098548694711e+00 1.219432676772934654e+00 1.219432676772934654e+00 8.194637775137491031e-01 8.275293500523792645e-01 8.275293500523792645e-01 8.275293500523792645e-01
1.387317115331792028e+00 1.420264849476479574e+00 1.543729889934378097e+00 8.275293500523792645e-01 7.929667924424613767e-01 8.275293500523792645e-01 1.016275563087950751e+00 1.446813238656150746e+00 1.016275563087950751e+00 1.700793118262584258e+01 6.462470530261282420e+01 3.841167449265110179e+01 1.447759880441468416e+00 8.799484350806676680e-01 1.088012546557757254e+00 8.799484350806676680e-01 8.194637775137491031e-01 8.275293500523792645e-01 8.194637775137491031e-01 7.929667924424613767e-01
1.387317115331792028e+00 1.420264849476479574e+00 1.088012546557757254e+00 7.929667924424613767e-01 1.618000300284643700e+00 1.618000300284643700e+00 1.559734512072415757e+00 1.418620097608169095e+00 1.549835168263192786e+00 1.559725071308526800e+01 2.213274376413604116e+01 1.376805112332250891e+00 1.420264849476479574e+00 1.041912591481560568e+00 8.275293500523792645e-01 8.799484350806676680e-01 8.194637775137491031e-01 8.275293500523792645e-01 8.275293500523792645e-01 7.929667924424613767e-01
1.387317115331792028e+00 1.420264849476479574e+00 1.088012546557757254e+00 7.929667924424613767e-01 1.618000300284643700e+00 1.610382995712599463e+00 1.499262358286829633e+00 1.614938673901893829e+00 1.322001884458372878e+01 1.700793118262584258e+01 1.618000300284643700e+00 1.446813238656150746e+00 1.387317115331792028e+00 1.446813238656150746e+00 1.446813238656150746e+00 7.929667924424613767e-01 8.275293500523792645e-01 8.275293500523792645e-01 8.799484350806676680e-01 7.929667924424613767e-01
1.387317115331792028e+00 1.420264849476479574e+00 1.088012546557757254e+00 7.929667924424613767e-01 1.651591775012920316e+00 1.618000300284643700e+00 1.559734512072415757e+00 1.549835168263192786e+00 1.581748143440638188e+01 3.069227547002871148e+00 1.651591775012920316e+00 1.549835168263192786e+00 1.376805112332250891e+00 1.376805112332250891e+00 1.387317115331792028e+00 1.016275563087950751e+00 1.041912591481560568e+00 8.275293500523792645e-01 8.194637775137491031e-01 7.929667924424613767e-01
1.387317115331792028e+00 1.420264849476479574e+00 8.799484350806676680e-01 7.929667924424613767e-01 1.428638813283731324e+00 1.651591775012920316e+00 1.486901096129977340e+00 1.505955625955174515e+00 1.978902454484273932e+01 1.651591775012920316e+00 1.691919853496202997e+00 1.376805112332250891e+00 1.376805112332250891e+00 1.247064098548694711e+00 1.219432676772934654e+00 1.088012546557757254e+00 1.088012546557757254e+00 7.929667924424613767e-01 7.929667924424613767e-01 7.929667924424613767e-01
1.387317115331792028e+00 1.420264849476479574e+00 8.799484350806676680e-01 8.799484350806676680e-01 8.194637775137491031e-01 1.210639152220601478e+00 1.641758097122694160e+00 1.543729889934378097e+00 1.104246362679792703e+01 1.651591775012920316e+00 1.698121925066955029e+00 1.477343376944341591e+00 1.581441769891193783e+00 1.193931229416546058e+00 1.193931229416546058e+00 1.088012546557757254e+00 1.029751765900189353e+00 1.376805112332250891e+00 1.446813238656150746e+00 1.016275563087950751e+00
1.420264849476479574e+00 1.465121978560540494e+00 1.192872812303656493e+00 7.929667924424613767e-01 1.618000300284643700e+00 1.668985090247356640e+00 1.543729889934378097e+00 1.543729889934378097e+00 5.676137305385945808e+01 1.651591775012920316e+00 1.572010446177020793e+00 1.424713535004778153e+00 1.505955625955174515e+00 1.041912591481560568e+00 8.275293500523792645e-01 8.275293500523792645e-01 8.194637775137491031e-01 1.376805112332250891e+00 1.420264849476479574e+00 1.088012546557757254e+00
1.420264849476479574e+00 1.543729889934378097e+00 8.275293500523792645e-01 1.618000300284643700e+00 1.712137505363503065e+00 1.839278370931845874e+00 1.968956793050150811e+00 4.289190360969305260e+01 4.006573563599202714e+01 1.446813238656150746e+00 8.799484350806676680e-01 8.194637775137491031e-01 8.275293500523792645e-01 8.275293500523792645e-01 8.275293500523792645e-01 8.275293500523792645e-01 7.929667924424613767e-01 1.149726462692692852e+00 1.505955625955174515e+00 1.088012546557757254e+00
1.387317115331792028e+00 1.088012546557757254e+00 7.929667924424613767e-01 8.275293500523792645e-01 1.424713535004778153e+00 1.860508047975898860e+00 2.894856176065979003e+00 7.376363574498983944e+00 1.618000300284643700e+00 1.559734512072415757e+00 1.446813238656150746e+00 1.016275563087950751e+00 7.929667924424613767e-01 8.799484350806676680e-01 8.194637775137491031e-01 1.446813238656150746e+00 1.446813238656150746e+00 1.420264849476479574e+00 1.446813238656150746e+00 1.446813238656150746e+00
