8.275293500523792645e-01 8.275293500523792645e-01 8.275293500523792645e-01 1.065758935661741846e+00 1.065758935661741846e+00 1.453296330911048928e+00 1.453296330911048928e+00 1.387317115331792028e+00 1.363262116195477658e+00 1.193931229416546058e+00 1.193931229416546058e+00 1.505955625955174515e+00 1.424713535004778153e+00 1.651591775012920316e+00 1.616491159975947722e+00 1.387317115331792028e+00 1.420264849476479574e+00 1.420264849476479574e+00 1.420264849476479574e+00 1.088012546557757254e+00
8.275293500523792645e-01 8.275293500523792645e-01 8.275293500523792645e-01 8.275293500523792645e-01 1.101465027061204971e+00 1.065758935661741846e+00 1.184489755918717746e+00 1.381511869361276901e+00 1.453419187518271594e+00 1.424713535004778153e+00 1.424713535004778153e+00 1.373296194983417990e+02 1.635523260252248292e+02 1.651591775012920316e+00 1.381511869361276901e+00 1.505955625955174515e+00 1.193931229416546058e+00 1.193931229416546058e+00 1.184277813070984342e+00 8.275293500523792645e-01
8.275293500523792645e-01 8.275293500523792645e-01 8.275293500523792645e-01 8.275293500523792645e-01 1.065758935661741846e+00 1.264205647332570237e+00 1.328583675907910155e+00 1.184277813070984342e+00 1.420264849476479574e+00 6.748749237057340622e+01 1.657832046562924688e+02 1.663612884833478063e+02 1.664218353935301309e+02 1.651591775012920316e+00 1.065758935661741846e+00 1.424713535004778153e+00 8.275293500523792645e-01 1.065758935661741846e+00 8.275293500523792645e-01 8.275293500523792645e-01
8.275293500523792645e-01 8.275293500523792645e-01 8.275293500523792645e-01 8.275293500523792645e-01 8.275293500523792645e-01 1.101465027061204971e+00 1.184489755918717746e+00 1.420264849476479574e+00 1.363262116195477658e+00 8.393503489671444129e+01 1.664142389863376650e+02 1.387401141858892117e+02 1.012587344022272475e+02 1.867209682411902438e+00 1.065758935661741846e+00 8.275293500523792645e-01 8.275293500523792645e-01 8.275293500523792645e-01 8.275293500523792645e-01 8.275293500523792645e-01
8.275293500523792645e-01 8.275293500523792645e-01 8.275293500523792645e-01 8.275293500523792645e-01 1.065758935661741846e+00 1.381511869361276901e+00 1.328583675907910155e+00 1.363262116195477658e+00 1.505955625955174515e+00 8.669826862958356628e+01 1.649934232534807563e+02 1.573991048200984011e+00 1.559734512072415757e+00 1.101465027061204971e+00 1.101465027061204971e+00 1.016275563087950751e+00 8.275293500523792645e-01 8.275293500523792645e-01 8.275293500523792645e-01 8.275293500523792645e-01
8.275293500523792645e-01 8.275293500523792645e-01 8.275293500523792645e-01 8.275293500523792645e-01 1.573991048200984011e+00 1.520915860855592605e+00 1.420264849476479574e+00 1.461945197618328640e+00 1.505955625955174515e+00 1.447826234980627191e+02 1.573991048200984011e+00 1.668985090247356640e+00 1.549835168263192786e+00 8.275293500523792645e-01 1.016275563087950751e+00 1.387317115331792028e+00 1.016275563087950751e+00 8.275293500523792645e-01 8.275293500523792645e-01 8.275293500523792645e-01
8.275293500523792645e-01 8.275293500523792645e-01 8.275293500523792645e-01 8.275293500523792645e-01 8.275293500523792645e-01 1.424351470704003475e+00 1.505955625955174515e+00 5.433796044358945920e+01 1.591420615232930516e+02 8.572945436495638205e+01 1.573991048200984011e+00 1.728342133174092021e+00 1.387317115331792028e+00 1.573991048200984011e+00 1.328583675907910155e+00 1.363262116195477658e+00 1.088012546557757254e+00 8.275293500523792645e-01 8.275293500523792645e-01 8.275293500523792645e-01
8.275293500523792645e-01 8.275293500523792645e-01 8.275293500523792645e-01 1.065758935661741846e+00 1.041912591481560568e+00 1.461945197618328640e+00 6.321898427646260643e+01 1.664142389863376650e+02 1.646192277936276582e+02 1.651591775012920316e+00 1.713736493186578613e+00 1.723274296545236339e+00 1.713851666243001004e+00 1.387317115331792028e+00 1.381511869361276901e+00 1.387317115331792028e+00 1.387317115331792028e+00 1.387317115331792028e+00 1.016275563087950751e+00 8.275293500523792645e-01
8.275293500523792645e-01 8.275293500523792645e-01 1.065758935661741846e+00 8.275293500523792645e-01 1.041912591481560568e+00 1.970498582547777389e+01 1.427301871040668289e+02 1.663612884833478063e+02 1.664218353935301309e+02 1.573991048200984011e+00 1.651591775012920316e+00 1.713851666243001004e+00 1.556827975410163045e+00 1.424713535004778153e+00 1.503913736818593749e+00 1.505955625955174515e+00 1.193931229416546058e+00 1.193931229416546058e+00 1.101465027061204971e+00 1.088012546557757254e+00
1.016275563087950751e+00 8.275293500523792645e-01 1.065758935661741846e+00 8.275293500523792645e-01 1.543729889934378097e+00 1.433435066489618919e+02 1.626544454361711303e+02 1.387401141858892117e+02 1.573991048200984011e+00 1.539822482254066704e+00 1.696043558596710854e+00 1.465121978560540494e+00 1.424713535004778153e+00 1.424713535004778153e+00 4.187183093749625584e+01 6.768862682073961423e+01 6.768862682073961423e+01 1.424713535004778153e+00 1.101465027061204971e+00 1.088012546557757254e+00
8.275293500523792645e-01 8.275293500523792645e-01 8.275293500523792645e-01 8.275293500523792645e-01 8.393503489671444129e+01 1.657832046562924688e+02 1.664218353935301309e+02 1.012587344022272475e+02 4.087464666376169120e+00 1.549835168263192786e+00 1.505955625955174515e+00 1.424713535004778153e+00 1.154949942904592035e+02 1.576917264683239921e+02 1.617864102876359880e+02 1.657832046562924688e+02 1.252215593997238443e+02 1.651591775012920316e+00 1.328583675907910155e+00 1.184277813070984342e+00
8.275293500523792645e-01 8.275293500523792645e-01 8.275293500523792645e-01 1.088012546557757254e+00 1.657832046562924688e+02 1.635186747104304459e+02 1.639317729219439741e+02 8.924460166548530538e+01 2.008636780975051828e+00 1.424713535004778153e+00 4.534254742368788271e+01 1.576917264683239921e+02 1.612483617493174108e+02 1.628264361456637062e+02 1.617069377011030724e+02 1.576917264683239921e+02 1.650456317050905568e+02 1.651591775012920316e+00 1.328583675907910155e+00 1.184277813070984342e+00
8.275293500523792645e-01 8.275293500523792645e-01 1.016275563087950751e+00 8.393503489671444129e+01 1.657832046562924688e+02 1.665474644541448583e+02 1.639317729219439741e+02 1.076530584924807243e+02 8.410100337358655054e+01 1.154949942904592035e+02 1.619588780855702339e+02 1.537842368838812490e+02 1.533762933300397151e+02 1.499852657174677404e+02 1.625397993335309081e+02 1.639242971655192775e+02 1.662156510412373507e+02 1.651591775012920316e+00 1.101465027061204971e+00 1.088012546557757254e+00
8.275293500523792645e-01 8.275293500523792645e-01 8.275293500523792645e-01 6.748749237057340622e+01 1.657832046562924688e+02 1.657832046562924688e+02 1.665474644541448583e+02 1.646517777633367814e+02 1.500989845928484101e+02 1.658593927668708830e+02 1.655995863236842638e+02 1.565807271484344199e+02 1.500989845928484101e+02 1.488452148241422606e+02 1.549049877884021953e+02 1.639242971655192775e+02 1.650456317050905568e+02 1.651591775012920316e+00 1.101465027061204971e+00 1.088012546557757254e+00
8.275293500523792645e-01 1.016275563087950751e+00 1.420264849476479574e+00 6.748749237057340622e+01 1.657832046562924688e+02 1.657832046562924688e+02 1.658593927668708830e+02 1.665474644541448583e+02 1.665474644541448583e+02 1.665474644541448583e+02 1.664218353935301309e+02 1.646517777633367814e+02 1.547363901334387606e+02 1.576917264683239921e+02 1.590382587984322811e+02 1.617069377011030724e+02 1.664218353935301309e+02 1.573991048200984011e+00 1.328583675907910155e+00 1.363262116195477658e+00
8.275293500523792645e-01 1.264205647332570237e+00 1.387317115331792028e+00 1.713851666243001004e+00 1.500829608427698929e+02 1.657832046562924688e+02 1.663612884833478063e+02 1.664218353935301309e+02 1.657832046562924688e+02 1.664218353935301309e+02 1.664218353935301309e+02 1.664218353935301309e+02 4.370246988271712496e+01 3.670716319662184901e+01 3.670716319662184901e+01 4.370246988271712496e+01 1.573991048200984011e+00 1.557003118191639057e+00 1.328583675907910155e+00 1.442365982927015677e+00
8.275293500523792645e-01 1.065758935661741846e+00 1.505955625955174515e+00 1.387317115331792028e+00 1.713851666243001004e+00 1.216789091809828705e+02 1.640674828453629743e+02 1.387401141858892117e+02 1.115120867170807628e+02 1.387401141858892117e+02 1.573991048200984011e+00 1.477343376944341591e+00 1.387317115331792028e+00 1.387317115331792028e+00 1.387317115331792028e+00 1.387317115331792028e+00 1.065758935661741846e+00 1.065758935661741846e+00 1.503913736818593749e+00 1.505955625955174515e+00
8.275293500523792645e-01 8.275293500523792645e-01 8.275293500523792645e-01 8.275293500523792645e-01 1.465856837589404549e+00 1.713851666243001004e+00 8.372147463562482983e+01 1.573991048200984011e+00 2.886033196717048455e+01 1.387317115331792028e+00 1.101465027061204971e+00 1.328583675907910155e+00 1.088012546557757254e+00 1.088012546557757254e+00 1.041912591481560568e+00 8.275293500523792645e-01 8.275293500523792645e-01 8.275293500523792645e-01 8.275293500523792645e-01 8.275293500523792645e-01
8.275293500523792645e-01 8.275293500523792645e-01 8.275293500523792645e-01 8.275293500523792645e-01 8.275293500523792645e-01 1.465856837589404549e+00 2.085610638067327471e+01 1.065758935661741846e+00 1.065758935661741846e+00 1.041912591481560568e+00 8.275293500523792645e-01 1.193931229416546058e+00 1.193931229416546058e+00 8.275293500523792645e-01 8.275293500523792645e-01 8.275293500523792645e-01 8.275293500523792645e-01 8.275293500523792645e-01 8.275293500523792645e-01 8.275293500523792645e-01
8.275293500523792645e-01 8.275293500523792645e-01 8.275293500523792645e-01 8.275293500523792645e-01 8.275293500523792645e-01 8.275293500523792645e-01 1.065758935661741846e+00 1.065758935661741846e+00 8.275293500523792645e-01 8.275293500523792645e-01 8.275293500523792645e-01 8.275293500523792645e-01 8.275293500523792645e-01 8.275293500523792645e-01 8.275293500523792645e-01 8.275293500523792645e-01 8.275293500523792645e-01 8.275293500523792645e-01 8.275293500523792645e-01 8.275293500523792645e-01
