1.116644122595606525e+01 1.116644122595606525e+01 1.116644122595606525e+01 1.116644122595606525e+01 1.183383910215258794e+01 1.297060074691015963e+01 1.782192444133020715e+01 2.309587474134727003e+01 3.112826539133542170e+01 3.033658350702071616e+01 3.033658350702071616e+01 3.033658350702071616e+01 2.434312094203897203e+01 1.834209446069583294e+01 1.116644122595606525e+01 1.116644122595606525e+01 1.116644122595606525e+01 1.116644122595606525e+01 1.116644122595606525e+01 1.116644122595606525e+01
1.116644122595606525e+01 1.116644122595606525e+01 1.116644122595606525e+01 1.183383910215258794e+01 1.297060074691015963e+01 2.364140180928625057e+01 2.694652085521065032e+01 4.459455834068813118e+01 5.442619981970780429e+01 5.382719676515681329e+01 5.382719676515681329e+01 5.371416915998445774e+01 4.183649060533085162e+01 2.877089183510568304e+01 2.434312094203897203e+01 1.116644122595606525e+01 1.116644122595606525e+01 1.116644122595606525e+01 1.116644122595606525e+01 1.116644122595606525e+01
1.116644122595606525e+01 1.116644122595606525e+01 1.183383910215258794e+01 1.297060074691015963e+01 2.309587474134727003e+01 3.651403608603006035e+01 4.738461218978986267e+01 6.500465513445732313e+01 7.340670561421930529e+01 7.893760527201932575e+01 7.638502023222400794e+01 7.638502023222400794e+01 6.500465513445732313e+01 4.183649060533085162e+01 2.877089183510568304e+01 2.434312094203897203e+01 1.116644122595606525e+01 1.116644122595606525e+01 1.116644122595606525e+01 1.116644122595606525e+01
1.116644122595606525e+01 1.183383910215258794e+01 1.297060074691015963e+01 2.309587474134727003e+01 3.651403608603006035e+01 5.512471599048716087e+01 7.340670561421930529e+01 8.372905005571021775e+01 8.823487367031077611e+01 9.069296733422305579e+01 9.069296733422305579e+01 9.180163002318921883e+01 7.886063684387423223e+01 6.628215194459116333e+01 4.183649060533085162e+01 2.877089183510568304e+01 2.434312094203897203e+01 1.116644122595606525e+01 1.116644122595606525e+01 1.116644122595606525e+01
1.183383910215258794e+01 1.297060074691015963e+01 2.130980604234087039e+01 3.367808421427857013e+01 5.512471599048716087e+01 7.490984864484023831e+01 8.372905005571021775e+01 8.823487367031077611e+01 7.949947559444177614e+01 7.949947559444177614e+01 7.995997596025216581e+01 9.309392716673794155e+01 9.180163002318921883e+01 7.886063684387423223e+01 6.628215194459116333e+01 4.183649060533085162e+01 2.877089183510568304e+01 2.213906327286021636e+01 1.116644122595606525e+01 1.116644122595606525e+01
1.297060074691015963e+01 2.130980604234087039e+01 3.158377771282566115e+01 4.738461218978986267e+01 6.678802721237850903e+01 8.372905005571021775e+01 8.405717325431048437e+01 7.176398937701017644e+01 6.606404313207930556e+01 6.134281452454425931e+01 7.176398937701017644e+01 8.468950835147873590e+01 9.963137420826450352e+01 9.439061252242548505e+01 9.439061252242548505e+01 6.628215194459116333e+01 4.183649060533085162e+01 2.274433451129154093e+01 1.116644122595606525e+01 1.116644122595606525e+01
1.541943446832018338e+01 2.650868096517625361e+01 4.459455834068813118e+01 6.403264164228588129e+01 8.541614062374534910e+01 8.405717325431048437e+01 6.606404313207930556e+01 5.053738753611506240e+01 4.010867624457574721e+01 3.661064988801934561e+01 4.881672705296045933e+01 7.995997596025216581e+01 1.110132146034566460e+02 1.200382173432482062e+02 1.043334663518753871e+02 7.886063684387423223e+01 5.004884429175960747e+01 2.928880362821520933e+01 1.386576521394682437e+01 1.116644122595606525e+01
2.130980604234087039e+01 3.481915674492878310e+01 5.728803149082794732e+01 7.806471299925790674e+01 8.823487367031077611e+01 7.703310245275186219e+01 5.407975850633923187e+01 3.603140558462303034e+01 2.556002442286959209e+01 2.712848562596359159e+01 4.798832983749115755e+01 7.995997596025216581e+01 1.110132146034566460e+02 1.227520173024205974e+02 1.043334663518753871e+02 8.204684463057672872e+01 5.004884429175960747e+01 2.954167519408489184e+01 1.386576521394682437e+01 1.116644122595606525e+01
2.393878494218512998e+01 4.551616826837762630e+01 6.403264164228588129e+01 9.069296733422305579e+01 8.353337685407615254e+01 6.781148283846803793e+01 3.884437463940518143e+01 2.527755606566381985e+01 1.965843328876734475e+01 2.859782200018512910e+01 4.551616826837762630e+01 7.750798706474442668e+01 1.110132146034566460e+02 1.146508291030773137e+02 1.043334663518753871e+02 7.703310245275186219e+01 5.004884429175960747e+01 2.527755606566381985e+01 1.386576521394682437e+01 1.116644122595606525e+01
2.967909510047256205e+01 5.606451569177594507e+01 7.750798706474442668e+01 9.510413716970226972e+01 8.353337685407615254e+01 5.900476519206092263e+01 3.524179634635719793e+01 2.339904783862029802e+01 2.309587474134727003e+01 3.158377771282566115e+01 5.395828185218518769e+01 8.193251092668245406e+01 1.122855442202182985e+02 1.162579600021027915e+02 1.043334663518753871e+02 7.703310245275186219e+01 5.004884429175960747e+01 2.349588633926480696e+01 1.116644122595606525e+01 1.116644122595606525e+01
2.823618022385453230e+01 5.606451569177594507e+01 8.263215188171719205e+01 9.510413716970226972e+01 7.886063684387423223e+01 6.628215194459116333e+01 4.183649060533085162e+01 3.112826539133542170e+01 3.839916306834861359e+01 4.738461218978986267e+01 7.256765790164263308e+01 9.557690658817782037e+01 1.122855442202182985e+02 1.191981308438232645e+02 9.749817013186441272e+01 6.628215194459116333e+01 3.524179634635719793e+01 2.349588633926480696e+01 1.116644122595606525e+01 1.116644122595606525e+01
2.823618022385453230e+01 5.606451569177594507e+01 7.995997596025216581e+01 9.510413716970226972e+01 9.339794096386813749e+01 7.638502023222400794e+01 5.371416915998445774e+01 5.382719676515681329e+01 5.741439233006191500e+01 7.490984864484023831e+01 8.372905005571021775e+01 1.013291063530667344e+02 1.102973679301571934e+02 1.162579600021027915e+02 9.359152908523493863e+01 6.628215194459116333e+01 3.524179634635719793e+01 2.349588633926480696e+01 1.116644122595606525e+01 1.116644122595606525e+01
2.592811271369230397e+01 4.881672705296045933e+01 7.995997596025216581e+01 9.309392716673794155e+01 9.238717789432287475e+01 8.204684463057672872e+01 7.638502023222400794e+01 7.340670561421930529e+01 7.340670561421930529e+01 8.372905005571021775e+01 8.823487367031077611e+01 9.963137420826450352e+01 1.102973679301571934e+02 1.091010193523960510e+02 9.664488611325708689e+01 6.628215194459116333e+01 3.524179634635719793e+01 2.213906327286021636e+01 1.116644122595606525e+01 1.116644122595606525e+01
2.633666521568449070e+01 3.339411102986181845e+01 6.134281452454425931e+01 7.176398937701017644e+01 7.717643898811232361e+01 7.949947559444177614e+01 7.949947559444177614e+01 7.949947559444177614e+01 7.567539521529837998e+01 7.176398937701017644e+01 7.176398937701017644e+01 8.570441209213987577e+01 9.309392716673794155e+01 9.963137420826450352e+01 9.359152908523493863e+01 6.628215194459116333e+01 3.524179634635719793e+01 2.213906327286021636e+01 1.116644122595606525e+01 1.116644122595606525e+01
1.339782085479041385e+01 2.633666521568449070e+01 3.661064988801934561e+01 5.110163511899187938e+01 6.134281452454425931e+01 6.134281452454425931e+01 6.134281452454425931e+01 6.134281452454425931e+01 5.053738753611506240e+01 5.053738753611506240e+01 5.110163511899187938e+01 6.134281452454425931e+01 7.995997596025216581e+01 9.510413716970226972e+01 9.359152908523493863e+01 6.628215194459116333e+01 3.524179634635719793e+01 2.213906327286021636e+01 1.116644122595606525e+01 1.116644122595606525e+01
1.339782085479041385e+01 1.339782085479041385e+01 2.633666521568449070e+01 2.668148136586709995e+01 3.661064988801934561e+01 3.661064988801934561e+01 3.661064988801934561e+01 3.499309590577068008e+01 3.499309590577068008e+01 2.972823253034478697e+01 2.712848562596359159e+01 4.798832983749115755e+01 7.995997596025216581e+01 9.069296733422305579e+01 9.359152908523493863e+01 6.628215194459116333e+01 3.524179634635719793e+01 2.213906327286021636e+01 1.116644122595606525e+01 1.116644122595606525e+01
1.116644122595606525e+01 1.339782085479041385e+01 1.339782085479041385e+01 1.339782085479041385e+01 2.174336274615235709e+01 2.668148136586709995e+01 2.668148136586709995e+01 2.295236814512357526e+01 2.295236814512357526e+01 1.808212758277347021e+01 2.481217120783847818e+01 4.798832983749115755e+01 7.995997596025216581e+01 9.069296733422305579e+01 9.359152908523493863e+01 6.628215194459116333e+01 3.524179634635719793e+01 2.213906327286021636e+01 1.116644122595606525e+01 1.116644122595606525e+01
1.116644122595606525e+01 1.116644122595606525e+01 1.116644122595606525e+01 1.116644122595606525e+01 1.339782085479041385e+01 1.339782085479041385e+01 1.339782085479041385e+01 1.339782085479041385e+01 1.339782085479041385e+01 1.339782085479041385e+01 2.130980604234087039e+01 4.068040303065372854e+01 7.995997596025216581e+01 9.069296733422305579e+01 9.359152908523493863e+01 6.628215194459116333e+01 3.524179634635719793e+01 2.213906327286021636e+01 1.116644122595606525e+01 1.116644122595606525e+01
1.116644122595606525e+01 1.116644122595606525e+01 1.116644122595606525e+01 1.116644122595606525e+01 1.116644122595606525e+01 1.116644122595606525e+01 1.116644122595606525e+01 1.116644122595606525e+01 1.116644122595606525e+01 1.339782085479041385e+01 2.130980604234087039e+01 4.060686638638210155e+01 6.771890164959796721e+01 9.309392716673794155e+01 8.353337685407615254e+01 6.628215194459116333e+01 3.524179634635719793e+01 2.213906327286021636e+01 1.116644122595606525e+01 1.116644122595606525e+01
1.116644122595606525e+01 1.116644122595606525e+01 1.116644122595606525e+01 1.116644122595606525e+01 1.116644122595606525e+01 1.116644122595606525e+01 1.116644122595606525e+01 1.116644122595606525e+01 1.116644122595606525e+01 1.183383910215258794e+01 2.130980604234087039e+01 3.494163932954245411e+01 6.169388414077153726e+01 8.468950835147873590e+01 8.353337685407615254e+01 5.257430182576925404e+01 3.524179634635719793e+01 2.213906327286021636e+01 1.116644122595606525e+01 1.116644122595606525e+01
