8.275293500523792645e-01 8.275293500523792645e-01 8.275293500523792645e-01 8.275293500523792645e-01 1.626165440746471180e+00 1.573991048200984011e+00 1.499262358286829633e+00 1.567251086698256746e+00 1.669648496251247893e+00 1.685438296479896625e+00 1.424713535004778153e+00 1.477343376944341591e+00 1.381393823623835448e+00 1.381393823623835448e+00 1.090948632187630496e+00 1.328583675907910155e+00 1.381393823623835448e+00 1.381393823623835448e+00 1.499262358286829633e+00 1.556827975410163045e+00
8.275293500523792645e-01 8.275293500523792645e-01 8.275293500523792645e-01 8.275293500523792645e-01 1.381511869361276901e+00 1.418620097608169095e+00 1.573991048200984011e+00 1.520915860855592605e+00 1.649450794251297481e+00 1.573991048200984011e+00 1.567251086698256746e+00 1.387317115331792028e+00 1.420264849476479574e+00 1.387317115331792028e+00 1.328583675907910155e+00 1.381393823623835448e+00 1.381393823623835448e+00 1.573991048200984011e+00 1.453296330911048928e+00 1.381393823623835448e+00
8.275293500523792645e-01 8.275293500523792645e-01 8.275293500523792645e-01 1.065758935661741846e+00 8.275293500523792645e-01 1.567251086698256746e+00 1.557003118191639057e+00 1.420264849476479574e+00 1.499262358286829633e+00 1.477343376944341591e+00 1.420264849476479574e+00 1.465121978560540494e+00 1.381393823623835448e+00 1.328583675907910155e+00 1.193931229416546058e+00 1.465856837589404549e+00 1.381393823623835448e+00 1.636866787662233591e+00 1.328583675907910155e+00 1.381393823623835448e+00
8.275293500523792645e-01 1.016275563087950751e+00 1.016275563087950751e+00 8.275293500523792645e-01 1.088012546557757254e+00 1.651591775012920316e+00 1.520915860855592605e+00 1.520915860855592605e+00 1.446987275405187345e+00 1.446987275405187345e+00 1.420264849476479574e+00 1.465121978560540494e+00 1.184489755918717746e+00 1.577818801921960779e+00 1.381393823623835448e+00 1.381393823623835448e+00 1.424713535004778153e+00 1.626165440746471180e+00 1.328583675907910155e+00 1.184489755918717746e+00
1.016275563087950751e+00 1.016275563087950751e+00 1.101465027061204971e+00 8.275293500523792645e-01 1.424713535004778153e+00 1.651591775012920316e+00 1.573991048200984011e+00 1.477343376944341591e+00 1.549835168263192786e+00 1.465121978560540494e+00 1.381393823623835448e+00 1.573991048200984011e+00 1.520915860855592605e+00 1.477343376944341591e+00 1.486901096129977340e+00 1.505955625955174515e+00 1.424713535004778153e+00 1.651591775012920316e+00 1.597914220750751513e+00 1.259980764519020857e+00
1.573991048200984011e+00 1.259980764519020857e+00 1.381393823623835448e+00 1.088012546557757254e+00 1.573991048200984011e+00 1.817216895669084620e+00 1.577818801921960779e+00 1.549835168263192786e+00 1.420264849476479574e+00 1.381393823623835448e+00 1.259980764519020857e+00 1.477343376944341591e+00 1.420264849476479574e+00 1.486901096129977340e+00 1.505955625955174515e+00 1.970498582547777389e+01 6.768862682073961423e+01 1.031557607456119285e+01 1.328583675907910155e+00 1.381393823623835448e+00
1.520915860855592605e+00 1.387317115331792028e+00 1.713851666243001004e+00 1.543729889934378097e+00 1.520915860855592605e+00 1.703931897868478318e+00 1.577818801921960779e+00 1.549835168263192786e+00 1.381511869361276901e+00 1.453419187518271594e+00 1.651591775012920316e+00 1.545538029787380641e+00 1.420264849476479574e+00 1.543729889934378097e+00 8.669826862958356628e+01 1.664142389863376650e+02 1.576917264683239921e+02 1.573991048200984011e+00 1.264205647332570237e+00 1.519785198799185277e+00
1.424713535004778153e+00 1.465121978560540494e+00 1.505955625955174515e+00 1.651591775012920316e+00 1.573991048200984011e+00 1.668985090247356640e+00 1.577818801921960779e+00 1.549835168263192786e+00 1.486901096129977340e+00 1.549835168263192786e+00 1.725850874895348941e+00 1.505955625955174515e+00 1.381393823623835448e+00 8.669826862958356628e+01 1.647790648665894082e+02 1.416846640378925315e+02 1.664218353935301309e+02 1.557003118191639057e+00 1.420264849476479574e+00 1.101465027061204971e+00
1.420264849476479574e+00 1.543729889934378097e+00 1.970498582547777389e+01 1.651591775012920316e+00 1.577818801921960779e+00 1.603166054381250927e+00 1.520915860855592605e+00 1.567251086698256746e+00 1.552502558760601836e+00 1.567251086698256746e+00 1.556827975410163045e+00 1.649450794251297481e+00 1.970498582547777389e+01 1.452121984232830982e+02 1.649419556670107738e+02 1.387401141858892117e+02 1.573991048200984011e+00 1.264205647332570237e+00 1.519785198799185277e+00 1.088012546557757254e+00
1.549835168263192786e+00 1.978902454484273932e+01 8.604550650333136730e+01 1.651591775012920316e+00 1.626165440746471180e+00 1.636866787662233591e+00 1.545538029787380641e+00 1.549835168263192786e+00 1.465121978560540494e+00 1.503913736818593749e+00 1.505955625955174515e+00 1.559725071308526800e+01 7.309198696988558197e+01 1.386490894052933243e+02 9.344021568531366029e+01 1.573991048200984011e+00 1.539822482254066704e+00 1.420264849476479574e+00 1.381393823623835448e+00 1.088012546557757254e+00
1.614938673901893829e+00 4.358399248473287457e+01 1.320211642938566285e+02 4.229134255124502317e+01 2.008636780975051828e+00 2.008636780975051828e+00 1.649450794251297481e+00 1.505955625955174515e+00 1.424713535004778153e+00 1.424713535004778153e+00 1.970498582547777389e+01 1.466570417475631771e+01 3.491367026046177102e+01 5.433388249685651061e+01 4.506360621132839128e+01 1.573991048200984011e+00 1.477343376944341591e+00 1.519785198799185277e+00 1.381393823623835448e+00 1.088012546557757254e+00
1.573971356588292903e+00 1.713851666243001004e+00 1.114752664675644525e+02 1.410046750402263740e+02 6.590527613739944002e+01 5.195783200797978729e+00 1.424713535004778153e+00 4.986291158243012056e+00 1.424713535004778153e+00 1.573991048200984011e+00 2.373224890350756233e+00 1.713851666243001004e+00 7.088295245996974359e+00 1.300806703358726679e+01 1.404673640237849241e+01 1.651591775012920316e+00 1.381511869361276901e+00 1.381393823623835448e+00 1.381393823623835448e+00 1.088012546557757254e+00
1.654362616489111870e+00 1.556827975410163045e+00 3.500556907999325063e+00 7.088295245996974359e+00 1.300806703358726679e+01 1.304828330148743021e+01 5.614221503964191839e+00 1.573991048200984011e+00 1.613450657535871802e+00 1.387317115331792028e+00 1.879370961073308255e+00 1.713851666243001004e+00 1.713851666243001004e+00 2.409758665593427995e+00 2.432991435603115260e+00 1.795919549901412227e+00 1.420264849476479574e+00 1.387317115331792028e+00 1.381393823623835448e+00 1.088012546557757254e+00
1.567251086698256746e+00 1.713851666243001004e+00 1.723274296545236339e+00 1.477343376944341591e+00 1.387317115331792028e+00 1.387317115331792028e+00 1.387317115331792028e+00 1.101465027061204971e+00 1.573991048200984011e+00 1.573991048200984011e+00 1.387317115331792028e+00 1.556827975410163045e+00 1.700793118262584258e+01 1.651591775012920316e+00 1.573991048200984011e+00 1.573991048200984011e+00 1.420264849476479574e+00 1.453419187518271594e+00 1.453419187518271594e+00 1.381393823623835448e+00
1.387317115331792028e+00 1.465121978560540494e+00 1.573991048200984011e+00 1.573991048200984011e+00 1.328583675907910155e+00 1.193931229416546058e+00 1.101465027061204971e+00 1.088012546557757254e+00 1.090948632187630496e+00 1.418620097608169095e+00 1.381393823623835448e+00 1.614938673901893829e+00 1.543729889934378097e+00 1.573991048200984011e+00 1.989500886307329353e+00 1.577818801921960779e+00 1.723274296545236339e+00 1.503913736818593749e+00 1.486901096129977340e+00 1.381393823623835448e+00
1.387317115331792028e+00 1.465856837589404549e+00 1.573991048200984011e+00 1.477343376944341591e+00 1.556827975410163045e+00 1.387317115331792028e+00 1.387317115331792028e+00 1.088012546557757254e+00 1.420264849476479574e+00 1.420264849476479574e+00 1.505955625955174515e+00 1.505955625955174515e+00 2.409758665593427995e+00 2.048147418484377535e+00 1.817216895669084620e+00 1.668985090247356640e+00 1.725850874895348941e+00 1.700504797420090197e+00 1.505955625955174515e+00 1.088012546557757254e+00
1.387317115331792028e+00 1.387317115331792028e+00 1.610382995712599463e+00 1.453296330911048928e+00 1.486901096129977340e+00 1.381393823623835448e+00 1.573991048200984011e+00 1.193931229416546058e+00 1.387317115331792028e+00 1.552502558760601836e+00 1.549835168263192786e+00 1.649450794251297481e+00 1.113346771144395397e+01 2.168410840578099297e+00 1.844177061917319449e+00 1.685438296479896625e+00 1.860508047975898860e+00 1.649450794251297481e+00 1.649450794251297481e+00 1.065758935661741846e+00
1.387317115331792028e+00 1.381393823623835448e+00 1.543729889934378097e+00 1.387317115331792028e+00 1.387317115331792028e+00 1.420264849476479574e+00 1.567251086698256746e+00 1.545538029787380641e+00 1.453419187518271594e+00 1.387317115331792028e+00 1.465121978560540494e+00 1.543729889934378097e+00 1.031557607456119285e+01 1.573991048200984011e+00 1.844177061917319449e+00 1.573991048200984011e+00 1.668985090247356640e+00 1.420264849476479574e+00 1.088012546557757254e+00 8.275293500523792645e-01
1.503913736818593749e+00 1.503913736818593749e+00 1.505955625955174515e+00 1.381511869361276901e+00 1.381511869361276901e+00 1.387317115331792028e+00 1.387317115331792028e+00 1.465121978560540494e+00 1.486901096129977340e+00 1.453419187518271594e+00 1.543729889934378097e+00 1.723274296545236339e+00 1.573991048200984011e+00 1.573991048200984011e+00 1.700504797420090197e+00 1.626165440746471180e+00 1.549835168263192786e+00 1.442365982927015677e+00 1.193931229416546058e+00 8.275293500523792645e-01
8.275293500523792645e-01 8.275293500523792645e-01 1.065758935661741846e+00 1.453296330911048928e+00 1.453296330911048928e+00 1.418620097608169095e+00 1.381393823623835448e+00 1.577818801921960779e+00 1.520915860855592605e+00 1.418620097608169095e+00 1.381393823623835448e+00 1.723274296545236339e+00 2.373224890350756233e+00 1.636866787662233591e+00 1.610382995712599463e+00 1.499262358286829633e+00 1.453296330911048928e+00 1.556827975410163045e+00 1.184489755918717746e+00 8.275293500523792645e-01
