7.800232100930356793e+00 7.800232100930356793e+00 7.800232100930356793e+00 7.800232100930356793e+00 7.800232100930356793e+00 7.800232100930356793e+00 7.800232100930356793e+00 7.800232100930356793e+00 7.800232100930356793e+00 2.448028194835234927e+01 3.346221098207983147e+01 4.704768009146025065e+01 4.996947402542061667e+01 4.127383045923090776e+01 2.993339851228013870e+01 2.215981573956370809e+01 7.800232100930356793e+00 7.800232100930356793e+00 7.800232100930356793e+00 7.800232100930356793e+00
7.800232100930356793e+00 7.800232100930356793e+00 7.800232100930356793e+00 7.800232100930356793e+00 7.800232100930356793e+00 7.800232100930356793e+00 7.800232100930356793e+00 7.800232100930356793e+00 1.898297472818540044e+01 2.823618022385453230e+01 4.340961187818322742e+01 6.562895074333847845e+01 6.634739123969629304e+01 5.855870590381934448e+01 3.807933151003716432e+01 2.305638594538011077e+01 7.800232100930356793e+00 7.800232100930356793e+00 7.800232100930356793e+00 7.800232100930356793e+00
7.800232100930356793e+00 7.800232100930356793e+00 7.800232100930356793e+00 7.800232100930356793e+00 7.800232100930356793e+00 7.800232100930356793e+00 7.800232100930356793e+00 7.800232100930356793e+00 1.898297472818540044e+01 3.571751373376611838e+01 5.457845952286930924e+01 7.502769905942240314e+01 7.578142560973088848e+01 6.039662771986459688e+01 3.882663364195011013e+01 2.527062842662988373e+01 7.800232100930356793e+00 7.800232100930356793e+00 7.800232100930356793e+00 7.800232100930356793e+00
7.800232100930356793e+00 7.800232100930356793e+00 7.800232100930356793e+00 7.800232100930356793e+00 7.800232100930356793e+00 7.800232100930356793e+00 7.800232100930356793e+00 1.355647811594422691e+01 2.395151746313472430e+01 4.068040303065372854e+01 6.769048670333923212e+01 8.374911585769213218e+01 8.521802689780558637e+01 6.689666161777921616e+01 3.882663364195011013e+01 2.349588633926480696e+01 7.800232100930356793e+00 7.800232100930356793e+00 7.800232100930356793e+00 7.800232100930356793e+00
7.800232100930356793e+00 7.800232100930356793e+00 7.800232100930356793e+00 7.800232100930356793e+00 7.800232100930356793e+00 7.800232100930356793e+00 7.800232100930356793e+00 1.355647811594422691e+01 2.395151746313472430e+01 4.068040303065372854e+01 6.769048670333923212e+01 8.547505828586604082e+01 8.521802689780558637e+01 5.894321573349529331e+01 3.588968815847803739e+01 2.322676422519901962e+01 7.800232100930356793e+00 7.800232100930356793e+00 7.800232100930356793e+00 7.800232100930356793e+00
7.800232100930356793e+00 7.800232100930356793e+00 7.800232100930356793e+00 7.800232100930356793e+00 7.800232100930356793e+00 7.800232100930356793e+00 7.800232100930356793e+00 1.898297472818540044e+01 2.823618022385453230e+01 4.788343333675526026e+01 7.225732157984663218e+01 8.547505828586604082e+01 8.351456769516720158e+01 5.894321573349529331e+01 3.435633173668113471e+01 2.044886727520476200e+01 7.800232100930356793e+00 7.800232100930356793e+00 7.800232100930356793e+00 7.800232100930356793e+00
7.800232100930356793e+00 7.800232100930356793e+00 7.800232100930356793e+00 7.800232100930356793e+00 7.800232100930356793e+00 7.800232100930356793e+00 7.800232100930356793e+00 1.898297472818540044e+01 3.479976802350768850e+01 5.457845952286930924e+01 7.381724080597643933e+01 8.630451783428087253e+01 6.845849096927206290e+01 4.622030737355205332e+01 2.753561903735074878e+01 7.800232100930356793e+00 7.800232100930356793e+00 7.800232100930356793e+00 7.800232100930356793e+00 7.800232100930356793e+00
7.800232100930356793e+00 7.800232100930356793e+00 7.800232100930356793e+00 7.800232100930356793e+00 7.800232100930356793e+00 7.800232100930356793e+00 7.800232100930356793e+00 1.898297472818540044e+01 4.068040303065372854e+01 5.730413509879906542e+01 8.374911585769213218e+01 8.521802689780558637e+01 6.689666161777921616e+01 4.622030737355205332e+01 2.527062842662988373e+01 7.800232100930356793e+00 7.800232100930356793e+00 7.800232100930356793e+00 7.800232100930356793e+00 7.800232100930356793e+00
7.800232100930356793e+00 7.800232100930356793e+00 7.800232100930356793e+00 7.800232100930356793e+00 7.800232100930356793e+00 7.800232100930356793e+00 1.355647811594422691e+01 2.395151746313472430e+01 4.446171074136233869e+01 6.769048670333923212e+01 8.374911585769213218e+01 8.521802689780558637e+01 6.472789568446192732e+01 3.882663364195011013e+01 2.322676422519901962e+01 7.800232100930356793e+00 7.800232100930356793e+00 7.800232100930356793e+00 7.800232100930356793e+00 7.800232100930356793e+00
7.800232100930356793e+00 7.800232100930356793e+00 7.800232100930356793e+00 7.800232100930356793e+00 7.800232100930356793e+00 7.800232100930356793e+00 1.355647811594422691e+01 2.680721849860392680e+01 4.788343333675526026e+01 7.225732157984663218e+01 9.097776222911998900e+01 8.521802689780558637e+01 5.894321573349529331e+01 3.588968815847803739e+01 2.349588633926480696e+01 7.800232100930356793e+00 7.800232100930356793e+00 7.800232100930356793e+00 7.800232100930356793e+00 7.800232100930356793e+00
7.800232100930356793e+00 7.800232100930356793e+00 7.800232100930356793e+00 7.800232100930356793e+00 7.800232100930356793e+00 7.800232100930356793e+00 1.898297472818540044e+01 2.680721849860392680e+01 5.608088334407401021e+01 8.397629004977790146e+01 9.238562003017075597e+01 8.295038536704821297e+01 5.894321573349529331e+01 2.753561903735074878e+01 7.800232100930356793e+00 7.800232100930356793e+00 7.800232100930356793e+00 7.800232100930356793e+00 7.800232100930356793e+00 7.800232100930356793e+00
7.800232100930356793e+00 7.800232100930356793e+00 7.800232100930356793e+00 7.800232100930356793e+00 7.800232100930356793e+00 7.800232100930356793e+00 1.898297472818540044e+01 3.479976802350768850e+01 5.457845952286930924e+01 8.639458333168954596e+01 8.630451783428087253e+01 7.532092102791585830e+01 4.622030737355205332e+01 2.655699327408255783e+01 7.800232100930356793e+00 7.800232100930356793e+00 7.800232100930356793e+00 7.800232100930356793e+00 7.800232100930356793e+00 7.800232100930356793e+00
7.800232100930356793e+00 7.800232100930356793e+00 7.800232100930356793e+00 7.800232100930356793e+00 7.800232100930356793e+00 7.800232100930356793e+00 1.898297472818540044e+01 4.068040303065372854e+01 6.769048670333923212e+01 7.875471013477017834e+01 8.521802689780558637e+01 6.472789568446192732e+01 4.138832445165505902e+01 2.322676422519901962e+01 7.800232100930356793e+00 7.800232100930356793e+00 7.800232100930356793e+00 7.800232100930356793e+00 7.800232100930356793e+00 7.800232100930356793e+00
7.800232100930356793e+00 7.800232100930356793e+00 7.800232100930356793e+00 7.800232100930356793e+00 7.800232100930356793e+00 1.355647811594422691e+01 2.395151746313472430e+01 4.068040303065372854e+01 6.769048670333923212e+01 9.013181837872154745e+01 8.521802689780558637e+01 5.894321573349529331e+01 3.588968815847803739e+01 2.044886727520476200e+01 7.800232100930356793e+00 7.800232100930356793e+00 7.800232100930356793e+00 7.800232100930356793e+00 7.800232100930356793e+00 7.800232100930356793e+00
7.800232100930356793e+00 7.800232100930356793e+00 7.800232100930356793e+00 7.800232100930356793e+00 7.800232100930356793e+00 1.355647811594422691e+01 2.680721849860392680e+01 4.788343333675526026e+01 7.225732157984663218e+01 8.547505828586604082e+01 8.491480191808042832e+01 5.894321573349529331e+01 2.837222850264837248e+01 7.800232100930356793e+00 7.800232100930356793e+00 7.800232100930356793e+00 7.800232100930356793e+00 7.800232100930356793e+00 7.800232100930356793e+00 7.800232100930356793e+00
7.800232100930356793e+00 7.800232100930356793e+00 7.800232100930356793e+00 7.800232100930356793e+00 7.800232100930356793e+00 1.898297472818540044e+01 2.680721849860392680e+01 5.457845952286930924e+01 8.397629004977790146e+01 9.097776222911998900e+01 8.491480191808042832e+01 5.181800128514302628e+01 2.753561903735074878e+01 7.800232100930356793e+00 7.800232100930356793e+00 7.800232100930356793e+00 7.800232100930356793e+00 7.800232100930356793e+00 7.800232100930356793e+00 7.800232100930356793e+00
7.800232100930356793e+00 7.800232100930356793e+00 7.800232100930356793e+00 7.800232100930356793e+00 7.800232100930356793e+00 1.898297472818540044e+01 2.853193647683530543e+01 5.608088334407401021e+01 8.397629004977790146e+01 9.238562003017075597e+01 8.575386017525627835e+01 5.181800128514302628e+01 2.753561903735074878e+01 7.800232100930356793e+00 7.800232100930356793e+00 7.800232100930356793e+00 7.800232100930356793e+00 7.800232100930356793e+00 7.800232100930356793e+00 7.800232100930356793e+00
7.800232100930356793e+00 7.800232100930356793e+00 7.800232100930356793e+00 7.800232100930356793e+00 7.800232100930356793e+00 1.898297472818540044e+01 2.954859297969206366e+01 5.608088334407401021e+01 7.381724080597643933e+01 8.807003929470094761e+01 7.532092102791585830e+01 5.181800128514302628e+01 2.753561903735074878e+01 7.800232100930356793e+00 7.800232100930356793e+00 7.800232100930356793e+00 7.800232100930356793e+00 7.800232100930356793e+00 7.800232100930356793e+00 7.800232100930356793e+00
7.800232100930356793e+00 7.800232100930356793e+00 7.800232100930356793e+00 7.800232100930356793e+00 7.800232100930356793e+00 1.355647811594422691e+01 2.680721849860392680e+01 4.881672705296045933e+01 6.566320111704312978e+01 7.246838003695880559e+01 5.940583007511923341e+01 4.663605049050162421e+01 2.527062842662988373e+01 7.800232100930356793e+00 7.800232100930356793e+00 7.800232100930356793e+00 7.800232100930356793e+00 7.800232100930356793e+00 7.800232100930356793e+00 7.800232100930356793e+00
7.800232100930356793e+00 7.800232100930356793e+00 7.800232100930356793e+00 7.800232100930356793e+00 7.800232100930356793e+00 7.800232100930356793e+00 2.502642513482237163e+01 3.339411102986181845e+01 4.674315949434587480e+01 5.691659215863049326e+01 5.027458216561596061e+01 3.072861573653916878e+01 2.322676422519901962e+01 7.800232100930356793e+00 7.800232100930356793e+00 7.800232100930356793e+00 7.800232100930356793e+00 7.800232100930356793e+00 7.800232100930356793e+00 7.800232100930356793e+00
