1.063879079389938198e+00 1.063879079389938198e+00 1.063879079389938198e+00 1.063879079389938198e+00 1.063879079389938198e+00 1.063879079389938198e+00 1.063879079389938198e+00 1.063879079389938198e+00 1.063879079389938198e+00 1.063879079389938198e+00 1.063879079389938198e+00 1.063879079389938198e+00 1.063879079389938198e+00 1.136531542442944520e+00 1.549638141722645024e+00 1.363262116195477658e+00 1.063879079389938198e+00 1.063879079389938198e+00 1.063879079389938198e+00 1.063879079389938198e+00
1.063879079389938198e+00 1.063879079389938198e+00 1.063879079389938198e+00 1.063879079389938198e+00 1.063879079389938198e+00 1.063879079389938198e+00 1.063879079389938198e+00 1.063879079389938198e+00 1.063879079389938198e+00 1.063879079389938198e+00 1.063879079389938198e+00 1.063879079389938198e+00 1.063879079389938198e+00 1.063879079389938198e+00 1.503913736818593749e+00 1.503913736818593749e+00 1.549638141722645024e+00 1.396932309464962607e+00 1.184489755918717746e+00 1.063879079389938198e+00
1.063879079389938198e+00 1.063879079389938198e+00 1.063879079389938198e+00 1.063879079389938198e+00 1.063879079389938198e+00 1.063879079389938198e+00 1.063879079389938198e+00 1.063879079389938198e+00 1.063879079389938198e+00 1.063879079389938198e+00 1.063879079389938198e+00 1.063879079389938198e+00 1.063879079389938198e+00 1.637287621879964350e+00 2.112176858536840562e+00 2.008636780975051828e+00 1.637802992244726141e+00 1.406847842370277490e+00 1.184489755918717746e+00 1.184489755918717746e+00
1.063879079389938198e+00 1.063879079389938198e+00 1.063879079389938198e+00 1.063879079389938198e+00 1.063879079389938198e+00 1.063879079389938198e+00 1.063879079389938198e+00 1.063879079389938198e+00 1.063879079389938198e+00 1.063879079389938198e+00 1.063879079389938198e+00 1.586579937385178596e+01 2.112176858536840562e+00 2.112176858536840562e+00 4.534254742368788271e+01 5.023337133609960148e+00 1.289252133437348213e+01 7.083039051559726573e+00 1.184489755918717746e+00 1.184489755918717746e+00
1.063879079389938198e+00 1.063879079389938198e+00 1.136531542442944520e+00 1.063879079389938198e+00 1.063879079389938198e+00 1.063879079389938198e+00 8.420333023060393884e+00 2.112176858536840562e+00 2.008636780975051828e+00 2.112176858536840562e+00 2.112176858536840562e+00 5.610638976879079109e+01 7.867319395615963629e+01 1.188827095952271549e+02 1.034912205430962615e+02 1.300806703358726679e+01 1.485298920225552655e+00 1.406847842370277490e+00 1.184489755918717746e+00 1.184489755918717746e+00
1.063879079389938198e+00 1.136531542442944520e+00 1.549638141722645024e+00 1.184489755918717746e+00 1.465121978560540494e+00 1.016527583167101234e+01 1.183129921554411546e+01 2.688077425020713562e+00 2.112176858536840562e+00 2.112176858536840562e+00 2.153201632256614673e+01 7.309198696988558197e+01 1.252362132502251342e+02 1.342784556729891960e+02 6.972409383242856507e+01 1.549638141722645024e+00 1.396932309464962607e+00 1.396932309464962607e+00 1.184489755918717746e+00 1.063879079389938198e+00
1.063879079389938198e+00 1.136531542442944520e+00 1.485298920225552655e+00 1.668985090247356640e+00 1.527047385685228909e+00 1.300806703358726679e+01 1.340332173047589492e+01 1.300806703358726679e+01 6.081392293892860401e+00 1.466570417475631771e+01 2.595790864473602522e+00 6.410636410565942356e+01 1.275952241542884451e+02 8.807834032714053762e+01 1.289252133437348213e+01 1.633472620893903438e+00 1.363262116195477658e+00 1.063879079389938198e+00 1.063879079389938198e+00 1.063879079389938198e+00
1.063879079389938198e+00 1.136531542442944520e+00 1.136531542442944520e+00 1.549638141722645024e+00 1.549638141722645024e+00 1.549638141722645024e+00 1.669770284651644232e+00 3.017587306008669312e+00 2.331568226776770558e+00 2.101193648414597437e+00 2.595790864473602522e+00 2.595790864473602522e+00 6.462470530261282420e+01 1.304828330148743021e+01 1.851459101751287584e+00 1.573971356588292903e+00 1.363262116195477658e+00 1.063879079389938198e+00 1.063879079389938198e+00 1.063879079389938198e+00
1.063879079389938198e+00 1.063879079389938198e+00 1.184489755918717746e+00 1.063879079389938198e+00 1.406847842370277490e+00 1.184489755918717746e+00 1.465121978560540494e+00 1.465121978560540494e+00 1.527047385685228909e+00 4.897807744618753567e+00 1.860508047975898860e+00 1.988753819868922523e+00 1.573991048200984011e+00 2.019986880851456945e+00 1.485298920225552655e+00 1.499262358286829633e+00 1.465121978560540494e+00 1.363262116195477658e+00 1.063879079389938198e+00 1.063879079389938198e+00
1.063879079389938198e+00 1.063879079389938198e+00 1.063879079389938198e+00 1.063879079389938198e+00 1.063879079389938198e+00 1.063879079389938198e+00 1.063879079389938198e+00 1.184489755918717746e+00 1.549638141722645024e+00 1.668985090247356640e+00 1.738885747550350080e+00 1.466570417475631771e+01 1.573991048200984011e+00 1.851459101751287584e+00 1.406847842370277490e+00 1.406847842370277490e+00 1.465121978560540494e+00 1.549638141722645024e+00 1.063879079389938198e+00 1.184489755918717746e+00
1.063879079389938198e+00 1.063879079389938198e+00 1.063879079389938198e+00 1.063879079389938198e+00 1.063879079389938198e+00 1.063879079389938198e+00 1.063879079389938198e+00 1.063879079389938198e+00 1.063879079389938198e+00 8.420333023060393884e+00 1.978902454484273932e+01 1.031557607456119285e+01 2.623336839379324381e+00 1.485298920225552655e+00 1.396932309464962607e+00 1.184489755918717746e+00 1.503913736818593749e+00 1.465121978560540494e+00 1.519785198799185277e+00 1.184489755918717746e+00
1.063879079389938198e+00 1.063879079389938198e+00 1.063879079389938198e+00 1.063879079389938198e+00 1.063879079389938198e+00 1.063879079389938198e+00 1.063879079389938198e+00 1.461945197618328640e+00 7.962795005862926878e+00 5.185261557817540279e+01 6.355425149825219933e+01 1.031557607456119285e+01 1.573991048200984011e+00 1.396932309464962607e+00 1.418620097608169095e+00 1.063879079389938198e+00 1.184489755918717746e+00 1.184489755918717746e+00 1.184489755918717746e+00 1.063879079389938198e+00
1.063879079389938198e+00 1.063879079389938198e+00 1.063879079389938198e+00 1.063879079389938198e+00 1.063879079389938198e+00 1.063879079389938198e+00 1.184489755918717746e+00 2.232063320542093887e+00 5.185261557817540279e+01 1.154949942904592035e+02 1.576917264683239921e+02 1.031557607456119285e+01 1.591689025231679189e+01 1.680114372176631621e+00 1.063879079389938198e+00 1.063879079389938198e+00 1.063879079389938198e+00 1.063879079389938198e+00 1.063879079389938198e+00 1.063879079389938198e+00
1.063879079389938198e+00 1.063879079389938198e+00 1.063879079389938198e+00 1.063879079389938198e+00 1.136531542442944520e+00 1.063879079389938198e+00 1.465121978560540494e+00 5.610638976879079109e+01 1.154949942904592035e+02 1.490582263619681953e+02 1.549049877884021953e+02 2.623336839379324381e+00 1.634014261287071834e+00 1.728342133174092021e+00 1.725850874895348941e+00 1.779762007241049160e+00 1.549638141722645024e+00 1.063879079389938198e+00 1.063879079389938198e+00 1.063879079389938198e+00
1.063879079389938198e+00 1.063879079389938198e+00 1.063879079389938198e+00 1.136531542442944520e+00 1.573991048200984011e+00 1.363262116195477658e+00 1.738885747550350080e+00 1.655202429410645095e+02 1.154949942904592035e+02 1.549049877884021953e+02 1.573991048200984011e+00 2.141124647513314105e+00 1.573991048200984011e+00 1.725850874895348941e+00 1.725850874895348941e+00 1.549638141722645024e+00 1.649450794251297481e+00 1.527047385685228909e+00 1.363262116195477658e+00 1.063879079389938198e+00
1.063879079389938198e+00 1.063879079389938198e+00 1.063879079389938198e+00 1.136531542442944520e+00 1.406847842370277490e+00 1.363262116195477658e+00 1.585361183052727796e+01 1.386490894052933243e+02 1.387401141858892117e+02 1.573991048200984011e+00 1.725850874895348941e+00 1.817216895669084620e+00 1.728342133174092021e+00 1.649450794251297481e+00 1.549638141722645024e+00 1.649450794251297481e+00 1.649450794251297481e+00 1.527047385685228909e+00 1.363262116195477658e+00 1.184489755918717746e+00
1.063879079389938198e+00 1.063879079389938198e+00 1.063879079389938198e+00 1.136531542442944520e+00 1.406847842370277490e+00 1.363262116195477658e+00 4.434012045073966846e+00 4.370246988271712496e+01 1.573991048200984011e+00 1.549638141722645024e+00 1.702067885000821512e+00 1.703931897868478318e+00 1.406847842370277490e+00 1.527047385685228909e+00 1.465121978560540494e+00 1.527047385685228909e+00 1.486901096129977340e+00 1.486901096129977340e+00 1.184489755918717746e+00 1.184489755918717746e+00
1.063879079389938198e+00 1.063879079389938198e+00 1.063879079389938198e+00 1.136531542442944520e+00 1.184489755918717746e+00 1.465121978560540494e+00 2.595790864473602522e+00 1.882919817122053141e+00 1.485298920225552655e+00 1.499262358286829633e+00 1.527047385685228909e+00 1.549638141722645024e+00 1.499262358286829633e+00 1.485298920225552655e+00 1.499262358286829633e+00 1.465121978560540494e+00 1.556827975410163045e+00 1.063879079389938198e+00 1.063879079389938198e+00 1.063879079389938198e+00
1.063879079389938198e+00 1.063879079389938198e+00 1.063879079389938198e+00 1.063879079389938198e+00 1.184489755918717746e+00 2.232063320542093887e+00 1.988753819868922523e+00 1.031557607456119285e+01 1.485298920225552655e+00 1.499262358286829633e+00 1.527047385685228909e+00 1.465121978560540494e+00 1.527047385685228909e+00 1.418620097608169095e+00 1.503913736818593749e+00 1.503913736818593749e+00 1.465121978560540494e+00 1.063879079389938198e+00 1.063879079389938198e+00 1.063879079389938198e+00
1.063879079389938198e+00 1.063879079389938198e+00 1.063879079389938198e+00 1.063879079389938198e+00 1.136531542442944520e+00 2.623336839379324381e+00 1.573991048200984011e+00 1.485298920225552655e+00 1.485298920225552655e+00 1.486901096129977340e+00 1.465121978560540494e+00 1.465121978560540494e+00 1.486901096129977340e+00 1.184489755918717746e+00 1.184489755918717746e+00 1.063879079389938198e+00 1.063879079389938198e+00 1.063879079389938198e+00 1.063879079389938198e+00 1.063879079389938198e+00
