1.674632831454367032e+00 1.674632831454367032e+00 1.674632831454367032e+00 1.674632831454367032e+00 1.674632831454367032e+00 1.674632831454367032e+00 1.677796648811838987e+00 1.807701529468537460e+00 1.764359594730633640e+00 1.790075968279987828e+00 1.674632831454367032e+00 1.674632831454367032e+00 1.674632831454367032e+00 1.674632831454367032e+00 1.674632831454367032e+00 1.674632831454367032e+00 1.674632831454367032e+00 1.674632831454367032e+00 1.674632831454367032e+00 1.674632831454367032e+00
1.790075968279987828e+00 1.677796648811838987e+00 2.008636780975051828e+00 1.677796648811838987e+00 1.907901954459153115e+00 1.674632831454367032e+00 1.790075968279987828e+00 1.807701529468537460e+00 1.913233473666673845e+00 1.674632831454367032e+00 1.674632831454367032e+00 1.674632831454367032e+00 1.674632831454367032e+00 1.674632831454367032e+00 1.674632831454367032e+00 1.674632831454367032e+00 1.674632831454367032e+00 1.674632831454367032e+00 1.674632831454367032e+00 1.674632831454367032e+00
1.807701529468537460e+00 1.996005266592804972e+01 2.008636780975051828e+00 2.939586944950512404e+01 2.008636780975051828e+00 2.008636780975051828e+00 2.008636780975051828e+00 2.008636780975051828e+00 2.008636780975051828e+00 2.092960462413433920e+00 2.008636780975051828e+00 1.677796648811838987e+00 1.907901954459153115e+00 1.674632831454367032e+00 1.674632831454367032e+00 1.674632831454367032e+00 1.674632831454367032e+00 1.674632831454367032e+00 1.674632831454367032e+00 1.674632831454367032e+00
1.969208360205366759e+01 1.969208360205366759e+01 7.083643432709502363e+00 1.969208360205366759e+01 1.154949942904592035e+02 1.604712096076513319e+02 1.611491578675702954e+02 1.073398773153508188e+02 1.607657886955853144e+02 1.611491578675702954e+02 2.008636780975051828e+00 2.008636780975051828e+00 2.008636780975051828e+00 1.907901954459153115e+00 1.674632831454367032e+00 1.677796648811838987e+00 1.907901954459153115e+00 1.674632831454367032e+00 1.674632831454367032e+00 1.674632831454367032e+00
4.460844075578552115e+00 4.460844075578552115e+00 7.848122644193189501e+00 1.967679399727693790e+00 3.491367026046177102e+01 1.019695740816321177e+02 1.546823251299234414e+02 1.019695740816321177e+02 1.640674828453629743e+02 1.610324688215827109e+02 1.611491578675702954e+02 1.607657886955853144e+02 1.611491578675702954e+02 2.008636780975051828e+00 4.286741753451106085e+00 2.008636780975051828e+00 1.907901954459153115e+00 1.790075968279987828e+00 1.790075968279987828e+00 1.790075968279987828e+00
1.790075968279987828e+00 4.460844075578552115e+00 3.948847451135624631e+00 1.907901954459153115e+00 1.790075968279987828e+00 4.460844075578552115e+00 2.816978890018750015e+00 1.967679399727693790e+00 6.998908359525218259e+01 7.930634038954970322e+01 1.276865156037861198e+02 1.640674828453629743e+02 1.610324688215827109e+02 1.611491578675702954e+02 1.996005266592804972e+01 2.092960462413433920e+00 1.967679399727693790e+00 1.790075968279987828e+00 1.790075968279987828e+00 1.674632831454367032e+00
1.790075968279987828e+00 1.790075968279987828e+00 1.674632831454367032e+00 1.674632831454367032e+00 1.764359594730633640e+00 1.790075968279987828e+00 1.790075968279987828e+00 1.790075968279987828e+00 1.790075968279987828e+00 1.790075968279987828e+00 1.790075968279987828e+00 4.460844075578552115e+00 1.640674828453629743e+02 1.546823251299234414e+02 1.512927848633815984e+02 4.982189358325213391e+01 1.989067449547942346e+00 1.913233473666673845e+00 1.674632831454367032e+00 1.674632831454367032e+00
1.674632831454367032e+00 1.674632831454367032e+00 1.674632831454367032e+00 1.674632831454367032e+00 1.989067449547942346e+00 1.913969653968242923e+00 1.807701529468537460e+00 1.913969653968242923e+00 1.790075968279987828e+00 1.790075968279987828e+00 1.674632831454367032e+00 1.674632831454367032e+00 7.729589275054361508e+01 1.529842953312503937e+02 1.583178881906058280e+02 9.915540433257670827e+01 2.008636780975051828e+00 1.907901954459153115e+00 1.674632831454367032e+00 1.674632831454367032e+00
1.674632831454367032e+00 1.674632831454367032e+00 1.674632831454367032e+00 1.677796648811838987e+00 1.967679399727693790e+00 1.790075968279987828e+00 1.907901954459153115e+00 1.790075968279987828e+00 1.790075968279987828e+00 1.674632831454367032e+00 1.674632831454367032e+00 1.674632831454367032e+00 3.449713312732151138e+01 1.154949942904592035e+02 1.583178881906058280e+02 7.834868462468399741e+01 2.141124647513314105e+00 1.913969653968242923e+00 1.807701529468537460e+00 1.674632831454367032e+00
1.674632831454367032e+00 1.674632831454367032e+00 1.677796648811838987e+00 1.913233473666673845e+00 1.913969653968242923e+00 1.790075968279987828e+00 1.674632831454367032e+00 1.674632831454367032e+00 1.790075968279987828e+00 1.674632831454367032e+00 1.674632831454367032e+00 1.674632831454367032e+00 7.729589275054361508e+01 1.588786116654083855e+02 1.529842953312503937e+02 7.834868462468399741e+01 1.907901954459153115e+00 1.967679399727693790e+00 1.764359594730633640e+00 1.790075968279987828e+00
1.674632831454367032e+00 1.674632831454367032e+00 1.677796648811838987e+00 1.764359594730633640e+00 1.790075968279987828e+00 1.790075968279987828e+00 1.674632831454367032e+00 1.764359594730633640e+00 1.674632831454367032e+00 1.674632831454367032e+00 1.677796648811838987e+00 1.674632831454367032e+00 7.729589275054361508e+01 1.154949942904592035e+02 1.600420267397329894e+02 7.834868462468399741e+01 1.913233473666673845e+00 1.790075968279987828e+00 1.790075968279987828e+00 1.790075968279987828e+00
1.674632831454367032e+00 1.674632831454367032e+00 1.677796648811838987e+00 1.764359594730633640e+00 1.674632831454367032e+00 1.790075968279987828e+00 1.674632831454367032e+00 1.790075968279987828e+00 1.674632831454367032e+00 1.674632831454367032e+00 1.674632831454367032e+00 1.807701529468537460e+00 9.110065005164123875e+01 1.480492112847949215e+02 1.275941806233698799e+02 3.948847451135624631e+00 1.913969653968242923e+00 1.790075968279987828e+00 1.790075968279987828e+00 1.674632831454367032e+00
1.674632831454367032e+00 1.674632831454367032e+00 1.677796648811838987e+00 1.674632831454367032e+00 1.674632831454367032e+00 1.674632831454367032e+00 1.674632831454367032e+00 1.674632831454367032e+00 1.674632831454367032e+00 1.674632831454367032e+00 1.677796648811838987e+00 1.807701529468537460e+00 9.110065005164123875e+01 1.549063180562004902e+02 1.071855348259815344e+02 1.907901954459153115e+00 1.913969653968242923e+00 1.790075968279987828e+00 1.674632831454367032e+00 1.674632831454367032e+00
1.677796648811838987e+00 1.677796648811838987e+00 1.677796648811838987e+00 1.677796648811838987e+00 1.677796648811838987e+00 1.674632831454367032e+00 1.674632831454367032e+00 1.674632831454367032e+00 1.674632831454367032e+00 1.807701529468537460e+00 3.204080006185078933e+00 3.204080006185078933e+00 8.937386801419334859e+01 1.627319497394585142e+02 7.834868462468399741e+01 1.913233473666673845e+00 1.790075968279987828e+00 1.674632831454367032e+00 1.674632831454367032e+00 1.674632831454367032e+00
1.677796648811838987e+00 1.677796648811838987e+00 1.677796648811838987e+00 1.677796648811838987e+00 1.677796648811838987e+00 1.677796648811838987e+00 1.674632831454367032e+00 1.677796648811838987e+00 1.677796648811838987e+00 1.807701529468537460e+00 5.479606773309510181e+00 1.154949942904592035e+02 1.564036953185068342e+02 1.600420267397329894e+02 3.948847451135624631e+00 1.913233473666673845e+00 1.674632831454367032e+00 1.674632831454367032e+00 1.674632831454367032e+00 1.674632831454367032e+00
1.674632831454367032e+00 1.674632831454367032e+00 1.674632831454367032e+00 1.674632831454367032e+00 1.677796648811838987e+00 1.677796648811838987e+00 1.677796648811838987e+00 1.677796648811838987e+00 1.677796648811838987e+00 3.204080006185078933e+00 3.449713312732151138e+01 1.588786116654083855e+02 1.549063180562004902e+02 1.069332519000678019e+02 3.948847451135624631e+00 1.913969653968242923e+00 1.677796648811838987e+00 1.677796648811838987e+00 1.790075968279987828e+00 1.677796648811838987e+00
1.674632831454367032e+00 1.674632831454367032e+00 1.674632831454367032e+00 1.674632831454367032e+00 1.674632831454367032e+00 1.674632831454367032e+00 1.674632831454367032e+00 1.674632831454367032e+00 1.674632831454367032e+00 1.674632831454367032e+00 5.093831022421818489e+01 1.588786116654083855e+02 1.600420267397329894e+02 3.447053265425945767e+01 1.907901954459153115e+00 1.790075968279987828e+00 1.677796648811838987e+00 1.790075968279987828e+00 1.674632831454367032e+00 1.674632831454367032e+00
1.674632831454367032e+00 1.674632831454367032e+00 1.674632831454367032e+00 1.674632831454367032e+00 1.674632831454367032e+00 1.674632831454367032e+00 1.764359594730633640e+00 1.790075968279987828e+00 1.790075968279987828e+00 1.807701529468537460e+00 5.093831022421818489e+01 1.529842953312503937e+02 1.275941806233698799e+02 3.948847451135624631e+00 2.008636780975051828e+00 1.913969653968242923e+00 1.674632831454367032e+00 1.674632831454367032e+00 1.674632831454367032e+00 1.677796648811838987e+00
1.674632831454367032e+00 1.674632831454367032e+00 1.677796648811838987e+00 1.677796648811838987e+00 1.674632831454367032e+00 1.677796648811838987e+00 1.790075968279987828e+00 1.790075968279987828e+00 1.674632831454367032e+00 1.188598330549958604e+01 1.231908484191425259e+02 1.529842953312503937e+02 5.071395984354752073e+01 1.884913438208039249e+00 1.790075968279987828e+00 1.674632831454367032e+00 1.677796648811838987e+00 1.674632831454367032e+00 1.674632831454367032e+00 1.674632831454367032e+00
1.674632831454367032e+00 1.674632831454367032e+00 1.677796648811838987e+00 1.677796648811838987e+00 1.677796648811838987e+00 1.674632831454367032e+00 1.674632831454367032e+00 1.674632831454367032e+00 1.807701529468537460e+00 5.093831022421818489e+01 1.036067147211169299e+02 7.636196261195246393e+01 3.948847451135624631e+00 1.939509003649013152e+01 1.674632831454367032e+00 1.674632831454367032e+00 1.677796648811838987e+00 1.677796648811838987e+00 1.677796648811838987e+00 1.674632831454367032e+00
