3.989329493354148326e+00 2.520884110506633746e+00 1.671674184118927320e+00 1.527047385685228909e+00 1.252532538391397665e+00 1.252532538391397665e+00 1.252532538391397665e+00 1.252532538391397665e+00 1.252532538391397665e+00 1.252532538391397665e+00 1.252532538391397665e+00 1.252532538391397665e+00 1.677922103662041975e+00 1.640621734699730050e+00 1.527047385685228909e+00 1.454967417307363231e+00 1.252532538391397665e+00 1.252532538391397665e+00 1.252532538391397665e+00 1.454967417307363231e+00
3.989329493354148326e+00 3.989329493354148326e+00 1.662431749964921268e+00 1.640621734699730050e+00 1.252532538391397665e+00 1.252532538391397665e+00 1.414546928672917758e+00 1.252532538391397665e+00 1.252532538391397665e+00 1.252532538391397665e+00 1.252532538391397665e+00 1.252532538391397665e+00 1.418620097608169095e+00 1.454967417307363231e+00 1.527047385685228909e+00 1.252532538391397665e+00 1.252532538391397665e+00 1.252532538391397665e+00 1.252532538391397665e+00 1.454967417307363231e+00
3.989329493354148326e+00 3.751957087466183616e+00 1.634014261287071834e+00 1.671674184118927320e+00 1.414546928672917758e+00 1.454967417307363231e+00 1.252532538391397665e+00 1.252532538391397665e+00 1.454967417307363231e+00 1.252532538391397665e+00 1.252532538391397665e+00 1.252532538391397665e+00 1.252532538391397665e+00 1.454967417307363231e+00 1.634014261287071834e+00 1.252532538391397665e+00 1.252532538391397665e+00 1.418620097608169095e+00 1.252532538391397665e+00 1.454967417307363231e+00
3.989329493354148326e+00 2.520884110506633746e+00 1.712780123530001974e+00 1.640621734699730050e+00 1.414546928672917758e+00 1.252532538391397665e+00 1.418620097608169095e+00 1.252532538391397665e+00 1.252532538391397665e+00 1.252532538391397665e+00 1.252532538391397665e+00 1.252532538391397665e+00 1.414546928672917758e+00 1.454967417307363231e+00 1.640621734699730050e+00 1.252532538391397665e+00 1.491295775018113945e+00 1.418620097608169095e+00 1.454967417307363231e+00 1.454967417307363231e+00
1.895411302566395451e+00 1.677922103662041975e+00 1.760838090251156673e+00 1.454967417307363231e+00 1.252532538391397665e+00 1.252532538391397665e+00 1.252532538391397665e+00 1.252532538391397665e+00 1.677922103662041975e+00 1.491295775018113945e+00 1.414546928672917758e+00 1.252532538391397665e+00 1.414546928672917758e+00 1.454967417307363231e+00 3.751957087466183616e+00 3.751957087466183616e+00 1.855762719382618497e+00 1.640621734699730050e+00 1.454967417307363231e+00 1.454967417307363231e+00
2.130800032185490522e+00 1.454967417307363231e+00 1.454967417307363231e+00 1.252532538391397665e+00 1.252532538391397665e+00 1.252532538391397665e+00 1.252532538391397665e+00 1.454967417307363231e+00 1.821319558512772607e+00 1.749413828067247989e+00 1.596595348497959366e+00 1.414546928672917758e+00 1.414546928672917758e+00 1.895411302566395451e+00 2.445243094172274922e+01 1.239110884094783813e+02 3.989329493354148326e+00 1.640621734699730050e+00 1.418620097608169095e+00 1.252532538391397665e+00
1.614938673901893829e+00 1.454967417307363231e+00 1.454967417307363231e+00 1.252532538391397665e+00 1.252532538391397665e+00 1.252532538391397665e+00 1.252532538391397665e+00 1.454967417307363231e+00 1.855762719382618497e+00 1.649450794251297481e+00 1.895411302566395451e+00 1.887712668186201981e+00 1.907901954459153115e+00 1.895411302566395451e+00 1.454967417307363231e+00 1.616439873103379057e+02 2.020225889550878406e+01 1.662431749964921268e+00 1.454967417307363231e+00 1.491295775018113945e+00
1.527047385685228909e+00 1.454967417307363231e+00 1.252532538391397665e+00 1.252532538391397665e+00 1.252532538391397665e+00 1.252532538391397665e+00 1.712780123530001974e+00 1.454967417307363231e+00 1.895411302566395451e+00 1.895411302566395451e+00 1.872664871998496183e+00 1.884913438208039249e+00 1.712780123530001974e+00 1.749413828067247989e+00 1.454967417307363231e+00 1.079396389000223451e+02 3.447053265425945767e+01 1.634014261287071834e+00 1.640621734699730050e+00 1.414546928672917758e+00
1.454967417307363231e+00 1.252532538391397665e+00 1.414546928672917758e+00 1.252532538391397665e+00 1.252532538391397665e+00 2.520884110506633746e+00 1.677922103662041975e+00 1.844177061917319449e+00 1.821319558512772607e+00 1.872664871998496183e+00 1.640621734699730050e+00 1.703931897868478318e+00 1.454967417307363231e+00 1.454967417307363231e+00 5.695435679533189699e+01 8.522404832208987102e+01 1.712780123530001974e+00 1.748243322669336131e+00 1.596595348497959366e+00 1.649450794251297481e+00
1.252532538391397665e+00 1.252532538391397665e+00 1.252532538391397665e+00 1.252532538391397665e+00 1.414546928672917758e+00 1.454967417307363231e+00 1.712780123530001974e+00 1.697339173495339137e+00 1.703931897868478318e+00 1.703931897868478318e+00 1.649450794251297481e+00 1.649450794251297481e+00 1.454967417307363231e+00 1.322001884458372878e+01 1.036067147211169299e+02 1.677922103662041975e+00 1.640621734699730050e+00 1.454967417307363231e+00 1.454967417307363231e+00 1.527047385685228909e+00
1.252532538391397665e+00 1.252532538391397665e+00 1.252532538391397665e+00 1.252532538391397665e+00 1.414546928672917758e+00 2.520884110506633746e+00 1.640621734699730050e+00 1.649450794251297481e+00 1.454967417307363231e+00 1.454967417307363231e+00 1.454967417307363231e+00 1.454967417307363231e+00 1.322001884458372878e+01 6.807126296668222665e+01 7.809208693162618431e+01 2.520884110506633746e+00 1.662431749964921268e+00 1.527047385685228909e+00 1.454967417307363231e+00 1.252532538391397665e+00
1.252532538391397665e+00 1.252532538391397665e+00 1.252532538391397665e+00 1.414546928672917758e+00 1.454967417307363231e+00 2.460878851415017721e+00 1.872320102627173855e+00 1.671674184118927320e+00 1.418620097608169095e+00 1.454967417307363231e+00 1.454967417307363231e+00 5.514385939519962676e+01 1.027364647801368136e+02 1.074467497619585430e+02 1.677922103662041975e+00 1.712780123530001974e+00 1.662431749964921268e+00 1.454967417307363231e+00 1.252532538391397665e+00 1.252532538391397665e+00
1.454967417307363231e+00 1.454967417307363231e+00 1.252532538391397665e+00 1.414546928672917758e+00 1.454967417307363231e+00 1.454967417307363231e+00 3.989329493354148326e+00 1.671674184118927320e+00 1.252532538391397665e+00 1.454967417307363231e+00 1.299096397799066871e+01 9.949153702031004798e+00 1.677922103662041975e+00 1.677922103662041975e+00 1.677922103662041975e+00 1.640621734699730050e+00 1.454967417307363231e+00 1.454967417307363231e+00 1.252532538391397665e+00 1.252532538391397665e+00
1.252532538391397665e+00 1.252532538391397665e+00 1.252532538391397665e+00 1.491295775018113945e+00 1.454967417307363231e+00 5.514385939519962676e+01 3.985506977989000887e+01 3.751957087466183616e+00 1.299096397799066871e+01 9.949153702031004798e+00 9.949153702031004798e+00 4.198900945185960865e+01 1.677922103662041975e+00 4.001111543386646474e+01 1.640621734699730050e+00 1.418620097608169095e+00 1.454967417307363231e+00 1.252532538391397665e+00 1.252532538391397665e+00 1.252532538391397665e+00
1.252532538391397665e+00 1.252532538391397665e+00 1.252532538391397665e+00 1.454967417307363231e+00 1.454967417307363231e+00 7.009728280881066098e+01 1.252362132502251342e+02 1.595910681895601329e+02 3.989329493354148326e+00 1.677922103662041975e+00 1.190236773943315107e+01 1.677922103662041975e+00 3.667928003520253277e+00 1.454967417307363231e+00 1.662431749964921268e+00 1.252532538391397665e+00 1.454967417307363231e+00 1.252532538391397665e+00 1.252532538391397665e+00 1.454967417307363231e+00
1.252532538391397665e+00 1.252532538391397665e+00 1.252532538391397665e+00 1.454967417307363231e+00 1.454967417307363231e+00 1.895411302566395451e+00 1.090210957134456891e+02 1.090210957134456891e+02 1.677922103662041975e+00 1.640621734699730050e+00 1.640621734699730050e+00 1.454967417307363231e+00 1.454967417307363231e+00 1.454967417307363231e+00 1.418620097608169095e+00 1.252532538391397665e+00 1.252532538391397665e+00 1.252532538391397665e+00 1.252532538391397665e+00 1.454967417307363231e+00
1.252532538391397665e+00 1.252532538391397665e+00 1.252532538391397665e+00 1.414546928672917758e+00 1.677922103662041975e+00 1.677922103662041975e+00 1.779762007241049160e+00 1.779762007241049160e+00 1.677922103662041975e+00 1.640621734699730050e+00 1.649450794251297481e+00 1.454967417307363231e+00 1.252532538391397665e+00 1.252532538391397665e+00 1.252532538391397665e+00 1.252532538391397665e+00 1.252532538391397665e+00 1.252532538391397665e+00 1.414546928672917758e+00 1.454967417307363231e+00
1.252532538391397665e+00 1.252532538391397665e+00 1.252532538391397665e+00 1.252532538391397665e+00 1.677922103662041975e+00 1.712780123530001974e+00 1.649450794251297481e+00 1.697339173495339137e+00 1.649450794251297481e+00 1.649450794251297481e+00 1.527047385685228909e+00 1.252532538391397665e+00 1.252532538391397665e+00 1.252532538391397665e+00 1.252532538391397665e+00 1.252532538391397665e+00 1.252532538391397665e+00 1.252532538391397665e+00 1.414546928672917758e+00 1.454967417307363231e+00
1.252532538391397665e+00 1.252532538391397665e+00 1.252532538391397665e+00 1.252532538391397665e+00 1.252532538391397665e+00 1.703931897868478318e+00 1.454967417307363231e+00 1.649450794251297481e+00 1.454967417307363231e+00 1.252532538391397665e+00 1.252532538391397665e+00 1.252532538391397665e+00 1.252532538391397665e+00 1.252532538391397665e+00 1.252532538391397665e+00 1.252532538391397665e+00 1.252532538391397665e+00 1.454967417307363231e+00 3.667928003520253277e+00 4.455139448719079631e+00
2.888383410909828086e+00 1.414546928672917758e+00 1.252532538391397665e+00 1.252532538391397665e+00 1.252532538391397665e+00 1.252532538391397665e+00 1.252532538391397665e+00 1.252532538391397665e+00 1.252532538391397665e+00 1.252532538391397665e+00 1.252532538391397665e+00 1.252532538391397665e+00 1.252532538391397665e+00 1.252532538391397665e+00 1.454967417307363231e+00 1.414546928672917758e+00 1.414546928672917758e+00 2.573801033022980356e+00 4.455139448719079631e+00 4.455139448719079631e+00
