1.088485988753694045e+01 1.088485988753694045e+01 1.088485988753694045e+01 1.088485988753694045e+01 1.088485988753694045e+01 1.088485988753694045e+01 1.088485988753694045e+01 1.088485988753694045e+01 1.088485988753694045e+01 1.088485988753694045e+01 1.088485988753694045e+01 2.287868553818282891e+01 3.271373105695454342e+01 4.395961408347915977e+01 4.929010723282313222e+01 3.893128589242299142e+01 2.341591879747660698e+01 1.265414040127489415e+01 1.088485988753694045e+01 1.088485988753694045e+01
1.088485988753694045e+01 1.088485988753694045e+01 1.088485988753694045e+01 1.088485988753694045e+01 1.088485988753694045e+01 1.088485988753694045e+01 1.088485988753694045e+01 1.088485988753694045e+01 1.088485988753694045e+01 1.148165482677022098e+01 1.898624532192540926e+01 3.000820807729746065e+01 4.530550033778269636e+01 5.905086539007541546e+01 6.434334270100204378e+01 5.329084466681283772e+01 2.933124334356322649e+01 1.265414040127489415e+01 1.088485988753694045e+01 1.088485988753694045e+01
1.088485988753694045e+01 1.088485988753694045e+01 1.088485988753694045e+01 1.088485988753694045e+01 1.088485988753694045e+01 1.088485988753694045e+01 1.088485988753694045e+01 1.088485988753694045e+01 1.088485988753694045e+01 1.088485988753694045e+01 2.218480526565863542e+01 3.751090038074672606e+01 5.895381200244682418e+01 7.730037344703595181e+01 7.326944350499987024e+01 5.388815243794815757e+01 2.961605226371991861e+01 2.054993396866946398e+01 1.088485988753694045e+01 1.088485988753694045e+01
1.088485988753694045e+01 1.088485988753694045e+01 1.088485988753694045e+01 1.088485988753694045e+01 1.088485988753694045e+01 1.088485988753694045e+01 1.088485988753694045e+01 1.088485988753694045e+01 1.148165482677022098e+01 1.898624532192540926e+01 2.825482377842292792e+01 4.841389169284386185e+01 6.977635194715007572e+01 8.339761374149269102e+01 6.863060358112838344e+01 5.297500169942210135e+01 2.961605226371991861e+01 1.265414040127489415e+01 1.088485988753694045e+01 1.088485988753694045e+01
1.088485988753694045e+01 1.088485988753694045e+01 1.088485988753694045e+01 1.088485988753694045e+01 1.088485988753694045e+01 1.088485988753694045e+01 1.088485988753694045e+01 1.088485988753694045e+01 1.088485988753694045e+01 2.218480526565863542e+01 3.751090038074672606e+01 5.895381200244682418e+01 7.827471063856685873e+01 8.380873641375677607e+01 6.777078756221685296e+01 4.331118878905085268e+01 2.472794785231747383e+01 1.265414040127489415e+01 1.088485988753694045e+01 1.088485988753694045e+01
1.088485988753694045e+01 1.088485988753694045e+01 1.088485988753694045e+01 1.088485988753694045e+01 1.088485988753694045e+01 1.088485988753694045e+01 1.088485988753694045e+01 1.148165482677022098e+01 1.898624532192540926e+01 2.926793811956777702e+01 5.079764962848646093e+01 6.840530462915802445e+01 8.520982271318494838e+01 7.712296228122798425e+01 5.891354129768262737e+01 3.829441719014133838e+01 2.351640075703397770e+01 1.265414040127489415e+01 1.088485988753694045e+01 1.088485988753694045e+01
1.088485988753694045e+01 1.088485988753694045e+01 1.088485988753694045e+01 1.088485988753694045e+01 1.088485988753694045e+01 1.088485988753694045e+01 1.148165482677022098e+01 1.148165482677022098e+01 2.371228569088273375e+01 4.055479307451389559e+01 6.846609799246083128e+01 8.639567899659888894e+01 8.525070746989143800e+01 7.538575224983350154e+01 5.297500169942210135e+01 3.081551231548089831e+01 2.054993396866946398e+01 1.088485988753694045e+01 1.088485988753694045e+01 1.088485988753694045e+01
1.088485988753694045e+01 1.088485988753694045e+01 1.088485988753694045e+01 1.088485988753694045e+01 1.088485988753694045e+01 1.088485988753694045e+01 1.088485988753694045e+01 2.089100076946766649e+01 3.486484599053040512e+01 5.503662743889419318e+01 8.116618912456016233e+01 9.099169925172249407e+01 8.656988428987321527e+01 6.467206645877702442e+01 4.153921224315820382e+01 2.368249920005213127e+01 1.265414040127489415e+01 1.088485988753694045e+01 1.088485988753694045e+01 1.088485988753694045e+01
1.088485988753694045e+01 1.088485988753694045e+01 1.088485988753694045e+01 1.088485988753694045e+01 1.088485988753694045e+01 1.148165482677022098e+01 1.513667193724102411e+01 2.578301684661517257e+01 4.317187314353883210e+01 6.846609799246083128e+01 8.610545294876160938e+01 9.203995792354338334e+01 7.538575224983350154e+01 5.580650486288243428e+01 3.300496890800970817e+01 2.351640075703397770e+01 1.265414040127489415e+01 1.088485988753694045e+01 1.088485988753694045e+01 1.088485988753694045e+01
1.088485988753694045e+01 1.088485988753694045e+01 1.088485988753694045e+01 1.088485988753694045e+01 1.088485988753694045e+01 1.088485988753694045e+01 2.089100076946766649e+01 3.160439563674137631e+01 5.319549584881318083e+01 7.788224065174028965e+01 9.099169925172249407e+01 8.574989531373574891e+01 6.389970362063299092e+01 4.113143548246773662e+01 2.553288485063696456e+01 1.265414040127489415e+01 1.088485988753694045e+01 1.088485988753694045e+01 1.088485988753694045e+01 1.088485988753694045e+01
1.088485988753694045e+01 1.088485988753694045e+01 1.088485988753694045e+01 1.088485988753694045e+01 1.148165482677022098e+01 1.297849427822351664e+01 2.379786553797185178e+01 4.068791641908065770e+01 6.846609799246083128e+01 8.639567899659888894e+01 8.508430011727419640e+01 7.296510339877983142e+01 4.663605049050162421e+01 3.166021496948101444e+01 1.779960086878999093e+01 1.265414040127489415e+01 1.088485988753694045e+01 1.088485988753694045e+01 1.088485988753694045e+01 1.088485988753694045e+01
1.088485988753694045e+01 1.088485988753694045e+01 1.088485988753694045e+01 1.088485988753694045e+01 1.088485988753694045e+01 1.898624532192540926e+01 3.000820807729746065e+01 5.211856397322731027e+01 7.788224065174028965e+01 8.820566072447434181e+01 8.028667040534335797e+01 5.891354129768262737e+01 3.767285451299792953e+01 2.351640075703397770e+01 1.265414040127489415e+01 1.088485988753694045e+01 1.088485988753694045e+01 1.088485988753694045e+01 1.088485988753694045e+01 1.088485988753694045e+01
1.088485988753694045e+01 1.088485988753694045e+01 1.088485988753694045e+01 1.148165482677022098e+01 1.513667193724102411e+01 2.379786553797185178e+01 4.317187314353883210e+01 6.846609799246083128e+01 8.639567899659888894e+01 8.649915044438404266e+01 7.538575224983350154e+01 4.663605049050162421e+01 2.753561903735074878e+01 1.779960086878999093e+01 1.088485988753694045e+01 1.088485988753694045e+01 1.088485988753694045e+01 1.088485988753694045e+01 1.088485988753694045e+01 1.088485988753694045e+01
1.088485988753694045e+01 1.088485988753694045e+01 1.088485988753694045e+01 1.088485988753694045e+01 2.089100076946766649e+01 3.432212842065652580e+01 5.503662743889419318e+01 7.839511471347647387e+01 9.099169925172249407e+01 8.028667040534335797e+01 6.389970362063299092e+01 3.767285451299792953e+01 2.368249920005213127e+01 1.265414040127489415e+01 1.088485988753694045e+01 1.088485988753694045e+01 1.088485988753694045e+01 1.088485988753694045e+01 1.088485988753694045e+01 1.088485988753694045e+01
1.088485988753694045e+01 1.088485988753694045e+01 1.148165482677022098e+01 1.898624532192540926e+01 2.743693270755588998e+01 4.317187314353883210e+01 6.846609799246083128e+01 8.639567899659888894e+01 9.203995792354338334e+01 7.152879309257440354e+01 4.937008176674751780e+01 3.081551231548089831e+01 1.779960086878999093e+01 1.088485988753694045e+01 1.088485988753694045e+01 1.088485988753694045e+01 1.088485988753694045e+01 1.088485988753694045e+01 1.088485988753694045e+01 1.088485988753694045e+01
1.088485988753694045e+01 1.088485988753694045e+01 1.088485988753694045e+01 2.287868553818282891e+01 3.751090038074672606e+01 5.895381200244682418e+01 7.839511471347647387e+01 8.820566072447434181e+01 8.028667040534335797e+01 5.938846681289650320e+01 4.113143548246773662e+01 2.368249920005213127e+01 1.265414040127489415e+01 1.088485988753694045e+01 1.088485988753694045e+01 1.088485988753694045e+01 1.088485988753694045e+01 1.088485988753694045e+01 1.088485988753694045e+01 1.088485988753694045e+01
1.088485988753694045e+01 1.148165482677022098e+01 1.898624532192540926e+01 2.770109289207225345e+01 4.949365291902179820e+01 6.840530462915802445e+01 8.639567899659888894e+01 8.601854666646357828e+01 6.893120094374867790e+01 4.663605049050162421e+01 3.074442366493345347e+01 1.779960086878999093e+01 1.265414040127489415e+01 1.088485988753694045e+01 1.088485988753694045e+01 1.088485988753694045e+01 1.088485988753694045e+01 1.088485988753694045e+01 1.088485988753694045e+01 1.088485988753694045e+01
1.088485988753694045e+01 1.088485988753694045e+01 2.089100076946766649e+01 3.289131668065730452e+01 5.462287036547145647e+01 7.641703316556741754e+01 8.508430011727419640e+01 7.035895061108374193e+01 5.316887009454573132e+01 3.284898276310684651e+01 2.351640075703397770e+01 1.265414040127489415e+01 1.088485988753694045e+01 1.088485988753694045e+01 1.088485988753694045e+01 1.088485988753694045e+01 1.088485988753694045e+01 1.088485988753694045e+01 1.088485988753694045e+01 1.088485988753694045e+01
1.088485988753694045e+01 1.297849427822351664e+01 2.091213509065212861e+01 3.912819862698297868e+01 5.579125899993440640e+01 7.287722175912884381e+01 7.077479811767975093e+01 5.938846681289650320e+01 3.689824540952297838e+01 2.553288485063696456e+01 1.265414040127489415e+01 1.088485988753694045e+01 1.088485988753694045e+01 1.088485988753694045e+01 1.088485988753694045e+01 1.088485988753694045e+01 1.088485988753694045e+01 1.088485988753694045e+01 1.088485988753694045e+01 1.088485988753694045e+01
1.088485988753694045e+01 1.088485988753694045e+01 2.091213509065212861e+01 3.187637608557330182e+01 4.423926853106117107e+01 5.300728646725244175e+01 5.027458216561596061e+01 3.965131313538473989e+01 2.553288485063696456e+01 1.779960086878999093e+01 1.088485988753694045e+01 1.088485988753694045e+01 1.088485988753694045e+01 1.088485988753694045e+01 1.088485988753694045e+01 1.088485988753694045e+01 1.088485988753694045e+01 1.088485988753694045e+01 1.088485988753694045e+01 1.088485988753694045e+01
