1.486901096129977340e+00 1.499262358286829633e+00 1.556827975410163045e+00 1.152808635873795007e+00 1.152808635873795007e+00 1.152808635873795007e+00 1.637287621879964350e+00 2.623336839379324381e+00 3.648892546046612839e+00 1.988753819868922523e+00 2.461041569273326513e+00 5.023337133609960148e+00 2.008636780975051828e+00 1.796484481913891207e+00 1.637802992244726141e+00 1.503913736818593749e+00 1.381850648499671763e+00 1.381850648499671763e+00 1.381850648499671763e+00 1.503247505797598249e+00
1.486901096129977340e+00 1.486901096129977340e+00 1.549835168263192786e+00 1.486901096129977340e+00 1.152808635873795007e+00 2.623336839379324381e+00 1.381850648499671763e+00 1.381850648499671763e+00 1.879370961073308255e+00 3.084312348741327980e+00 5.612892773890274967e+00 2.461041569273326513e+00 5.167758745414881005e+00 7.508900267350504976e+00 5.195783200797978729e+00 3.022001161594239704e+00 1.381850648499671763e+00 1.363262116195477658e+00 1.485298920225552655e+00 1.465121978560540494e+00
1.486901096129977340e+00 1.486901096129977340e+00 1.549835168263192786e+00 1.519785198799185277e+00 1.016275563087950751e+00 1.381850648499671763e+00 1.381850648499671763e+00 1.381850648499671763e+00 1.465121978560540494e+00 1.381850648499671763e+00 1.603166054381250927e+00 1.879370961073308255e+00 3.284901013869617969e+00 2.461041569273326513e+00 4.473564978397460479e+00 1.819665884789888821e+01 1.727598891278980586e+00 1.381850648499671763e+00 1.503913736818593749e+00 1.549835168263192786e+00
1.486901096129977340e+00 1.486901096129977340e+00 1.549835168263192786e+00 1.381850648499671763e+00 1.016275563087950751e+00 1.381850648499671763e+00 1.519785198799185277e+00 1.152808635873795007e+00 1.184489755918717746e+00 1.184489755918717746e+00 1.184489755918717746e+00 1.465121978560540494e+00 1.988753819868922523e+00 1.988753819868922523e+00 1.819665884789888821e+01 2.623336839379324381e+00 1.485298920225552655e+00 1.668985090247356640e+00 1.486901096129977340e+00 1.465121978560540494e+00
1.486901096129977340e+00 1.486901096129977340e+00 1.549835168263192786e+00 1.486901096129977340e+00 1.381850648499671763e+00 1.184489755918717746e+00 1.363262116195477658e+00 1.363262116195477658e+00 1.152808635873795007e+00 1.152808635873795007e+00 1.184489755918717746e+00 1.465121978560540494e+00 2.112176858536840562e+00 3.072487991952096920e+01 1.304828330148743021e+01 1.573991048200984011e+00 1.668985090247356640e+00 1.549835168263192786e+00 1.363262116195477658e+00 1.184489755918717746e+00
1.486901096129977340e+00 1.486901096129977340e+00 1.549835168263192786e+00 1.486901096129977340e+00 1.152808635873795007e+00 1.152808635873795007e+00 1.381850648499671763e+00 1.499262358286829633e+00 1.363262116195477658e+00 1.152808635873795007e+00 2.112176858536840562e+00 1.738885747550350080e+00 1.466570417475631771e+01 1.300806703358726679e+01 1.381850648499671763e+00 1.603166054381250927e+00 1.499262358286829633e+00 1.381850648499671763e+00 1.442365982927015677e+00 1.184489755918717746e+00
1.486901096129977340e+00 1.486901096129977340e+00 1.549835168263192786e+00 1.486901096129977340e+00 1.152808635873795007e+00 1.152808635873795007e+00 1.503913736818593749e+00 1.503913736818593749e+00 2.112176858536840562e+00 9.918566419743781282e+00 1.574390331503919249e+01 1.016527583167101234e+01 1.573991048200984011e+00 1.381850648499671763e+00 1.702067885000821512e+00 1.573991048200984011e+00 1.503247505797598249e+00 1.418620097608169095e+00 1.363262116195477658e+00 1.152808635873795007e+00
1.486901096129977340e+00 1.486901096129977340e+00 1.549835168263192786e+00 1.519785198799185277e+00 1.016275563087950751e+00 1.016275563087950751e+00 1.152808635873795007e+00 2.112176858536840562e+00 7.867319395615963629e+01 7.812955769777929049e+01 1.635618759024197288e+01 1.031557607456119285e+01 1.503247505797598249e+00 1.381850648499671763e+00 1.519785198799185277e+00 1.381850648499671763e+00 1.485298920225552655e+00 1.381850648499671763e+00 1.363262116195477658e+00 1.363262116195477658e+00
1.486901096129977340e+00 1.486901096129977340e+00 1.549835168263192786e+00 1.519785198799185277e+00 1.016275563087950751e+00 1.152808635873795007e+00 1.738885747550350080e+00 1.154949942904592035e+02 1.565807271484344199e+02 1.289203340815529657e+02 3.593988602231331697e+01 1.289252133437348213e+01 1.503247505797598249e+00 1.549835168263192786e+00 1.519785198799185277e+00 1.184489755918717746e+00 1.486901096129977340e+00 1.465121978560540494e+00 1.465121978560540494e+00 1.184489755918717746e+00
1.503913736818593749e+00 1.503913736818593749e+00 1.465121978560540494e+00 1.184489755918717746e+00 1.016275563087950751e+00 1.738885747550350080e+00 1.116646860962000432e+01 4.370246988271712496e+01 4.370246988271712496e+01 1.053511825278631164e+02 6.786751415188444980e+01 1.635618759024197288e+01 2.008636780975051828e+00 1.503913736818593749e+00 1.485298920225552655e+00 1.363262116195477658e+00 1.184489755918717746e+00 1.184489755918717746e+00 1.184489755918717746e+00 1.184489755918717746e+00
1.184489755918717746e+00 1.184489755918717746e+00 1.184489755918717746e+00 1.016275563087950751e+00 1.016275563087950751e+00 1.556827975410163045e+00 2.331568226776770558e+00 3.867797439244007762e+00 1.381850648499671763e+00 1.879370961073308255e+00 2.461041569273326513e+00 5.304807309044628383e+00 1.702179912717475263e+00 1.635618759024197288e+01 2.008636780975051828e+00 4.298901599554029396e+00 1.381850648499671763e+00 1.152808635873795007e+00 1.152808635873795007e+00 1.152808635873795007e+00
1.016275563087950751e+00 1.016275563087950751e+00 1.016275563087950751e+00 1.016275563087950751e+00 1.016275563087950751e+00 1.184489755918717746e+00 1.738885747550350080e+00 1.381850648499671763e+00 1.381850648499671763e+00 1.381850648499671763e+00 1.603166054381250927e+00 1.669770284651644232e+00 2.331568226776770558e+00 7.508900267350504976e+00 1.635618759024197288e+01 3.022001161594239704e+00 1.381850648499671763e+00 1.152808635873795007e+00 1.184489755918717746e+00 1.016275563087950751e+00
1.152808635873795007e+00 1.184489755918717746e+00 1.152808635873795007e+00 1.016275563087950751e+00 1.016275563087950751e+00 1.016275563087950751e+00 5.292911117462892001e+00 1.485298920225552655e+00 1.381850648499671763e+00 1.381850648499671763e+00 1.381850648499671763e+00 1.556827975410163045e+00 1.519785198799185277e+00 1.738885747550350080e+00 7.867319395615963629e+01 1.635618759024197288e+01 1.727598891278980586e+00 1.381850648499671763e+00 1.016275563087950751e+00 1.016275563087950751e+00
1.152808635873795007e+00 1.016275563087950751e+00 1.016275563087950751e+00 1.016275563087950751e+00 1.016275563087950751e+00 1.152808635873795007e+00 1.152808635873795007e+00 1.152808635873795007e+00 1.184489755918717746e+00 1.152808635873795007e+00 1.465121978560540494e+00 1.503913736818593749e+00 1.465121978560540494e+00 9.103675792292530389e+01 1.655202429410645095e+02 1.239110884094783813e+02 3.022001161594239704e+00 1.381850648499671763e+00 1.184489755918717746e+00 1.152808635873795007e+00
1.016275563087950751e+00 1.016275563087950751e+00 1.016275563087950751e+00 1.016275563087950751e+00 1.381850648499671763e+00 1.184489755918717746e+00 1.184489755918717746e+00 1.016275563087950751e+00 1.016275563087950751e+00 1.184489755918717746e+00 1.184489755918717746e+00 1.184489755918717746e+00 1.465121978560540494e+00 4.186371137835073597e+01 1.386490894052933243e+02 1.533762933300397151e+02 6.551390329448364014e+01 1.503247505797598249e+00 1.363262116195477658e+00 1.184489755918717746e+00
1.016275563087950751e+00 1.016275563087950751e+00 1.016275563087950751e+00 1.381850648499671763e+00 1.016275563087950751e+00 1.184489755918717746e+00 1.152808635873795007e+00 1.184489755918717746e+00 1.016275563087950751e+00 1.152808635873795007e+00 1.503913736818593749e+00 2.112176858536840562e+00 5.017786120545409290e+01 7.309198696988558197e+01 1.342784556729891960e+02 1.001858457324284188e+02 1.573991048200984011e+00 1.634014261287071834e+00 1.442365982927015677e+00 1.556827975410163045e+00
1.016275563087950751e+00 1.016275563087950751e+00 1.016275563087950751e+00 1.152808635873795007e+00 1.381850648499671763e+00 1.152808635873795007e+00 1.152808635873795007e+00 1.503913736818593749e+00 1.152808635873795007e+00 2.112176858536840562e+00 2.112176858536840562e+00 5.017786120545409290e+01 7.309198696988558197e+01 1.014572679778440261e+02 1.300806703358726679e+01 1.381850648499671763e+00 1.603166054381250927e+00 1.801805322589336456e+00 1.614938673901893829e+00 1.738885747550350080e+00
1.016275563087950751e+00 1.152808635873795007e+00 1.016275563087950751e+00 1.711179113985913380e+00 1.637802992244726141e+00 2.461041569273326513e+00 4.298901599554029396e+00 2.112176858536840562e+00 4.534254742368788271e+01 5.017786120545409290e+01 1.154949942904592035e+02 1.157580920378150608e+02 8.807834032714053762e+01 1.381850648499671763e+00 1.573991048200984011e+00 1.381850648499671763e+00 1.381850648499671763e+00 1.503247505797598249e+00 1.649450794251297481e+00 1.519785198799185277e+00
1.184489755918717746e+00 1.152808635873795007e+00 1.184489755918717746e+00 2.623336839379324381e+00 1.711179113985913380e+00 1.738885747550350080e+00 2.461041569273326513e+00 2.153201632256614673e+01 3.171406661039327446e+01 1.019695740816321177e+02 1.019695740816321177e+02 1.300806703358726679e+01 1.381850648499671763e+00 1.381850648499671763e+00 1.498269044047211507e+00 1.381850648499671763e+00 1.461945197618328640e+00 1.503913736818593749e+00 1.486901096129977340e+00 1.184489755918717746e+00
1.184489755918717746e+00 1.152808635873795007e+00 1.184489755918717746e+00 1.184489755918717746e+00 1.556827975410163045e+00 3.084312348741327980e+00 2.971084949120381680e+00 2.461041569273326513e+00 5.433388249685651061e+01 5.728700662413886846e+01 2.971084949120381680e+00 1.381850648499671763e+00 1.381850648499671763e+00 1.573991048200984011e+00 1.499262358286829633e+00 1.442365982927015677e+00 1.363262116195477658e+00 1.499262358286829633e+00 1.499262358286829633e+00 1.016275563087950751e+00
