8.275293500523792645e-01 8.275293500523792645e-01 8.275293500523792645e-01 8.275293500523792645e-01 1.573991048200984011e+00 1.567251086698256746e+00 1.549835168263192786e+00 1.543729889934378097e+00 1.505955625955174515e+00 1.505955625955174515e+00 6.768862682073961423e+01 6.768862682073961423e+01 6.768862682073961423e+01 6.768862682073961423e+01 6.768862682073961423e+01 2.888270255419664068e+01 1.477343376944341591e+00 1.420264849476479574e+00 1.420264849476479574e+00 1.420264849476479574e+00
8.275293500523792645e-01 8.275293500523792645e-01 8.275293500523792645e-01 8.275293500523792645e-01 1.477343376944341591e+00 1.420264849476479574e+00 1.465121978560540494e+00 1.424713535004778153e+00 6.768862682073961423e+01 1.664142389863376650e+02 1.665474644541448583e+02 1.665474644541448583e+02 1.665474644541448583e+02 1.657832046562924688e+02 1.665474644541448583e+02 7.809143859274388433e+01 2.888270255419664068e+01 1.381511869361276901e+00 1.387317115331792028e+00 1.363262116195477658e+00
8.275293500523792645e-01 8.275293500523792645e-01 8.275293500523792645e-01 8.275293500523792645e-01 1.065758935661741846e+00 1.505955625955174515e+00 1.543729889934378097e+00 8.669826862958356628e+01 1.452121984232830982e+02 1.653132469404190488e+02 1.650456317050905568e+02 1.664218353935301309e+02 1.640674828453629743e+02 1.428718809668509948e+02 1.657832046562924688e+02 1.327695510869750990e+02 1.626165440746471180e+00 1.381511869361276901e+00 1.381511869361276901e+00 1.453419187518271594e+00
8.275293500523792645e-01 8.275293500523792645e-01 8.275293500523792645e-01 8.275293500523792645e-01 1.065758935661741846e+00 1.088012546557757254e+00 1.723274296545236339e+00 4.685484925577176796e+01 8.372147463562482983e+01 1.387401141858892117e+02 9.098271818196901961e+01 1.573991048200984011e+00 2.373224890350756233e+00 1.713851666243001004e+00 1.628264361456637062e+02 9.344021568531366029e+01 1.573991048200984011e+00 1.453296330911048928e+00 1.505955625955174515e+00 1.505955625955174515e+00
8.275293500523792645e-01 8.275293500523792645e-01 8.275293500523792645e-01 8.275293500523792645e-01 8.275293500523792645e-01 1.573991048200984011e+00 1.713736493186578613e+00 1.713851666243001004e+00 1.713851666243001004e+00 1.713736493186578613e+00 1.713736493186578613e+00 1.725850874895348941e+00 1.879370961073308255e+00 1.713851666243001004e+00 1.216789091809828705e+02 6.022913147999780392e+01 1.557003118191639057e+00 1.420264849476479574e+00 1.476926833500099345e+00 1.543729889934378097e+00
8.275293500523792645e-01 8.275293500523792645e-01 8.275293500523792645e-01 8.275293500523792645e-01 8.275293500523792645e-01 1.728504791554716702e+00 1.573991048200984011e+00 1.728342133174092021e+00 1.387317115331792028e+00 1.728504791554716702e+00 1.725850874895348941e+00 1.860508047975898860e+00 1.713851666243001004e+00 1.649450794251297481e+00 1.700793118262584258e+01 1.573991048200984011e+00 1.557003118191639057e+00 1.420264849476479574e+00 1.363262116195477658e+00 1.088012546557757254e+00
8.275293500523792645e-01 8.275293500523792645e-01 8.275293500523792645e-01 8.275293500523792645e-01 8.275293500523792645e-01 1.728504791554716702e+00 1.453296330911048928e+00 1.549835168263192786e+00 1.420264849476479574e+00 1.543729889934378097e+00 1.839278370931845874e+00 1.860508047975898860e+00 1.505955625955174515e+00 1.970498582547777389e+01 6.022913147999780392e+01 1.616491159975947722e+00 1.387317115331792028e+00 1.420264849476479574e+00 1.363262116195477658e+00 1.088012546557757254e+00
8.275293500523792645e-01 8.275293500523792645e-01 8.275293500523792645e-01 8.275293500523792645e-01 8.275293500523792645e-01 1.477343376944341591e+00 1.387317115331792028e+00 1.381511869361276901e+00 1.420264849476479574e+00 1.476926833500099345e+00 1.424713535004778153e+00 1.424713535004778153e+00 4.534254742368788271e+01 6.355425149825219933e+01 1.651591775012920316e+00 1.381511869361276901e+00 1.453296330911048928e+00 1.387317115331792028e+00 1.387317115331792028e+00 1.363262116195477658e+00
8.275293500523792645e-01 8.275293500523792645e-01 8.275293500523792645e-01 8.275293500523792645e-01 8.275293500523792645e-01 1.065758935661741846e+00 1.381511869361276901e+00 1.418620097608169095e+00 1.461945197618328640e+00 1.424713535004778153e+00 6.768862682073961423e+01 1.154949942904592035e+02 1.157580920378150608e+02 1.573991048200984011e+00 1.573991048200984011e+00 1.065758935661741846e+00 1.328583675907910155e+00 1.381511869361276901e+00 1.420264849476479574e+00 1.363262116195477658e+00
8.275293500523792645e-01 8.275293500523792645e-01 8.275293500523792645e-01 8.275293500523792645e-01 1.065758935661741846e+00 1.090948632187630496e+00 1.088012546557757254e+00 1.424713535004778153e+00 8.669826862958356628e+01 1.632187172630656846e+02 1.635523260252248292e+02 1.342784556729891960e+02 1.573991048200984011e+00 1.703408393921115316e+00 1.264205647332570237e+00 1.065758935661741846e+00 1.065758935661741846e+00 1.090948632187630496e+00 1.259980764519020857e+00 1.363262116195477658e+00
1.016275563087950751e+00 8.275293500523792645e-01 8.275293500523792645e-01 8.275293500523792645e-01 8.275293500523792645e-01 1.088012546557757254e+00 1.424713535004778153e+00 1.154949942904592035e+02 1.664142389863376650e+02 1.654697548208181956e+02 1.387401141858892117e+02 1.573991048200984011e+00 1.573991048200984011e+00 1.264205647332570237e+00 1.519785198799185277e+00 1.065758935661741846e+00 1.065758935661741846e+00 1.088012546557757254e+00 1.259980764519020857e+00 1.193931229416546058e+00
1.387317115331792028e+00 1.387317115331792028e+00 1.016275563087950751e+00 8.275293500523792645e-01 1.088012546557757254e+00 8.669826862958356628e+01 1.657832046562924688e+02 1.635523260252248292e+02 1.654697548208181956e+02 3.670716319662184901e+01 1.345651919032489374e+01 1.989500886307329353e+00 1.573991048200984011e+00 1.381511869361276901e+00 1.453419187518271594e+00 1.088012546557757254e+00 1.088012546557757254e+00 1.088012546557757254e+00 1.090948632187630496e+00 1.184489755918717746e+00
1.363262116195477658e+00 1.387317115331792028e+00 1.420264849476479574e+00 8.275293500523792645e-01 6.748749237057340622e+01 1.427301871040668289e+02 1.663612884833478063e+02 1.655272499856333468e+02 1.989500886307329353e+00 1.983571548087455172e+00 2.048147418484377535e+00 1.713851666243001004e+00 1.577818801921960779e+00 1.477343376944341591e+00 1.420264849476479574e+00 1.193931229416546058e+00 1.088012546557757254e+00 1.090948632187630496e+00 1.184489755918717746e+00 1.363262116195477658e+00
1.446987275405187345e+00 1.499262358286829633e+00 1.420264849476479574e+00 6.748749237057340622e+01 1.388299214447439738e+02 1.663612884833478063e+02 1.664218353935301309e+02 4.229134255124502317e+01 2.008636780975051828e+00 1.860508047975898860e+00 2.339680082490451785e+00 2.339680082490451785e+00 1.477343376944341591e+00 1.499262358286829633e+00 1.420264849476479574e+00 1.573991048200984011e+00 1.193931229416546058e+00 1.387317115331792028e+00 1.387317115331792028e+00 1.363262116195477658e+00
1.486901096129977340e+00 1.420264849476479574e+00 1.453419187518271594e+00 6.748749237057340622e+01 1.657832046562924688e+02 1.664218353935301309e+02 1.662156510412373507e+02 8.924460166548530538e+01 2.008636780975051828e+00 1.424713535004778153e+00 2.008636780975051828e+00 2.008636780975051828e+00 1.626165440746471180e+00 1.573991048200984011e+00 1.453419187518271594e+00 1.573991048200984011e+00 1.381511869361276901e+00 1.418620097608169095e+00 1.420264849476479574e+00 1.363262116195477658e+00
1.465121978560540494e+00 1.381511869361276901e+00 1.453419187518271594e+00 6.748749237057340622e+01 1.547677796186151227e+02 1.664218353935301309e+02 1.665474644541448583e+02 1.327695510869750990e+02 7.867319395615963629e+01 6.768862682073961423e+01 6.768862682073961423e+01 6.768862682073961423e+01 6.768862682073961423e+01 2.008636780975051828e+00 1.505955625955174515e+00 1.557003118191639057e+00 1.477343376944341591e+00 1.420264849476479574e+00 1.387317115331792028e+00 1.363262116195477658e+00
1.065758935661741846e+00 1.090948632187630496e+00 1.184489755918717746e+00 6.748749237057340622e+01 1.547677796186151227e+02 1.664218353935301309e+02 1.654697548208181956e+02 1.665474644541448583e+02 1.665474644541448583e+02 1.665474644541448583e+02 1.665474644541448583e+02 1.665474644541448583e+02 1.565807271484344199e+02 8.924460166548530538e+01 1.651591775012920316e+00 1.573991048200984011e+00 1.477343376944341591e+00 1.418620097608169095e+00 1.453419187518271594e+00 1.453419187518271594e+00
1.065758935661741846e+00 1.088012546557757254e+00 8.275293500523792645e-01 1.713851666243001004e+00 1.180347318711234976e+02 1.650456317050905568e+02 1.650456317050905568e+02 1.657832046562924688e+02 1.664218353935301309e+02 1.664218353935301309e+02 1.664218353935301309e+02 1.664218353935301309e+02 1.664218353935301309e+02 1.300806703358726679e+01 1.031557607456119285e+01 1.453296330911048928e+00 1.424713535004778153e+00 1.503913736818593749e+00 1.505955625955174515e+00 1.505955625955174515e+00
1.088012546557757254e+00 1.088012546557757254e+00 8.275293500523792645e-01 1.465856837589404549e+00 1.713851666243001004e+00 7.930634038954970322e+01 1.628264361456637062e+02 1.628264361456637062e+02 1.387401141858892117e+02 1.387401141858892117e+02 9.564407232010385940e+01 1.387401141858892117e+02 1.573991048200984011e+00 1.477343376944341591e+00 1.065758935661741846e+00 1.065758935661741846e+00 1.065758935661741846e+00 8.275293500523792645e-01 8.275293500523792645e-01 8.275293500523792645e-01
1.088012546557757254e+00 8.275293500523792645e-01 8.275293500523792645e-01 8.275293500523792645e-01 1.387317115331792028e+00 1.713851666243001004e+00 1.713851666243001004e+00 9.344021568531366029e+01 1.573991048200984011e+00 1.477343376944341591e+00 5.636757698042672615e+01 1.387317115331792028e+00 1.065758935661741846e+00 1.065758935661741846e+00 8.275293500523792645e-01 8.275293500523792645e-01 8.275293500523792645e-01 8.275293500523792645e-01 8.275293500523792645e-01 8.275293500523792645e-01
