1.184489755918717746e+00 1.376805112332250891e+00 1.381511869361276901e+00 1.505955625955174515e+00 1.424713535004778153e+00 1.505955625955174515e+00 1.424713535004778153e+00 7.867319395615963629e+01 6.768862682073961423e+01 1.658593927668708830e+02 1.658593927668708830e+02 1.496563303881040383e+02 1.239110884094783813e+02 5.023337133609960148e+00 1.376805112332250891e+00 1.499262358286829633e+00 1.016275563087950751e+00 1.016275563087950751e+00 1.016275563087950751e+00 1.376805112332250891e+00
1.184489755918717746e+00 1.152808635873795007e+00 1.461945197618328640e+00 1.549835168263192786e+00 1.424713535004778153e+00 1.505955625955174515e+00 1.154949942904592035e+02 1.658593927668708830e+02 1.522365596548875146e+02 1.663370479960022124e+02 1.663370479960022124e+02 1.663370479960022124e+02 1.638569870307936753e+02 1.031557607456119285e+01 1.713736493186578613e+00 1.376805112332250891e+00 1.713851666243001004e+00 1.446987275405187345e+00 1.016275563087950751e+00 1.016275563087950751e+00
1.152808635873795007e+00 1.184489755918717746e+00 1.503913736818593749e+00 1.505955625955174515e+00 1.424713535004778153e+00 1.658593927668708830e+02 1.427301871040668289e+02 1.663370479960022124e+02 1.663370479960022124e+02 1.664218353935301309e+02 1.653132469404190488e+02 1.663370479960022124e+02 1.663370479960022124e+02 1.327695510869750990e+02 1.727598891278980586e+00 1.658565112332420322e+00 1.573991048200984011e+00 1.503247505797598249e+00 1.376805112332250891e+00 1.016275563087950751e+00
1.152808635873795007e+00 1.184489755918717746e+00 1.424713535004778153e+00 1.154949942904592035e+02 1.427301871040668289e+02 1.663370479960022124e+02 1.663370479960022124e+02 1.664218353935301309e+02 1.640674828453629743e+02 1.637609507451726927e+02 1.648323845834368626e+02 1.664218353935301309e+02 1.664218353935301309e+02 1.664218353935301309e+02 8.346577937816229564e+01 1.658565112332420322e+00 1.674632831454367032e+00 1.549835168263192786e+00 1.328583675907910155e+00 1.184489755918717746e+00
1.184489755918717746e+00 1.184489755918717746e+00 1.978902454484273932e+01 1.461530347361323834e+02 1.663370479960022124e+02 1.664218353935301309e+02 1.664218353935301309e+02 1.573991048200984011e+00 2.649845051728353607e+00 1.713851666243001004e+00 1.640674828453629743e+02 1.653132469404190488e+02 1.664218353935301309e+02 1.664218353935301309e+02 8.346577937816229564e+01 1.376805112332250891e+00 1.556827975410163045e+00 1.486901096129977340e+00 1.184489755918717746e+00 1.152808635873795007e+00
1.193931229416546058e+00 1.184489755918717746e+00 7.729589275054361508e+01 1.547677796186151227e+02 1.664218353935301309e+02 1.664218353935301309e+02 1.664218353935301309e+02 6.551390329448364014e+01 1.658565112332420322e+00 1.806450669096548056e+00 1.217000096430795821e+02 1.640674828453629743e+02 1.664218353935301309e+02 1.664218353935301309e+02 8.346577937816229564e+01 1.376805112332250891e+00 1.376805112332250891e+00 1.328583675907910155e+00 1.152808635873795007e+00 1.184489755918717746e+00
1.184489755918717746e+00 1.184489755918717746e+00 3.380360517074772275e+01 1.435103335522312022e+02 1.628264361456637062e+02 1.387401141858892117e+02 1.300806703358726679e+01 1.867209682411902438e+00 1.658565112332420322e+00 1.674632831454367032e+00 9.103675792292530389e+01 1.639242971655192775e+02 1.664218353935301309e+02 1.664218353935301309e+02 8.346577937816229564e+01 1.376805112332250891e+00 1.328583675907910155e+00 1.363262116195477658e+00 1.363262116195477658e+00 1.152808635873795007e+00
1.242012295994970428e+00 1.184489755918717746e+00 1.376805112332250891e+00 2.649845051728353607e+00 1.713851666243001004e+00 3.396454198855966666e+01 2.048147418484377535e+00 1.817216895669084620e+00 1.658565112332420322e+00 1.649450794251297481e+00 8.495587791667496447e+01 1.634101834528723600e+02 1.648323845834368626e+02 1.664218353935301309e+02 8.346577937816229564e+01 1.381511869361276901e+00 1.381511869361276901e+00 1.363262116195477658e+00 1.363262116195477658e+00 1.016275563087950751e+00
1.193931229416546058e+00 1.184489755918717746e+00 1.376805112332250891e+00 1.499262358286829633e+00 1.376805112332250891e+00 1.801805322589336456e+00 1.713851666243001004e+00 1.817216895669084620e+00 1.668985090247356640e+00 1.649450794251297481e+00 1.500829608427698929e+02 1.547677796186151227e+02 1.658593927668708830e+02 1.664218353935301309e+02 1.573991048200984011e+00 1.485298920225552655e+00 1.376805112332250891e+00 1.328583675907910155e+00 1.363262116195477658e+00 1.184489755918717746e+00
1.242012295994970428e+00 1.152808635873795007e+00 1.152808635873795007e+00 1.376805112332250891e+00 1.376805112332250891e+00 1.446987275405187345e+00 1.713736493186578613e+00 1.806450669096548056e+00 1.797262453028828588e+00 1.559725071308526800e+01 1.247291526589807802e+02 1.658593927668708830e+02 1.663370479960022124e+02 1.664218353935301309e+02 1.376805112332250891e+00 1.485298920225552655e+00 1.376805112332250891e+00 1.486901096129977340e+00 1.363262116195477658e+00 1.152808635873795007e+00
1.193931229416546058e+00 1.242012295994970428e+00 1.152808635873795007e+00 1.242012295994970428e+00 1.424713535004778153e+00 1.461945197618328640e+00 1.616491159975947722e+00 1.556827975410163045e+00 1.797262453028828588e+00 6.321898427646260643e+01 1.545881380595083954e+02 1.663370479960022124e+02 1.664218353935301309e+02 1.664218353935301309e+02 1.485298920225552655e+00 1.376805112332250891e+00 1.486901096129977340e+00 1.363262116195477658e+00 1.152808635873795007e+00 1.184489755918717746e+00
1.152808635873795007e+00 1.152808635873795007e+00 1.242012295994970428e+00 1.242012295994970428e+00 1.242012295994970428e+00 1.503913736818593749e+00 1.503913736818593749e+00 1.519785198799185277e+00 1.465121978560540494e+00 1.128200902852604344e+02 1.504277176049124591e+02 1.664218353935301309e+02 1.663370479960022124e+02 1.664218353935301309e+02 1.727598891278980586e+00 1.503913736818593749e+00 1.549835168263192786e+00 1.242012295994970428e+00 1.184489755918717746e+00 1.184489755918717746e+00
1.376805112332250891e+00 1.376805112332250891e+00 1.424713535004778153e+00 1.152808635873795007e+00 1.152808635873795007e+00 1.242012295994970428e+00 1.242012295994970428e+00 1.461945197618328640e+00 4.358399248473287457e+01 1.545881380595083954e+02 1.663370479960022124e+02 1.664218353935301309e+02 1.664218353935301309e+02 1.655272499856333468e+02 8.924460166548530538e+01 2.008636780975051828e+00 1.424713535004778153e+00 1.350660737138683842e+01 1.193931229416546058e+00 1.424713535004778153e+00
1.376805112332250891e+00 1.376805112332250891e+00 1.376805112332250891e+00 1.376805112332250891e+00 1.376805112332250891e+00 1.016275563087950751e+00 1.152808635873795007e+00 1.465121978560540494e+00 1.128200902852604344e+02 1.658593927668708830e+02 1.664218353935301309e+02 1.664218353935301309e+02 1.664218353935301309e+02 1.533359096223356914e+02 1.520743399756959491e+02 1.520743399756959491e+02 6.768862682073961423e+01 6.768862682073961423e+01 4.282040186413215821e+01 6.768862682073961423e+01
1.376805112332250891e+00 1.376805112332250891e+00 1.376805112332250891e+00 1.376805112332250891e+00 1.376805112332250891e+00 1.152808635873795007e+00 1.016275563087950751e+00 8.525862822357768778e+01 1.639242971655192775e+02 1.663370479960022124e+02 1.664218353935301309e+02 1.664218353935301309e+02 1.664218353935301309e+02 1.658932323873407881e+02 1.658932323873407881e+02 1.638569870307936753e+02 1.576917264683239921e+02 1.605784435106349406e+02 1.576917264683239921e+02 6.487835599880581583e+01
1.376805112332250891e+00 1.376805112332250891e+00 1.376805112332250891e+00 1.376805112332250891e+00 1.376805112332250891e+00 1.016275563087950751e+00 1.559725071308526800e+01 1.128200902852604344e+02 1.658593927668708830e+02 1.664218353935301309e+02 1.664218353935301309e+02 1.663370479960022124e+02 1.663370479960022124e+02 1.664218353935301309e+02 1.664218353935301309e+02 1.650456317050905568e+02 1.630944868858013308e+02 1.617069377011030724e+02 1.655272499856333468e+02 3.396454198855966666e+01
1.376805112332250891e+00 1.376805112332250891e+00 1.376805112332250891e+00 1.376805112332250891e+00 1.376805112332250891e+00 1.016275563087950751e+00 3.861485851166352745e+01 1.427301871040668289e+02 1.663370479960022124e+02 1.664218353935301309e+02 1.664218353935301309e+02 1.663370479960022124e+02 1.664218353935301309e+02 1.664218353935301309e+02 1.664218353935301309e+02 1.417996766789982530e+02 1.387401141858892117e+02 1.376805112332250891e+00 1.658565112332420322e+00 1.713851666243001004e+00
1.376805112332250891e+00 1.376805112332250891e+00 1.376805112332250891e+00 1.376805112332250891e+00 1.152808635873795007e+00 1.016275563087950751e+00 8.495587791667496447e+01 1.653132469404190488e+02 1.664218353935301309e+02 1.664218353935301309e+02 1.653132469404190488e+02 1.664218353935301309e+02 1.664218353935301309e+02 1.664218353935301309e+02 9.344021568531366029e+01 1.300806703358726679e+01 1.376805112332250891e+00 1.376805112332250891e+00 1.453296330911048928e+00 1.649450794251297481e+00
1.376805112332250891e+00 1.376805112332250891e+00 1.376805112332250891e+00 1.376805112332250891e+00 1.016275563087950751e+00 1.465121978560540494e+00 8.372147463562482983e+01 1.495904105317321751e+02 1.628264361456637062e+02 1.628264361456637062e+02 1.387401141858892117e+02 1.387401141858892117e+02 1.387401141858892117e+02 8.227768925788744525e+01 1.376805112332250891e+00 1.376805112332250891e+00 1.446987275405187345e+00 1.418620097608169095e+00 1.242012295994970428e+00 1.242012295994970428e+00
1.376805112332250891e+00 1.376805112332250891e+00 1.376805112332250891e+00 1.376805112332250891e+00 1.016275563087950751e+00 1.322001884458372878e+01 4.370246988271712496e+01 2.769116593336034438e+00 8.227768925788744525e+01 4.006573563599202714e+01 1.376805112332250891e+00 1.376805112332250891e+00 1.376805112332250891e+00 1.446987275405187345e+00 1.446987275405187345e+00 1.328583675907910155e+00 1.424713535004778153e+00 1.152808635873795007e+00 1.152808635873795007e+00 1.193931229416546058e+00
