1.387317115331792028e+00 1.420264849476479574e+00 1.192872812303656493e+00 1.247064098548694711e+00 1.029751765900189353e+00 1.184489755918717746e+00 1.386032967653833214e+00 1.505955625955174515e+00 1.299096397799066871e+01 1.424713535004778153e+00 6.768862682073961423e+01 2.008636780975051828e+00 1.505955625955174515e+00 2.048147418484377535e+00 2.048147418484377535e+00 1.989500886307329353e+00 1.771347858208571324e+00 1.545538029787380641e+00 1.420264849476479574e+00 1.420264849476479574e+00
1.386032967653833214e+00 1.505955625955174515e+00 8.799484350806676680e-01 1.247064098548694711e+00 1.184489755918717746e+00 8.974130624374591747e+00 1.424713535004778153e+00 1.424713535004778153e+00 8.669826862958356628e+01 1.657832046562924688e+02 1.576917264683239921e+02 1.320744298183437309e+02 6.768862682073961423e+01 1.720910000147339858e+00 2.019986880851456945e+00 1.889032258391143415e+00 1.610382995712599463e+00 1.376805112332250891e+00 1.247064098548694711e+00 1.465121978560540494e+00
1.424713535004778153e+00 1.376805112332250891e+00 8.799484350806676680e-01 1.247064098548694711e+00 1.183977265424331238e+00 2.046598949726502692e+00 1.104246362679792703e+01 7.309198696988558197e+01 1.471246758754823247e+02 1.467591597725262318e+02 1.467591597725262318e+02 1.370085202927404282e+02 1.631022845469287859e+02 1.545927694106723704e+00 1.801805322589336456e+00 1.573991048200984011e+00 1.668985090247356640e+00 1.376805112332250891e+00 1.247064098548694711e+00 1.184489755918717746e+00
8.799484350806676680e-01 1.227766707674468272e+00 1.029751765900189353e+00 1.041912591481560568e+00 1.184489755918717746e+00 1.543729889934378097e+00 1.337720512478063597e+02 9.084583634297523247e+01 4.006573563599202714e+01 3.670716319662184901e+01 4.370246988271712496e+01 8.372147463562482983e+01 1.085045020636404587e+02 1.467591597725262318e+02 2.008636780975051828e+00 1.545927694106723704e+00 1.381511869361276901e+00 1.247064098548694711e+00 1.193931229416546058e+00 1.219432676772934654e+00
1.376805112332250891e+00 1.247064098548694711e+00 1.088012546557757254e+00 1.088012546557757254e+00 1.088012546557757254e+00 1.547363901334387606e+02 1.576917264683239921e+02 1.012587344022272475e+02 1.376805112332250891e+00 1.376805112332250891e+00 1.387317115331792028e+00 1.465331695658469213e+00 1.713851666243001004e+00 1.713851666243001004e+00 7.867319395615963629e+01 1.543990535070366832e+01 1.572010446177020793e+00 1.381511869361276901e+00 1.247064098548694711e+00 1.183977265424331238e+00
8.799484350806676680e-01 1.041912591481560568e+00 1.193931229416546058e+00 1.219432676772934654e+00 1.543729889934378097e+00 9.319800146765193460e+01 1.271785979670221707e+02 1.376805112332250891e+00 1.376805112332250891e+00 1.376805112332250891e+00 1.486901096129977340e+00 1.387317115331792028e+00 1.387317115331792028e+00 1.713851666243001004e+00 1.114752664675644525e+02 1.327863132282087122e+02 1.545927694106723704e+00 1.381511869361276901e+00 1.247064098548694711e+00 1.192872812303656493e+00
1.219432676772934654e+00 1.376805112332250891e+00 1.381511869361276901e+00 1.442365982927015677e+00 6.118925667067902197e+01 1.030418003508571445e+02 4.288909012885102356e+01 1.453296330911048928e+00 1.418620097608169095e+00 1.386032967653833214e+00 1.386032967653833214e+00 1.545927694106723704e+00 1.296705423024358650e+00 1.192872812303656493e+00 4.148987645386432632e+01 1.047598387573732452e+02 1.364578250092266103e+02 1.545927694106723704e+00 1.505955625955174515e+00 1.376805112332250891e+00
1.088012546557757254e+00 1.376805112332250891e+00 1.467420236836313618e+00 1.505955625955174515e+00 1.970498582547777389e+01 2.848420497429683351e+01 1.376805112332250891e+00 1.420264849476479574e+00 1.420264849476479574e+00 1.219432676772934654e+00 8.194637775137491031e-01 8.275293500523792645e-01 8.275293500523792645e-01 8.799484350806676680e-01 8.194637775137491031e-01 1.713851666243001004e+00 1.467591597725262318e+02 1.545927694106723704e+00 1.381511869361276901e+00 1.247064098548694711e+00
1.088012546557757254e+00 1.247064098548694711e+00 1.386032967653833214e+00 1.543729889934378097e+00 6.355425149825219933e+01 2.848420497429683351e+01 1.573991048200984011e+00 1.381511869361276901e+00 1.442365982927015677e+00 1.192872812303656493e+00 8.275293500523792645e-01 8.275293500523792645e-01 8.799484350806676680e-01 8.799484350806676680e-01 8.194637775137491031e-01 8.194637775137491031e-01 4.891711749614450433e+00 1.545927694106723704e+00 1.381511869361276901e+00 1.442365982927015677e+00
1.041912591481560568e+00 1.088012546557757254e+00 1.088012546557757254e+00 1.713851666243001004e+00 1.030418003508571445e+02 1.651591775012920316e+00 1.651591775012920316e+00 1.713736493186578613e+00 1.505955625955174515e+00 1.376805112332250891e+00 1.016275563087950751e+00 1.041912591481560568e+00 8.799484350806676680e-01 7.929667924424613767e-01 1.041912591481560568e+00 1.420264849476479574e+00 1.581748143440638188e+01 1.545927694106723704e+00 1.247064098548694711e+00 1.505955625955174515e+00
8.275293500523792645e-01 7.929667924424613767e-01 8.275293500523792645e-01 4.434012045073966846e+00 1.030418003508571445e+02 1.545927694106723704e+00 1.918944062609294621e+00 1.842309423378353683e+00 1.983571548087455172e+00 1.573971356588292903e+00 1.088012546557757254e+00 8.799484350806676680e-01 7.929667924424613767e-01 7.929667924424613767e-01 1.557003118191639057e+00 1.713851666243001004e+00 4.434012045073966846e+00 1.545927694106723704e+00 1.247064098548694711e+00 1.543729889934378097e+00
8.275293500523792645e-01 8.275293500523792645e-01 8.194637775137491031e-01 1.543729889934378097e+00 8.604550650333136730e+01 1.651591775012920316e+00 1.713736493186578613e+00 1.860508047975898860e+00 1.651591775012920316e+00 1.467420236836313618e+00 1.505955625955174515e+00 1.192872812303656493e+00 1.376805112332250891e+00 1.545927694106723704e+00 1.467420236836313618e+00 1.549835168263192786e+00 1.968956793050150811e+00 1.545927694106723704e+00 1.247064098548694711e+00 1.453419187518271594e+00
8.799484350806676680e-01 8.799484350806676680e-01 8.194637775137491031e-01 1.543729889934378097e+00 1.615310368925458420e+02 1.108064494838092884e+02 1.572010446177020793e+00 1.296705423024358650e+00 1.387317115331792028e+00 1.581441769891193783e+00 8.799484350806676680e-01 8.799484350806676680e-01 1.016275563087950751e+00 1.184489755918717746e+00 1.386032967653833214e+00 2.894856176065979003e+00 1.104246362679792703e+01 1.545927694106723704e+00 1.376805112332250891e+00 1.183977265424331238e+00
8.275293500523792645e-01 7.929667924424613767e-01 8.194637775137491031e-01 7.729589275054361508e+01 1.615310368925458420e+02 1.252215593997238443e+02 1.545927694106723704e+00 1.420264849476479574e+00 1.461945197618328640e+00 1.029751765900189353e+00 1.088012546557757254e+00 1.041912591481560568e+00 1.041912591481560568e+00 8.974130624374591747e+00 1.559725071308526800e+01 2.838333545418469583e+01 2.848420497429683351e+01 1.031557607456119285e+01 1.247064098548694711e+00 1.465121978560540494e+00
8.275293500523792645e-01 8.799484350806676680e-01 8.194637775137491031e-01 8.393503489671444129e+01 1.657832046562924688e+02 1.655234108185132982e+02 1.577818801921960779e+00 1.549835168263192786e+00 1.442365982927015677e+00 1.193931229416546058e+00 1.029751765900189353e+00 1.041912591481560568e+00 1.041912591481560568e+00 1.424713535004778153e+00 6.355425149825219933e+01 7.309198696988558197e+01 1.573991048200984011e+00 1.539822482254066704e+00 1.420264849476479574e+00 1.088012546557757254e+00
8.194637775137491031e-01 1.376805112332250891e+00 1.376805112332250891e+00 8.194637775137491031e-01 1.659997423171993205e+02 1.631022845469287859e+02 1.572010446177020793e+00 1.671755740697034920e+00 1.612386125062475362e+00 1.193931229416546058e+00 1.193931229416546058e+00 1.386032967653833214e+00 1.104246362679792703e+01 1.615310368925458420e+02 1.513985396095246472e+02 1.573991048200984011e+00 1.704811188160465507e+00 1.539822482254066704e+00 1.581441769891193783e+00 1.088012546557757254e+00
8.194637775137491031e-01 1.227766707674468272e+00 1.247064098548694711e+00 1.387317115331792028e+00 1.713851666243001004e+00 1.428718809668509948e+02 1.252215593997238443e+02 2.008636780975051828e+00 1.505955625955174515e+00 1.424713535004778153e+00 1.424713535004778153e+00 2.737958951286025666e+01 7.309198696988558197e+01 1.620008122667806276e+02 2.848420497429683351e+01 1.376805112332250891e+00 1.465331695658469213e+00 1.477343376944341591e+00 1.612386125062475362e+00 1.088012546557757254e+00
8.799484350806676680e-01 8.194637775137491031e-01 1.259980764519020857e+00 1.088012546557757254e+00 8.194637775137491031e-01 1.180347318711234976e+02 1.650417869381532796e+02 1.595015330199970265e+02 4.567262306759756996e+01 4.282040186413215821e+01 5.676137305385945808e+01 6.462470530261282420e+01 4.006573563599202714e+01 3.670716319662184901e+01 1.779426221853214418e+00 1.572010446177020793e+00 1.545927694106723704e+00 1.376805112332250891e+00 1.549835168263192786e+00 1.192872812303656493e+00
8.275293500523792645e-01 8.275293500523792645e-01 1.386032967653833214e+00 1.424713535004778153e+00 8.275293500523792645e-01 8.194637775137491031e-01 8.275307068189017912e+01 1.276865156037861198e+02 1.001858457324284188e+02 2.848420497429683351e+01 2.039670772140172161e+01 1.376805112332250891e+00 2.085610638067327471e+01 8.799484350806676680e-01 8.194637775137491031e-01 1.545927694106723704e+00 8.799484350806676680e-01 1.386032967653833214e+00 1.505955625955174515e+00 1.376805112332250891e+00
1.016275563087950751e+00 1.016275563087950751e+00 1.420264849476479574e+00 1.376805112332250891e+00 1.016275563087950751e+00 8.799484350806676680e-01 8.194637775137491031e-01 8.194637775137491031e-01 1.713851666243001004e+00 2.848420497429683351e+01 1.376805112332250891e+00 8.799484350806676680e-01 8.194637775137491031e-01 1.376805112332250891e+00 1.016275563087950751e+00 1.376805112332250891e+00 1.420264849476479574e+00 1.041912591481560568e+00 1.376805112332250891e+00 1.376805112332250891e+00
