7.880084814006756311e+00 7.880084814006756311e+00 7.880084814006756311e+00 7.880084814006756311e+00 7.880084814006756311e+00 1.148021058862329014e+01 1.837134595259106362e+01 2.371228569088273375e+01 2.683019663687317191e+01 2.764391898336594977e+01 2.867784222600562316e+01 2.867784222600562316e+01 2.560690560556014361e+01 2.425685328181655720e+01 1.148021058862329014e+01 7.880084814006756311e+00 7.880084814006756311e+00 7.880084814006756311e+00 7.880084814006756311e+00 7.880084814006756311e+00
7.880084814006756311e+00 7.880084814006756311e+00 7.880084814006756311e+00 7.880084814006756311e+00 1.148021058862329014e+01 2.309310421590099338e+01 3.243346966068229165e+01 3.793701166723663931e+01 5.376732621091984043e+01 5.376732621091984043e+01 5.448089241711756614e+01 5.448089241711756614e+01 4.162686213342543340e+01 3.261402268888410561e+01 2.560690560556014361e+01 1.148021058862329014e+01 7.880084814006756311e+00 7.880084814006756311e+00 7.880084814006756311e+00 7.880084814006756311e+00
7.880084814006756311e+00 7.880084814006756311e+00 7.880084814006756311e+00 1.148021058862329014e+01 2.371228569088273375e+01 3.452608949830435847e+01 5.019267679600981324e+01 6.406252860944196925e+01 7.451852821981542263e+01 8.449142572376588589e+01 8.449142572376588589e+01 7.969666392860014525e+01 7.056676616106132371e+01 5.822094971013117970e+01 4.072251402991292224e+01 2.560690560556014361e+01 1.148021058862329014e+01 7.880084814006756311e+00 7.880084814006756311e+00 7.880084814006756311e+00
7.880084814006756311e+00 7.880084814006756311e+00 1.148021058862329014e+01 2.371228569088273375e+01 3.843342569933732733e+01 5.543890674501921012e+01 7.404272727734991122e+01 9.132353764593966616e+01 1.029133232995054783e+02 1.096856999350998620e+02 1.113891188404837180e+02 1.156807070448449224e+02 9.840647555740936525e+01 8.168445796081245192e+01 6.117098969109301265e+01 3.978625883174039757e+01 2.203289989699594642e+01 9.891084373047934974e+00 7.880084814006756311e+00 7.880084814006756311e+00
7.880084814006756311e+00 1.148021058862329014e+01 2.371228569088273375e+01 3.672975593424715868e+01 5.724941330558358032e+01 8.101033882729426239e+01 1.005721958207843301e+02 1.096856999350998620e+02 1.141578737490830804e+02 1.185765320096062823e+02 1.239997056669139681e+02 1.283211934156881853e+02 1.156807070448449224e+02 9.957466110354205568e+01 6.507431132826387454e+01 4.448541267552365497e+01 2.579693276562437987e+01 1.265414040127489415e+01 7.880084814006756311e+00 7.880084814006756311e+00
1.088880935533502914e+01 2.089100076946766649e+01 3.124765829870605316e+01 5.047899876804771679e+01 7.750798706474442668e+01 1.005721958207843301e+02 1.095888092714749860e+02 1.135968976410567990e+02 1.115607241234863096e+02 1.113674589718777383e+02 1.226904764979727958e+02 1.305988591778032912e+02 1.283211934156881853e+02 1.091192021605191371e+02 7.580259860060492372e+01 4.448541267552365497e+01 2.355723233157975116e+01 1.265414040127489415e+01 7.880084814006756311e+00 7.880084814006756311e+00
1.088880935533502914e+01 2.353716881851157439e+01 4.068791641908065770e+01 6.700112161548804579e+01 9.321057797521244481e+01 1.095888092714749860e+02 1.162602516533943060e+02 1.101693951241214933e+02 1.093766372396100195e+02 1.061939330252281053e+02 1.173902969496717645e+02 1.305988591778032912e+02 1.198382285740780304e+02 1.079203364987094176e+02 7.580259860060492372e+01 4.696932547247256196e+01 2.472794785231747383e+01 1.265414040127489415e+01 7.880084814006756311e+00 7.880084814006756311e+00
1.088880935533502914e+01 2.539091821392638337e+01 4.445326193010816951e+01 7.478318219564164337e+01 1.083536500426605045e+02 1.214960721429657298e+02 1.191431734491090708e+02 1.091192021605191371e+02 1.011132893369093040e+02 1.070607418070674299e+02 1.173902969496717645e+02 1.216644715432537396e+02 1.198382285740780304e+02 1.056299445036555511e+02 7.532092102791585830e+01 4.380370781448870332e+01 2.368249920005213127e+01 1.265414040127489415e+01 7.880084814006756311e+00 7.880084814006756311e+00
1.088880935533502914e+01 2.539091821392638337e+01 4.445326193010816951e+01 7.533679385468528267e+01 1.012971964557401350e+02 1.226904764979727958e+02 1.232202432481855254e+02 1.156807070448449224e+02 1.156807070448449224e+02 1.155656033314345024e+02 1.214960721429657298e+02 1.340411930101827238e+02 1.160952429364543690e+02 9.967463218064057173e+01 6.859286780813724249e+01 3.906371260887143393e+01 2.351640075703397770e+01 7.880084814006756311e+00 7.880084814006756311e+00 7.880084814006756311e+00
1.088880935533502914e+01 2.493715474313448865e+01 3.763479976630730306e+01 6.168811268288132510e+01 9.391157656504599061e+01 1.110132146034566460e+02 1.232202432481855254e+02 1.219819057673012850e+02 1.219819057673012850e+02 1.214960721429657298e+02 1.340411930101827238e+02 1.393800877196255499e+02 1.160952429364543690e+02 9.923277263529156755e+01 6.624619063789253914e+01 3.587736103674343013e+01 2.294478947856929096e+01 7.880084814006756311e+00 7.880084814006756311e+00 7.880084814006756311e+00
7.880084814006756311e+00 2.090783292994696296e+01 2.820577677331711897e+01 4.954931111420673773e+01 7.661949822627201456e+01 9.391157656504599061e+01 1.077570332667440738e+02 1.113674589718777383e+02 1.205975181900076336e+02 1.226904764979727958e+02 1.340411930101827238e+02 1.369465332753330813e+02 1.160952429364543690e+02 8.979513293131499552e+01 5.891354129768262737e+01 3.111959298420111963e+01 1.265414040127489415e+01 7.880084814006756311e+00 7.880084814006756311e+00 7.880084814006756311e+00
7.880084814006756311e+00 1.088880935533502914e+01 2.493715474313448865e+01 3.379614061441614581e+01 5.107745186622668143e+01 6.330589184024300664e+01 8.224955579267890471e+01 9.391157656504599061e+01 1.063904798206014277e+02 1.113674589718777383e+02 1.226904764979727958e+02 1.293215271974995915e+02 1.176589873734027947e+02 8.979513293131499552e+01 5.891354129768262737e+01 2.961605226371991861e+01 1.265414040127489415e+01 7.880084814006756311e+00 7.880084814006756311e+00 7.880084814006756311e+00
7.880084814006756311e+00 7.880084814006756311e+00 9.891084373047934974e+00 2.630452790315353795e+01 3.379614061441614581e+01 4.080355276098583772e+01 5.107745186622668143e+01 6.533409723411541847e+01 7.661949822627201456e+01 9.391157656504599061e+01 1.113674589718777383e+02 1.232202432481855254e+02 1.129060798673667136e+02 8.979513293131499552e+01 5.737569223120820538e+01 2.961605226371991861e+01 1.265414040127489415e+01 7.880084814006756311e+00 7.880084814006756311e+00 7.880084814006756311e+00
7.880084814006756311e+00 7.880084814006756311e+00 7.880084814006756311e+00 9.891084373047934974e+00 1.974624712897259826e+01 2.710988647032699816e+01 2.846196832584900704e+01 3.618494966177502192e+01 4.880211454508854274e+01 7.533679385468528267e+01 1.012971964557401350e+02 1.226904764979727958e+02 1.129060798673667136e+02 8.979513293131499552e+01 5.737569223120820538e+01 2.707095566904435557e+01 1.265414040127489415e+01 7.880084814006756311e+00 7.880084814006756311e+00 7.880084814006756311e+00
7.880084814006756311e+00 7.880084814006756311e+00 7.880084814006756311e+00 7.880084814006756311e+00 9.891084373047934974e+00 9.891084373047934974e+00 1.837856612832709757e+01 2.482414283412323641e+01 3.437483763177673524e+01 5.608500259137202448e+01 8.570441209213987577e+01 1.100840658490610338e+02 1.129060798673667136e+02 8.979513293131499552e+01 5.737569223120820538e+01 2.707095566904435557e+01 1.265414040127489415e+01 7.880084814006756311e+00 7.880084814006756311e+00 7.880084814006756311e+00
7.880084814006756311e+00 7.880084814006756311e+00 7.880084814006756311e+00 7.880084814006756311e+00 7.880084814006756311e+00 7.880084814006756311e+00 7.880084814006756311e+00 1.513667193724102411e+01 2.984799920974266385e+01 5.608500259137202448e+01 8.166381744462157144e+01 1.100840658490610338e+02 1.129060798673667136e+02 8.979513293131499552e+01 5.737569223120820538e+01 3.332381693655597132e+01 1.265414040127489415e+01 7.880084814006756311e+00 7.880084814006756311e+00 7.880084814006756311e+00
7.880084814006756311e+00 7.880084814006756311e+00 7.880084814006756311e+00 7.880084814006756311e+00 7.880084814006756311e+00 7.880084814006756311e+00 7.880084814006756311e+00 1.088880935533502914e+01 2.721996163168342520e+01 4.914751956897092100e+01 8.397157686681151745e+01 1.100840658490610338e+02 1.146114643276069529e+02 9.923277263529156755e+01 6.507431132826387454e+01 3.592703397906297624e+01 2.203289989699594642e+01 7.880084814006756311e+00 7.880084814006756311e+00 7.880084814006756311e+00
7.880084814006756311e+00 7.880084814006756311e+00 7.880084814006756311e+00 7.880084814006756311e+00 7.880084814006756311e+00 7.880084814006756311e+00 7.880084814006756311e+00 1.088880935533502914e+01 2.493715474313448865e+01 4.847883498401814961e+01 7.533679385468528267e+01 1.012971964557401350e+02 1.077086466236334275e+02 9.923277263529156755e+01 6.727140607513875636e+01 4.186252144182306267e+01 2.351640075703397770e+01 7.880084814006756311e+00 7.880084814006756311e+00 7.880084814006756311e+00
7.880084814006756311e+00 7.880084814006756311e+00 7.880084814006756311e+00 7.880084814006756311e+00 7.880084814006756311e+00 7.880084814006756311e+00 7.880084814006756311e+00 1.088880935533502914e+01 2.349478139652563158e+01 3.763479976630730306e+01 7.225732157984663218e+01 1.012971964557401350e+02 1.061939330252281053e+02 9.670336256899190630e+01 6.859286780813724249e+01 3.906371260887143393e+01 2.203289989699594642e+01 1.265414040127489415e+01 7.880084814006756311e+00 7.880084814006756311e+00
7.880084814006756311e+00 7.880084814006756311e+00 7.880084814006756311e+00 7.880084814006756311e+00 7.880084814006756311e+00 7.880084814006756311e+00 7.880084814006756311e+00 7.880084814006756311e+00 2.090783292994696296e+01 3.763479976630730306e+01 6.168811268288132510e+01 8.570441209213987577e+01 9.768369334460885511e+01 9.670336256899190630e+01 6.859286780813724249e+01 3.906371260887143393e+01 2.351640075703397770e+01 1.265414040127489415e+01 7.880084814006756311e+00 7.880084814006756311e+00
