3.989329493354148326e+00 2.520884110506633746e+00 1.640621734699730050e+00 1.454967417307363231e+00 1.368394109629009314e+00 1.454967417307363231e+00 1.368394109629009314e+00 1.368394109629009314e+00 1.368394109629009314e+00 1.368394109629009314e+00 1.368394109629009314e+00 1.368394109629009314e+00 1.368394109629009314e+00 1.368394109629009314e+00 1.368394109629009314e+00 1.368394109629009314e+00 1.368394109629009314e+00 1.454967417307363231e+00 1.368394109629009314e+00 1.368394109629009314e+00
3.989329493354148326e+00 2.520884110506633746e+00 1.671674184118927320e+00 1.414546928672917758e+00 1.368394109629009314e+00 1.454967417307363231e+00 1.368394109629009314e+00 1.368394109629009314e+00 1.368394109629009314e+00 1.368394109629009314e+00 1.368394109629009314e+00 1.368394109629009314e+00 1.368394109629009314e+00 1.368394109629009314e+00 1.368394109629009314e+00 1.368394109629009314e+00 1.368394109629009314e+00 1.454967417307363231e+00 1.368394109629009314e+00 1.454967417307363231e+00
3.989329493354148326e+00 2.039399433123972205e+00 1.640621734699730050e+00 1.368394109629009314e+00 1.368394109629009314e+00 1.368394109629009314e+00 1.368394109629009314e+00 1.368394109629009314e+00 1.368394109629009314e+00 1.368394109629009314e+00 1.368394109629009314e+00 1.368394109629009314e+00 1.368394109629009314e+00 1.368394109629009314e+00 1.368394109629009314e+00 1.368394109629009314e+00 1.414546928672917758e+00 1.640621734699730050e+00 1.454967417307363231e+00 1.454967417307363231e+00
1.895411302566395451e+00 1.677922103662041975e+00 1.640621734699730050e+00 1.454967417307363231e+00 1.414546928672917758e+00 1.634014261287071834e+00 1.368394109629009314e+00 1.368394109629009314e+00 1.368394109629009314e+00 1.368394109629009314e+00 1.368394109629009314e+00 1.368394109629009314e+00 1.414546928672917758e+00 2.423019128121268295e+00 2.423019128121268295e+00 1.299096397799066871e+01 2.423019128121268295e+00 1.855762719382618497e+00 1.634014261287071834e+00 1.368394109629009314e+00
1.649450794251297481e+00 1.644524874572406148e+00 1.454967417307363231e+00 1.454967417307363231e+00 1.454967417307363231e+00 1.634014261287071834e+00 1.368394109629009314e+00 1.414546928672917758e+00 2.423019128121268295e+00 2.423019128121268295e+00 2.423019128121268295e+00 7.450660029172392740e+01 4.236332334851164205e+01 1.239110884094783813e+02 1.239110884094783813e+02 1.382012394078375053e+02 1.239110884094783813e+02 2.423019128121268295e+00 1.855762719382618497e+00 1.634014261287071834e+00
1.368394109629009314e+00 1.454967417307363231e+00 2.423019128121268295e+00 4.236332334851164205e+01 2.423019128121268295e+00 2.423019128121268295e+00 7.450660029172392740e+01 4.236332334851164205e+01 1.239110884094783813e+02 1.239110884094783813e+02 1.239110884094783813e+02 1.647402169293918917e+02 1.647402169293918917e+02 1.635823260488697031e+02 1.647402169293918917e+02 1.635823260488697031e+02 1.626109152387676033e+02 1.239110884094783813e+02 2.520884110506633746e+00 1.640621734699730050e+00
4.236332334851164205e+01 1.203475285376154318e+02 1.525307735474041806e+02 1.239110884094783813e+02 1.239110884094783813e+02 1.239110884094783813e+02 1.647402169293918917e+02 1.635823260488697031e+02 1.647790648665894082e+02 1.647790648665894082e+02 1.647790648665894082e+02 1.647790648665894082e+02 1.647402169293918917e+02 1.634491081051355081e+02 1.647790648665894082e+02 1.647790648665894082e+02 1.505308826577087586e+02 1.152379438443692834e+02 1.677922103662041975e+00 1.640621734699730050e+00
1.203475285376154318e+02 1.525307735474041806e+02 1.647402169293918917e+02 1.647790648665894082e+02 1.647402169293918917e+02 1.634491081051355081e+02 1.647790648665894082e+02 1.647790648665894082e+02 1.647402169293918917e+02 1.496626359684982219e+02 1.495904105317321751e+02 1.090210957134456891e+02 1.090210957134456891e+02 1.626109152387676033e+02 1.634491081051355081e+02 1.626109152387676033e+02 1.505308826577087586e+02 1.152379438443692834e+02 1.640621734699730050e+00 1.454967417307363231e+00
1.626738029280040223e+02 1.635823260488697031e+02 1.647402169293918917e+02 1.565807271484344199e+02 1.512927848633815984e+02 1.496626359684982219e+02 1.495904105317321751e+02 1.495904105317321751e+02 8.355028871292076076e+01 8.355028871292076076e+01 8.355028871292076076e+01 3.667928003520253277e+00 1.895411302566395451e+00 1.090210957134456891e+02 1.635823260488697031e+02 1.565807271484344199e+02 1.524655720677760939e+02 7.234737135230467686e+01 1.640621734699730050e+00 1.527047385685228909e+00
1.090210957134456891e+02 1.090210957134456891e+02 1.495904105317321751e+02 1.583178881906058280e+02 1.266810348694855151e+02 1.266810348694855151e+02 1.677922103662041975e+00 1.640621734699730050e+00 1.640621734699730050e+00 1.454967417307363231e+00 1.454967417307363231e+00 1.677922103662041975e+00 1.644524874572406148e+00 1.454967417307363231e+00 1.647790648665894082e+02 1.565807271484344199e+02 1.512927848633815984e+02 1.677922103662041975e+00 1.640621734699730050e+00 1.454967417307363231e+00
1.454967417307363231e+00 1.454967417307363231e+00 8.355028871292076076e+01 1.276865156037861198e+02 1.345651919032489374e+01 1.677922103662041975e+00 1.677922103662041975e+00 1.640621734699730050e+00 1.644524874572406148e+00 1.454967417307363231e+00 1.454967417307363231e+00 1.703931897868478318e+00 1.649450794251297481e+00 1.454967417307363231e+00 1.598334684224595890e+02 1.565807271484344199e+02 1.152379438443692834e+02 1.640621734699730050e+00 1.454967417307363231e+00 1.454967417307363231e+00
1.454967417307363231e+00 1.454967417307363231e+00 1.454967417307363231e+00 1.640621734699730050e+00 2.130800032185490522e+00 1.640621734699730050e+00 1.703931897868478318e+00 1.649450794251297481e+00 1.527047385685228909e+00 1.454967417307363231e+00 1.368394109629009314e+00 1.368394109629009314e+00 1.454967417307363231e+00 1.626738029280040223e+02 1.626109152387676033e+02 1.505308826577087586e+02 7.234737135230467686e+01 1.662431749964921268e+00 1.454967417307363231e+00 1.368394109629009314e+00
1.368394109629009314e+00 1.454967417307363231e+00 1.527047385685228909e+00 1.703931897868478318e+00 1.649450794251297481e+00 1.649450794251297481e+00 1.527047385685228909e+00 1.454967417307363231e+00 1.454967417307363231e+00 1.454967417307363231e+00 1.368394109629009314e+00 1.414546928672917758e+00 1.454967417307363231e+00 1.626738029280040223e+02 1.565807271484344199e+02 1.079396389000223451e+02 4.272273938196285314e+01 1.662431749964921268e+00 1.454967417307363231e+00 1.368394109629009314e+00
1.368394109629009314e+00 1.414546928672917758e+00 1.454967417307363231e+00 1.454967417307363231e+00 1.368394109629009314e+00 1.454967417307363231e+00 1.454967417307363231e+00 1.368394109629009314e+00 1.368394109629009314e+00 1.368394109629009314e+00 1.368394109629009314e+00 1.414546928672917758e+00 1.454967417307363231e+00 1.402842951545038943e+02 1.583178881906058280e+02 1.075862849668856995e+02 1.677922103662041975e+00 1.640621734699730050e+00 1.454967417307363231e+00 1.368394109629009314e+00
1.414546928672917758e+00 2.520884110506633746e+00 1.640621734699730050e+00 1.454967417307363231e+00 1.368394109629009314e+00 1.368394109629009314e+00 1.454967417307363231e+00 1.454967417307363231e+00 1.368394109629009314e+00 1.368394109629009314e+00 1.368394109629009314e+00 1.454967417307363231e+00 1.454967417307363231e+00 1.647790648665894082e+02 1.505308826577087586e+02 1.241920092428217828e+02 1.640621734699730050e+00 1.454967417307363231e+00 1.454967417307363231e+00 1.368394109629009314e+00
4.430552121021397838e+00 2.520884110506633746e+00 1.640621734699730050e+00 1.454967417307363231e+00 1.368394109629009314e+00 1.368394109629009314e+00 1.454967417307363231e+00 1.368394109629009314e+00 1.368394109629009314e+00 1.368394109629009314e+00 1.454967417307363231e+00 1.454967417307363231e+00 1.647790648665894082e+02 1.647790648665894082e+02 1.505308826577087586e+02 1.152379438443692834e+02 1.640621734699730050e+00 1.454967417307363231e+00 1.454967417307363231e+00 1.368394109629009314e+00
3.989329493354148326e+00 2.520884110506633746e+00 1.640621734699730050e+00 1.454967417307363231e+00 1.368394109629009314e+00 1.368394109629009314e+00 1.454967417307363231e+00 1.368394109629009314e+00 1.677922103662041975e+00 1.414546928672917758e+00 1.454967417307363231e+00 1.454967417307363231e+00 1.635823260488697031e+02 1.635823260488697031e+02 1.079396389000223451e+02 4.272273938196285314e+01 1.640621734699730050e+00 1.454967417307363231e+00 1.368394109629009314e+00 1.368394109629009314e+00
3.989329493354148326e+00 2.520884110506633746e+00 1.640621734699730050e+00 1.454967417307363231e+00 1.368394109629009314e+00 1.368394109629009314e+00 1.368394109629009314e+00 1.368394109629009314e+00 1.640621734699730050e+00 1.454967417307363231e+00 1.414546928672917758e+00 1.603713706809720918e+02 1.647790648665894082e+02 1.583178881906058280e+02 1.075862849668856995e+02 1.677922103662041975e+00 1.662431749964921268e+00 1.454967417307363231e+00 1.368394109629009314e+00 1.454967417307363231e+00
3.989329493354148326e+00 2.520884110506633746e+00 1.640621734699730050e+00 1.454967417307363231e+00 1.368394109629009314e+00 1.368394109629009314e+00 1.368394109629009314e+00 1.677922103662041975e+00 1.677922103662041975e+00 1.596595348497959366e+00 1.644524874572406148e+00 1.626738029280040223e+02 1.635823260488697031e+02 1.583178881906058280e+02 1.241920092428217828e+02 1.640621734699730050e+00 1.454967417307363231e+00 1.454967417307363231e+00 1.368394109629009314e+00 1.454967417307363231e+00
3.989329493354148326e+00 2.520884110506633746e+00 1.640621734699730050e+00 1.454967417307363231e+00 1.368394109629009314e+00 1.368394109629009314e+00 1.677922103662041975e+00 1.677922103662041975e+00 1.821319558512772607e+00 1.895411302566395451e+00 1.644524874572406148e+00 1.603713706809720918e+02 1.598334684224595890e+02 1.505308826577087586e+02 7.834868462468399741e+01 1.677922103662041975e+00 1.454967417307363231e+00 1.414546928672917758e+00 1.368394109629009314e+00 1.368394109629009314e+00
