8.275293500523792645e-01 8.275293500523792645e-01 8.275293500523792645e-01 7.929667924424613767e-01 1.155024761676956446e+00 1.088012546557757254e+00 1.088012546557757254e+00 1.424713535004778153e+00 6.768862682073961423e+01 1.545927694106723704e+00 1.477343376944341591e+00 1.713851666243001004e+00 8.275293500523792645e-01 8.275293500523792645e-01 8.275293500523792645e-01 8.275293500523792645e-01 8.275293500523792645e-01 8.275293500523792645e-01 8.275293500523792645e-01 8.275293500523792645e-01
8.275293500523792645e-01 8.275293500523792645e-01 8.275293500523792645e-01 7.929667924424613767e-01 1.155024761676956446e+00 1.088012546557757254e+00 6.748749237057340622e+01 1.657832046562924688e+02 1.655995863236842638e+02 1.545927694106723704e+00 1.376805112332250891e+00 1.387317115331792028e+00 1.016275563087950751e+00 8.275293500523792645e-01 8.275293500523792645e-01 8.275293500523792645e-01 8.275293500523792645e-01 8.275293500523792645e-01 8.275293500523792645e-01 8.275293500523792645e-01
8.275293500523792645e-01 8.275293500523792645e-01 8.275293500523792645e-01 7.929667924424613767e-01 1.065758935661741846e+00 1.088012546557757254e+00 6.748749237057340622e+01 1.547677796186151227e+02 1.664218353935301309e+02 1.252215593997238443e+02 2.888270255419664068e+01 1.376805112332250891e+00 1.387317115331792028e+00 7.929667924424613767e-01 8.275293500523792645e-01 8.275293500523792645e-01 8.275293500523792645e-01 8.275293500523792645e-01 8.275293500523792645e-01 8.275293500523792645e-01
8.275293500523792645e-01 8.275293500523792645e-01 8.275293500523792645e-01 8.275293500523792645e-01 7.929667924424613767e-01 8.275293500523792645e-01 5.695435679533189699e+01 1.659997423171993205e+02 1.657832046562924688e+02 1.252215593997238443e+02 1.545927694106723704e+00 1.381511869361276901e+00 1.453419187518271594e+00 1.387317115331792028e+00 1.016275563087950751e+00 1.016275563087950751e+00 1.016275563087950751e+00 8.275293500523792645e-01 8.275293500523792645e-01 8.275293500523792645e-01
8.275293500523792645e-01 8.275293500523792645e-01 8.275293500523792645e-01 8.275293500523792645e-01 7.929667924424613767e-01 8.275293500523792645e-01 4.429825061473335523e+01 1.659997423171993205e+02 1.659997423171993205e+02 1.664218353935301309e+02 1.545927694106723704e+00 1.378501574633052451e+00 1.549835168263192786e+00 1.442365982927015677e+00 1.376805112332250891e+00 1.387317115331792028e+00 1.387317115331792028e+00 1.016275563087950751e+00 7.929667924424613767e-01 8.275293500523792645e-01
8.275293500523792645e-01 8.275293500523792645e-01 8.275293500523792645e-01 8.275293500523792645e-01 7.929667924424613767e-01 8.275293500523792645e-01 1.713851666243001004e+00 1.500829608427698929e+02 1.659997423171993205e+02 1.664218353935301309e+02 1.252215593997238443e+02 1.545927694106723704e+00 1.505955625955174515e+00 1.520915860855592605e+00 1.378501574633052451e+00 1.247064098548694711e+00 1.184489755918717746e+00 1.192872812303656493e+00 7.929667924424613767e-01 8.275293500523792645e-01
8.275293500523792645e-01 8.275293500523792645e-01 8.275293500523792645e-01 8.275293500523792645e-01 7.929667924424613767e-01 1.376805112332250891e+00 1.519809231155513585e+00 8.495587791667496447e+01 1.659997423171993205e+02 1.665474644541448583e+02 1.252215593997238443e+02 1.545927694106723704e+00 1.545927694106723704e+00 1.549835168263192786e+00 1.486901096129977340e+00 1.453419187518271594e+00 1.155024761676956446e+00 1.088012546557757254e+00 8.275293500523792645e-01 8.275293500523792645e-01
8.275293500523792645e-01 8.275293500523792645e-01 8.275293500523792645e-01 8.275293500523792645e-01 7.929667924424613767e-01 1.376805112332250891e+00 1.387317115331792028e+00 1.713851666243001004e+00 1.657832046562924688e+02 1.664218353935301309e+02 1.662156510412373507e+02 1.545927694106723704e+00 1.376805112332250891e+00 1.387317115331792028e+00 1.387317115331792028e+00 1.247064098548694711e+00 1.155024761676956446e+00 1.088012546557757254e+00 1.016275563087950751e+00 1.016275563087950751e+00
8.275293500523792645e-01 8.275293500523792645e-01 8.275293500523792645e-01 8.275293500523792645e-01 7.929667924424613767e-01 1.651591775012920316e+00 1.573991048200984011e+00 1.519809231155513585e+00 1.659997423171993205e+02 1.659997423171993205e+02 1.665474644541448583e+02 1.252215593997238443e+02 1.545927694106723704e+00 1.545927694106723704e+00 1.453419187518271594e+00 1.549835168263192786e+00 1.192872812303656493e+00 1.184277813070984342e+00 1.376805112332250891e+00 1.184277813070984342e+00
8.275293500523792645e-01 8.275293500523792645e-01 8.275293500523792645e-01 8.275293500523792645e-01 7.929667924424613767e-01 7.929667924424613767e-01 1.636866787662233591e+00 1.505955625955174515e+00 6.748749237057340622e+01 1.657832046562924688e+02 1.664142389863376650e+02 1.665474644541448583e+02 1.252215593997238443e+02 1.545927694106723704e+00 1.505955625955174515e+00 1.247064098548694711e+00 1.155024761676956446e+00 1.184277813070984342e+00 1.184277813070984342e+00 1.184277813070984342e+00
8.275293500523792645e-01 8.275293500523792645e-01 8.275293500523792645e-01 8.275293500523792645e-01 8.275293500523792645e-01 7.929667924424613767e-01 1.545927694106723704e+00 1.505955625955174515e+00 1.713851666243001004e+00 1.659997423171993205e+02 1.659997423171993205e+02 1.664218353935301309e+02 1.252215593997238443e+02 1.376805112332250891e+00 1.420264849476479574e+00 1.387317115331792028e+00 1.184489755918717746e+00 1.184489755918717746e+00 1.420264849476479574e+00 1.088012546557757254e+00
8.275293500523792645e-01 8.275293500523792645e-01 8.275293500523792645e-01 8.275293500523792645e-01 8.275293500523792645e-01 8.275293500523792645e-01 7.929667924424613767e-01 1.227766707674468272e+00 1.519809231155513585e+00 1.217000096430795821e+02 1.659997423171993205e+02 1.665474644541448583e+02 1.664218353935301309e+02 1.545927694106723704e+00 1.247064098548694711e+00 1.376805112332250891e+00 1.184277813070984342e+00 1.387317115331792028e+00 1.420264849476479574e+00 1.088012546557757254e+00
8.275293500523792645e-01 8.275293500523792645e-01 8.275293500523792645e-01 8.275293500523792645e-01 8.275293500523792645e-01 8.275293500523792645e-01 7.929667924424613767e-01 7.929667924424613767e-01 8.275293500523792645e-01 6.748749237057340622e+01 1.657832046562924688e+02 1.659997423171993205e+02 1.252215593997238443e+02 1.545927694106723704e+00 1.381511869361276901e+00 1.247064098548694711e+00 1.418620097608169095e+00 1.465121978560540494e+00 1.505955625955174515e+00 8.275293500523792645e-01
8.275293500523792645e-01 8.275293500523792645e-01 8.275293500523792645e-01 8.275293500523792645e-01 8.275293500523792645e-01 8.275293500523792645e-01 8.275293500523792645e-01 7.929667924424613767e-01 1.420264849476479574e+00 6.748749237057340622e+01 1.657832046562924688e+02 1.664218353935301309e+02 1.356220107981356193e+02 1.545927694106723704e+00 1.378501574633052451e+00 1.505955625955174515e+00 1.192872812303656493e+00 1.424713535004778153e+00 8.275293500523792645e-01 8.275293500523792645e-01
8.275293500523792645e-01 8.275293500523792645e-01 8.275293500523792645e-01 8.275293500523792645e-01 8.275293500523792645e-01 8.275293500523792645e-01 1.376805112332250891e+00 1.376805112332250891e+00 1.376805112332250891e+00 1.519809231155513585e+00 1.659997423171993205e+02 1.657832046562924688e+02 1.356220107981356193e+02 1.545927694106723704e+00 2.887472303214245528e+01 1.155024761676956446e+00 1.184277813070984342e+00 1.184277813070984342e+00 7.929667924424613767e-01 8.275293500523792645e-01
8.275293500523792645e-01 8.275293500523792645e-01 8.275293500523792645e-01 8.275293500523792645e-01 8.275293500523792645e-01 7.929667924424613767e-01 1.065758935661741846e+00 7.929667924424613767e-01 1.155024761676956446e+00 1.184277813070984342e+00 6.748749237057340622e+01 1.657822907201537248e+02 1.356220107981356193e+02 1.545927694106723704e+00 1.247064098548694711e+00 1.193931229416546058e+00 1.184277813070984342e+00 1.184277813070984342e+00 1.041912591481560568e+00 8.275293500523792645e-01
8.275293500523792645e-01 8.275293500523792645e-01 8.275293500523792645e-01 8.275293500523792645e-01 8.275293500523792645e-01 7.929667924424613767e-01 7.929667924424613767e-01 1.041912591481560568e+00 8.275293500523792645e-01 1.184489755918717746e+00 5.335502925220811932e+01 1.659997423171993205e+02 1.650456317050905568e+02 1.545927694106723704e+00 1.376805112332250891e+00 1.155024761676956446e+00 1.155024761676956446e+00 1.088012546557757254e+00 1.192872812303656493e+00 1.016275563087950751e+00
8.275293500523792645e-01 8.275293500523792645e-01 8.275293500523792645e-01 8.275293500523792645e-01 8.275293500523792645e-01 7.929667924424613767e-01 8.275293500523792645e-01 8.275293500523792645e-01 7.929667924424613767e-01 8.275293500523792645e-01 1.713851666243001004e+00 1.114752664675644525e+02 1.310108562688255347e+02 1.545927694106723704e+00 1.247064098548694711e+00 1.155024761676956446e+00 1.155024761676956446e+00 1.088012546557757254e+00 1.088012546557757254e+00 1.088012546557757254e+00
8.275293500523792645e-01 8.275293500523792645e-01 8.275293500523792645e-01 8.275293500523792645e-01 8.275293500523792645e-01 7.929667924424613767e-01 7.929667924424613767e-01 8.275293500523792645e-01 8.275293500523792645e-01 8.275293500523792645e-01 1.192872812303656493e+00 1.713851666243001004e+00 4.370246988271712496e+01 1.545927694106723704e+00 1.065758935661741846e+00 1.193931229416546058e+00 1.193931229416546058e+00 1.088012546557757254e+00 8.275293500523792645e-01 8.275293500523792645e-01
8.275293500523792645e-01 8.275293500523792645e-01 8.275293500523792645e-01 8.275293500523792645e-01 8.275293500523792645e-01 8.275293500523792645e-01 8.275293500523792645e-01 8.275293500523792645e-01 8.275293500523792645e-01 8.275293500523792645e-01 8.275293500523792645e-01 1.192872812303656493e+00 1.359072119502097831e+00 1.359072119502097831e+00 1.545927694106723704e+00 1.193931229416546058e+00 8.275293500523792645e-01 8.275293500523792645e-01 8.275293500523792645e-01 8.275293500523792645e-01
