1.063879079389938198e+00 1.063879079389938198e+00 1.063879079389938198e+00 1.063879079389938198e+00 1.063879079389938198e+00 1.063879079389938198e+00 1.136531542442944520e+00 1.406847842370277490e+00 1.486901096129977340e+00 1.465121978560540494e+00 1.063879079389938198e+00 1.063879079389938198e+00 1.063879079389938198e+00 1.063879079389938198e+00 1.063879079389938198e+00 1.063879079389938198e+00 1.063879079389938198e+00 1.063879079389938198e+00 1.063879079389938198e+00 1.063879079389938198e+00
1.063879079389938198e+00 1.063879079389938198e+00 1.063879079389938198e+00 1.063879079389938198e+00 1.063879079389938198e+00 1.136531542442944520e+00 1.573991048200984011e+00 1.573991048200984011e+00 1.414546928672917758e+00 1.461945197618328640e+00 1.911338484303447549e+00 1.556827975410163045e+00 1.063879079389938198e+00 1.063879079389938198e+00 1.063879079389938198e+00 1.063879079389938198e+00 1.063879079389938198e+00 1.063879079389938198e+00 1.063879079389938198e+00 1.063879079389938198e+00
1.063879079389938198e+00 1.063879079389938198e+00 1.063879079389938198e+00 1.136531542442944520e+00 1.136531542442944520e+00 1.573991048200984011e+00 1.396932309464962607e+00 1.549638141722645024e+00 1.499262358286829633e+00 1.573991048200984011e+00 1.406847842370277490e+00 1.396932309464962607e+00 1.519785198799185277e+00 1.063879079389938198e+00 1.063879079389938198e+00 1.063879079389938198e+00 1.063879079389938198e+00 1.063879079389938198e+00 1.063879079389938198e+00 1.063879079389938198e+00
1.063879079389938198e+00 1.063879079389938198e+00 1.063879079389938198e+00 1.136531542442944520e+00 1.573991048200984011e+00 1.396932309464962607e+00 1.406847842370277490e+00 1.396932309464962607e+00 1.527047385685228909e+00 1.486901096129977340e+00 1.377353748697675906e+00 1.363262116195477658e+00 1.063879079389938198e+00 1.063879079389938198e+00 1.063879079389938198e+00 1.063879079389938198e+00 1.063879079389938198e+00 1.063879079389938198e+00 1.063879079389938198e+00 1.063879079389938198e+00
1.063879079389938198e+00 1.063879079389938198e+00 1.063879079389938198e+00 1.136531542442944520e+00 1.406847842370277490e+00 1.503913736818593749e+00 1.406847842370277490e+00 1.503913736818593749e+00 1.465121978560540494e+00 2.112176858536840562e+00 1.377353748697675906e+00 1.363262116195477658e+00 1.063879079389938198e+00 1.063879079389938198e+00 1.063879079389938198e+00 1.063879079389938198e+00 1.063879079389938198e+00 1.063879079389938198e+00 1.063879079389938198e+00 1.063879079389938198e+00
1.063879079389938198e+00 1.063879079389938198e+00 1.063879079389938198e+00 1.063879079389938198e+00 1.063879079389938198e+00 1.503913736818593749e+00 1.063879079389938198e+00 1.184489755918717746e+00 1.184489755918717746e+00 2.873716899344701758e+00 1.377353748697675906e+00 1.363262116195477658e+00 1.063879079389938198e+00 1.063879079389938198e+00 1.063879079389938198e+00 1.063879079389938198e+00 1.063879079389938198e+00 1.063879079389938198e+00 1.063879079389938198e+00 1.063879079389938198e+00
1.063879079389938198e+00 1.063879079389938198e+00 1.063879079389938198e+00 1.063879079389938198e+00 1.063879079389938198e+00 1.063879079389938198e+00 1.063879079389938198e+00 1.063879079389938198e+00 1.184489755918717746e+00 3.084312348741327980e+00 1.597914220750751513e+00 1.063879079389938198e+00 1.184489755918717746e+00 1.063879079389938198e+00 1.063879079389938198e+00 1.063879079389938198e+00 1.063879079389938198e+00 1.063879079389938198e+00 1.063879079389938198e+00 1.063879079389938198e+00
1.063879079389938198e+00 1.063879079389938198e+00 1.063879079389938198e+00 1.063879079389938198e+00 1.063879079389938198e+00 1.063879079389938198e+00 1.063879079389938198e+00 1.136531542442944520e+00 1.184489755918717746e+00 2.688077425020713562e+00 2.008636780975051828e+00 1.637802992244726141e+00 1.063879079389938198e+00 1.063879079389938198e+00 1.063879079389938198e+00 1.063879079389938198e+00 1.063879079389938198e+00 1.063879079389938198e+00 1.063879079389938198e+00 1.063879079389938198e+00
1.063879079389938198e+00 1.063879079389938198e+00 1.063879079389938198e+00 1.063879079389938198e+00 1.063879079389938198e+00 1.063879079389938198e+00 1.063879079389938198e+00 1.063879079389938198e+00 1.184489755918717746e+00 4.608862331033081183e+00 5.167758745414881005e+00 2.520884110506633746e+00 1.063879079389938198e+00 1.063879079389938198e+00 1.063879079389938198e+00 1.063879079389938198e+00 1.063879079389938198e+00 1.063879079389938198e+00 1.063879079389938198e+00 1.063879079389938198e+00
1.063879079389938198e+00 1.063879079389938198e+00 1.063879079389938198e+00 1.063879079389938198e+00 1.063879079389938198e+00 1.063879079389938198e+00 1.063879079389938198e+00 1.063879079389938198e+00 1.184489755918717746e+00 3.696050467723367206e+00 4.220483059676196191e+00 1.573991048200984011e+00 1.499262358286829633e+00 1.063879079389938198e+00 1.063879079389938198e+00 1.063879079389938198e+00 1.063879079389938198e+00 1.063879079389938198e+00 1.063879079389938198e+00 1.063879079389938198e+00
1.063879079389938198e+00 1.063879079389938198e+00 1.063879079389938198e+00 1.063879079389938198e+00 1.063879079389938198e+00 1.063879079389938198e+00 1.063879079389938198e+00 1.063879079389938198e+00 1.184489755918717746e+00 3.084312348741327980e+00 1.573991048200984011e+00 1.498269044047211507e+00 1.418620097608169095e+00 1.063879079389938198e+00 1.063879079389938198e+00 1.063879079389938198e+00 1.063879079389938198e+00 1.063879079389938198e+00 1.063879079389938198e+00 1.063879079389938198e+00
1.063879079389938198e+00 1.063879079389938198e+00 1.063879079389938198e+00 1.063879079389938198e+00 1.063879079389938198e+00 1.063879079389938198e+00 1.063879079389938198e+00 1.063879079389938198e+00 1.184489755918717746e+00 2.873716899344701758e+00 1.498269044047211507e+00 1.396932309464962607e+00 1.519785198799185277e+00 1.063879079389938198e+00 1.063879079389938198e+00 1.063879079389938198e+00 1.063879079389938198e+00 1.063879079389938198e+00 1.063879079389938198e+00 1.063879079389938198e+00
1.063879079389938198e+00 1.063879079389938198e+00 1.063879079389938198e+00 1.063879079389938198e+00 1.063879079389938198e+00 1.063879079389938198e+00 1.063879079389938198e+00 1.063879079389938198e+00 1.184489755918717746e+00 2.688077425020713562e+00 2.844712141455559173e+00 1.063879079389938198e+00 1.184489755918717746e+00 1.063879079389938198e+00 1.063879079389938198e+00 1.063879079389938198e+00 1.063879079389938198e+00 1.063879079389938198e+00 1.063879079389938198e+00 1.063879079389938198e+00
1.063879079389938198e+00 1.063879079389938198e+00 1.063879079389938198e+00 1.063879079389938198e+00 1.063879079389938198e+00 1.063879079389938198e+00 1.063879079389938198e+00 1.063879079389938198e+00 1.184489755918717746e+00 3.747009301595858766e+00 2.318211495902166241e+00 1.573991048200984011e+00 1.063879079389938198e+00 1.063879079389938198e+00 1.063879079389938198e+00 1.063879079389938198e+00 1.063879079389938198e+00 1.063879079389938198e+00 1.063879079389938198e+00 1.063879079389938198e+00
1.063879079389938198e+00 1.063879079389938198e+00 1.063879079389938198e+00 1.063879079389938198e+00 1.063879079389938198e+00 1.063879079389938198e+00 1.063879079389938198e+00 1.063879079389938198e+00 1.184489755918717746e+00 3.747009301595858766e+00 3.022001161594239704e+00 1.549638141722645024e+00 1.573971356588292903e+00 1.527047385685228909e+00 1.396932309464962607e+00 1.063879079389938198e+00 1.063879079389938198e+00 1.063879079389938198e+00 1.063879079389938198e+00 1.063879079389938198e+00
1.063879079389938198e+00 1.063879079389938198e+00 1.063879079389938198e+00 1.063879079389938198e+00 1.063879079389938198e+00 1.063879079389938198e+00 1.063879079389938198e+00 1.136531542442944520e+00 1.184489755918717746e+00 3.747009301595858766e+00 1.635618759024197288e+01 1.851459101751287584e+00 1.549638141722645024e+00 1.556827975410163045e+00 1.418620097608169095e+00 1.063879079389938198e+00 1.063879079389938198e+00 1.063879079389938198e+00 1.063879079389938198e+00 1.063879079389938198e+00
1.063879079389938198e+00 1.063879079389938198e+00 1.063879079389938198e+00 1.063879079389938198e+00 1.063879079389938198e+00 1.063879079389938198e+00 1.063879079389938198e+00 1.063879079389938198e+00 9.263846005588206367e+00 1.738885747550350080e+00 1.466570417475631771e+01 3.022001161594239704e+00 1.377353748697675906e+00 1.363262116195477658e+00 1.063879079389938198e+00 1.063879079389938198e+00 1.063879079389938198e+00 1.063879079389938198e+00 1.063879079389938198e+00 1.063879079389938198e+00
1.063879079389938198e+00 1.063879079389938198e+00 1.063879079389938198e+00 1.063879079389938198e+00 1.063879079389938198e+00 1.063879079389938198e+00 1.063879079389938198e+00 1.063879079389938198e+00 1.184489755918717746e+00 1.116646860962000432e+01 1.300806703358726679e+01 1.573991048200984011e+00 1.406847842370277490e+00 1.414546928672917758e+00 1.063879079389938198e+00 1.063879079389938198e+00 1.063879079389938198e+00 1.063879079389938198e+00 1.063879079389938198e+00 1.063879079389938198e+00
1.063879079389938198e+00 1.063879079389938198e+00 1.063879079389938198e+00 1.063879079389938198e+00 1.063879079389938198e+00 1.063879079389938198e+00 1.063879079389938198e+00 1.063879079389938198e+00 1.184489755918717746e+00 1.988753819868922523e+00 1.549638141722645024e+00 1.498269044047211507e+00 1.418620097608169095e+00 1.363262116195477658e+00 1.063879079389938198e+00 1.063879079389938198e+00 1.063879079389938198e+00 1.063879079389938198e+00 1.063879079389938198e+00 1.063879079389938198e+00
1.063879079389938198e+00 1.063879079389938198e+00 1.063879079389938198e+00 1.063879079389938198e+00 1.063879079389938198e+00 1.063879079389938198e+00 1.063879079389938198e+00 1.063879079389938198e+00 1.184489755918717746e+00 1.634014261287071834e+00 1.406847842370277490e+00 1.649450794251297481e+00 1.519785198799185277e+00 1.063879079389938198e+00 1.063879079389938198e+00 1.063879079389938198e+00 1.063879079389938198e+00 1.063879079389938198e+00 1.063879079389938198e+00 1.063879079389938198e+00
