8.275293500523792645e-01 8.275293500523792645e-01 8.275293500523792645e-01 7.929667924424613767e-01 1.573991048200984011e+00 1.387317115331792028e+00 1.387317115331792028e+00 1.387317115331792028e+00 1.387317115331792028e+00 1.381511869361276901e+00 1.552502558760601836e+00 1.520915860855592605e+00 1.552502558760601836e+00 1.477343376944341591e+00 1.649450794251297481e+00 1.549835168263192786e+00 1.503913736818593749e+00 1.420264849476479574e+00 1.453419187518271594e+00 1.381393823623835448e+00
8.275293500523792645e-01 8.275293500523792645e-01 8.275293500523792645e-01 7.929667924424613767e-01 1.453296330911048928e+00 1.387317115331792028e+00 1.387317115331792028e+00 1.387317115331792028e+00 1.387317115331792028e+00 1.387317115331792028e+00 1.567251086698256746e+00 1.545538029787380641e+00 1.499262358286829633e+00 1.424351470704003475e+00 1.486901096129977340e+00 1.424713535004778153e+00 1.636866787662233591e+00 1.328583675907910155e+00 1.381393823623835448e+00 1.543729889934378097e+00
8.275293500523792645e-01 8.275293500523792645e-01 8.275293500523792645e-01 7.929667924424613767e-01 1.328583675907910155e+00 1.387317115331792028e+00 1.381393823623835448e+00 1.381393823623835448e+00 1.381393823623835448e+00 1.381393823623835448e+00 1.453419187518271594e+00 1.424351470704003475e+00 1.387317115331792028e+00 1.424351470704003475e+00 1.543729889934378097e+00 3.738881855432478751e+00 1.573991048200984011e+00 1.247064098548694711e+00 1.381393823623835448e+00 1.088012546557757254e+00
1.387317115331792028e+00 1.016275563087950751e+00 1.573991048200984011e+00 1.065758935661741846e+00 1.328583675907910155e+00 1.381393823623835448e+00 1.381393823623835448e+00 1.520915860855592605e+00 1.549835168263192786e+00 1.505955625955174515e+00 1.420264849476479574e+00 1.387317115331792028e+00 1.387317115331792028e+00 1.453419187518271594e+00 2.409758665593427995e+00 1.989500886307329353e+00 1.447759880441468416e+00 1.420264849476479574e+00 1.088012546557757254e+00 1.088012546557757254e+00
1.520915860855592605e+00 1.552502558760601836e+00 1.387317115331792028e+00 1.328583675907910155e+00 1.184277813070984342e+00 1.381393823623835448e+00 1.424713535004778153e+00 1.636866787662233591e+00 1.447759880441468416e+00 1.465121978560540494e+00 1.328583675907910155e+00 1.381393823623835448e+00 1.381393823623835448e+00 1.381393823623835448e+00 2.019986880851456945e+00 1.573991048200984011e+00 1.499262358286829633e+00 1.387317115331792028e+00 1.088012546557757254e+00 1.088012546557757254e+00
1.520915860855592605e+00 1.549835168263192786e+00 1.573991048200984011e+00 1.668985090247356640e+00 1.424713535004778153e+00 1.424713535004778153e+00 3.022001161594239704e+00 1.573991048200984011e+00 1.420264849476479574e+00 1.573991048200984011e+00 1.328583675907910155e+00 1.381393823623835448e+00 1.381393823623835448e+00 1.543729889934378097e+00 1.651591775012920316e+00 1.665309886536630923e+00 1.381511869361276901e+00 1.387317115331792028e+00 1.184277813070984342e+00 1.088012546557757254e+00
1.651591775012920316e+00 1.461945197618328640e+00 1.725850874895348941e+00 1.649450794251297481e+00 1.543729889934378097e+00 1.576917264683239921e+02 4.288909012885102356e+01 1.453296330911048928e+00 1.381511869361276901e+00 1.387317115331792028e+00 1.387317115331792028e+00 1.381393823623835448e+00 1.381393823623835448e+00 1.424713535004778153e+00 1.651591775012920316e+00 1.841522015132003531e+00 1.328583675907910155e+00 1.387317115331792028e+00 1.381393823623835448e+00 1.184277813070984342e+00
1.465121978560540494e+00 1.728504791554716702e+00 1.556827975410163045e+00 1.649450794251297481e+00 1.128200902852604344e+02 1.589827125785407134e+02 4.229134255124502317e+01 1.247064098548694711e+00 1.387317115331792028e+00 1.381511869361276901e+00 1.387317115331792028e+00 1.381393823623835448e+00 1.543729889934378097e+00 2.409758665593427995e+00 2.048147418484377535e+00 1.817216895669084620e+00 1.577818801921960779e+00 1.573991048200984011e+00 1.453419187518271594e+00 1.381393823623835448e+00
1.088012546557757254e+00 1.503913736818593749e+00 1.649450794251297481e+00 1.970498582547777389e+01 1.427301871040668289e+02 1.558107187522974186e+02 8.510336281612838150e+01 1.651591775012920316e+00 1.328583675907910155e+00 1.420264849476479574e+00 1.381393823623835448e+00 1.381393823623835448e+00 1.505955625955174515e+00 1.651591775012920316e+00 2.168410840578099297e+00 1.573991048200984011e+00 1.577818801921960779e+00 1.545538029787380641e+00 1.420264849476479574e+00 1.543729889934378097e+00
8.275293500523792645e-01 7.929667924424613767e-01 8.275293500523792645e-01 6.621084178654916741e+01 1.659997423171993205e+02 1.650456317050905568e+02 8.924460166548530538e+01 1.635618759024197288e+01 2.008636780975051828e+00 1.424713535004778153e+00 1.505955625955174515e+00 1.424713535004778153e+00 8.604550650333136730e+01 1.252215593997238443e+02 1.651591775012920316e+00 1.696826258116640007e+00 1.549835168263192786e+00 1.453296330911048928e+00 1.549835168263192786e+00 1.184277813070984342e+00
8.275293500523792645e-01 8.275293500523792645e-01 1.227766707674468272e+00 1.227766707674468272e+00 1.387317115331792028e+00 1.713851666243001004e+00 6.706932911946690012e+01 1.300806703358726679e+01 1.867209682411902438e+00 1.651591775012920316e+00 1.839278370931845874e+00 6.748749237057340622e+01 1.657832046562924688e+02 1.565807271484344199e+02 8.924460166548530538e+01 1.636866787662233591e+00 1.651591775012920316e+00 1.573991048200984011e+00 1.420264849476479574e+00 1.442365982927015677e+00
7.929667924424613767e-01 7.929667924424613767e-01 7.929667924424613767e-01 1.088012546557757254e+00 1.088012546557757254e+00 1.227766707674468272e+00 1.227766707674468272e+00 1.227766707674468272e+00 1.387317115331792028e+00 2.323286381200984074e+00 1.713851666243001004e+00 6.748749237057340622e+01 1.657832046562924688e+02 1.643501297275454931e+02 1.012587344022272475e+02 1.573991048200984011e+00 1.567251086698256746e+00 1.573991048200984011e+00 1.520915860855592605e+00 1.556827975410163045e+00
8.275293500523792645e-01 8.275293500523792645e-01 7.929667924424613767e-01 8.275293500523792645e-01 8.275293500523792645e-01 8.275293500523792645e-01 7.929667924424613767e-01 8.275293500523792645e-01 1.573991048200984011e+00 1.520915860855592605e+00 1.713851666243001004e+00 5.695435679533189699e+01 1.386490894052933243e+02 1.573991048200984011e+00 1.539822482254066704e+00 1.573991048200984011e+00 1.387317115331792028e+00 1.636866787662233591e+00 1.545538029787380641e+00 1.549835168263192786e+00
8.275293500523792645e-01 8.275293500523792645e-01 8.275293500523792645e-01 8.275293500523792645e-01 8.275293500523792645e-01 8.275293500523792645e-01 8.275293500523792645e-01 7.929667924424613767e-01 1.447759880441468416e+00 1.503913736818593749e+00 1.465121978560540494e+00 1.700793118262584258e+01 1.573991048200984011e+00 1.573991048200984011e+00 1.387317115331792028e+00 1.387317115331792028e+00 1.424351470704003475e+00 1.577818801921960779e+00 1.520915860855592605e+00 1.549835168263192786e+00
8.275293500523792645e-01 8.275293500523792645e-01 8.275293500523792645e-01 8.275293500523792645e-01 8.275293500523792645e-01 8.275293500523792645e-01 7.929667924424613767e-01 7.929667924424613767e-01 1.155024761676956446e+00 1.461945197618328640e+00 1.088012546557757254e+00 4.330824152035601671e+00 1.567251086698256746e+00 1.477343376944341591e+00 1.420264849476479574e+00 1.381393823623835448e+00 1.453419187518271594e+00 1.503913736818593749e+00 1.453296330911048928e+00 1.424351470704003475e+00
8.275293500523792645e-01 8.275293500523792645e-01 8.275293500523792645e-01 8.275293500523792645e-01 7.929667924424613767e-01 1.016275563087950751e+00 1.016275563087950751e+00 7.929667924424613767e-01 1.155024761676956446e+00 1.088012546557757254e+00 1.543729889934378097e+00 1.651591775012920316e+00 1.477343376944341591e+00 1.387317115331792028e+00 1.420264849476479574e+00 1.573991048200984011e+00 1.668985090247356640e+00 1.065758935661741846e+00 1.065758935661741846e+00 1.184489755918717746e+00
8.275293500523792645e-01 8.275293500523792645e-01 8.275293500523792645e-01 7.929667924424613767e-01 1.227766707674468272e+00 1.227766707674468272e+00 1.016275563087950751e+00 1.573991048200984011e+00 1.420264849476479574e+00 1.088012546557757254e+00 1.978902454484273932e+01 1.651591775012920316e+00 1.381511869361276901e+00 1.420264849476479574e+00 1.387317115331792028e+00 1.503913736818593749e+00 1.556827975410163045e+00 1.065758935661741846e+00 1.065758935661741846e+00 1.088012546557757254e+00
8.275293500523792645e-01 8.275293500523792645e-01 8.275293500523792645e-01 7.929667924424613767e-01 1.065758935661741846e+00 1.088012546557757254e+00 1.259980764519020857e+00 1.520915860855592605e+00 1.549835168263192786e+00 1.381393823623835448e+00 1.978902454484273932e+01 1.651591775012920316e+00 1.477343376944341591e+00 1.420264849476479574e+00 1.387317115331792028e+00 1.465121978560540494e+00 1.549835168263192786e+00 1.193931229416546058e+00 8.275293500523792645e-01 8.275293500523792645e-01
8.275293500523792645e-01 8.275293500523792645e-01 8.275293500523792645e-01 7.929667924424613767e-01 1.155024761676956446e+00 1.041912591481560568e+00 1.577818801921960779e+00 1.453419187518271594e+00 1.549835168263192786e+00 1.713851666243001004e+00 2.039670772140172161e+01 1.651591775012920316e+00 1.597914220750751513e+00 1.505955625955174515e+00 1.505955625955174515e+00 1.424713535004778153e+00 1.505955625955174515e+00 7.929667924424613767e-01 8.275293500523792645e-01 8.275293500523792645e-01
8.275293500523792645e-01 8.275293500523792645e-01 8.275293500523792645e-01 7.929667924424613767e-01 8.275293500523792645e-01 1.573991048200984011e+00 1.668985090247356640e+00 1.549835168263192786e+00 1.549835168263192786e+00 1.723274296545236339e+00 1.713851666243001004e+00 2.057405930240052694e+00 1.713851666243001004e+00 1.637802992244726141e+00 8.275293500523792645e-01 8.275293500523792645e-01 8.275293500523792645e-01 8.275293500523792645e-01 8.275293500523792645e-01 8.275293500523792645e-01
