7.669773743051186976e+00 7.669773743051186976e+00 7.669773743051186976e+00 7.669773743051186976e+00 7.669773743051186976e+00 1.231896830438697954e+01 2.154397596343022769e+01 2.309587474134727003e+01 3.048098015137987460e+01 3.247755908085073173e+01 4.008874653161049650e+01 4.868519256225252434e+01 4.868519256225252434e+01 4.868519256225252434e+01 3.636796396041700064e+01 3.261402268888410561e+01 2.967867847424209060e+01 2.425629628545075889e+01 1.145434401955767179e+01 7.669773743051186976e+00
7.669773743051186976e+00 7.669773743051186976e+00 7.669773743051186976e+00 1.145434401955767179e+01 1.782192444133020715e+01 2.230133009376205067e+01 3.130935428337785709e+01 4.030108386672020515e+01 5.147059158491578756e+01 6.579273109626237215e+01 6.579273109626237215e+01 7.895148659788326029e+01 7.895148659788326029e+01 7.895148659788326029e+01 7.056676616106132371e+01 5.670891700290884785e+01 4.550903675340295962e+01 4.127383045923090776e+01 2.425629628545075889e+01 1.385402934904240801e+01
7.669773743051186976e+00 7.669773743051186976e+00 1.145434401955767179e+01 1.782192444133020715e+01 2.370973631851044061e+01 3.651403608603006035e+01 5.281416825656229719e+01 6.579273109626237215e+01 7.895148659788326029e+01 8.534971565285978556e+01 9.712023342538320492e+01 1.029133232995054783e+02 1.155890924352501514e+02 9.693757081034097212e+01 9.381744512418984527e+01 8.865565298908497027e+01 7.056676616106132371e+01 5.670891700290884785e+01 4.127383045923090776e+01 2.993339851228013870e+01
7.669773743051186976e+00 1.145434401955767179e+01 1.782192444133020715e+01 2.370973631851044061e+01 3.843342569933732733e+01 5.512186333573885122e+01 7.256765790164263308e+01 8.534971565285978556e+01 1.029133232995054783e+02 1.062741141617055263e+02 1.123088922022128031e+02 1.227757589341093336e+02 1.191982059564460741e+02 1.148563408789531621e+02 1.148563408789531621e+02 1.052296209682614716e+02 9.181800789010860342e+01 8.044558094233042311e+01 6.225553745956391083e+01 4.127383045923090776e+01
1.145434401955767179e+01 1.782192444133020715e+01 2.370973631851044061e+01 3.843342569933732733e+01 5.492241645360281410e+01 7.256765790164263308e+01 8.372905005571021775e+01 1.023134105350499681e+02 1.031533784286101252e+02 1.031533784286101252e+02 1.077570332667440738e+02 1.077570332667440738e+02 1.080134444676395162e+02 1.076187731729475416e+02 1.031533784286101252e+02 9.304352647469031012e+01 9.963137420826450352e+01 8.942582085025777872e+01 7.642422032014707156e+01 5.183861910161405007e+01
1.782192444133020715e+01 2.370973631851044061e+01 3.843342569933732733e+01 5.829088487273489960e+01 7.490984864484023831e+01 8.504311366222469815e+01 8.787408159467743474e+01 9.172957323553241338e+01 8.405717325431048437e+01 7.528404353372417290e+01 7.832164830691115753e+01 8.220659590289818652e+01 8.220659590289818652e+01 8.220659590289818652e+01 7.528404353372417290e+01 7.528404353372417290e+01 8.559466602443458783e+01 8.720103300302864113e+01 8.942582085025777872e+01 6.039662771986459688e+01
2.362840492460527742e+01 3.682971637591379732e+01 5.492241645360281410e+01 7.776069927289179873e+01 9.277285551995845481e+01 9.238562003017075597e+01 8.405717325431048437e+01 7.210207461894525238e+01 5.691659215863049326e+01 5.161769241608489267e+01 5.161769241608489267e+01 5.161769241608489267e+01 5.161769241608489267e+01 4.802619365805641394e+01 4.565131099964873584e+01 5.641302612770700620e+01 7.069382201168895108e+01 8.559466602443458783e+01 8.521802689780558637e+01 6.689666161777921616e+01
2.926793811956777702e+01 4.946452828805954027e+01 7.466671253483463033e+01 9.554254302260538623e+01 1.023134105350499681e+02 8.575386017525627835e+01 7.210207461894525238e+01 5.270336698501158423e+01 3.964832289000969467e+01 2.846196832584900704e+01 2.846196832584900704e+01 2.846196832584900704e+01 2.846196832584900704e+01 2.846196832584900704e+01 2.632977110121945685e+01 3.379616466520789686e+01 5.579125899993440640e+01 7.651879591402023095e+01 7.565950774337534313e+01 6.225553745956391083e+01
4.340961187818322742e+01 6.698836186447763907e+01 9.157916572318288218e+01 1.023134105350499681e+02 9.487503934998413513e+01 7.210207461894525238e+01 5.270336698501158423e+01 3.072861573653916878e+01 2.553674974168561107e+01 1.966194441016790151e+01 1.966194441016790151e+01 9.906778470472637821e+00 9.906778470472637821e+00 1.339227826627730877e+01 2.084820520730038851e+01 2.853193647683530543e+01 5.608088334407401021e+01 7.128003092135391228e+01 7.711052554933600334e+01 6.225553745956391083e+01
5.395828185218518769e+01 7.826262260054674869e+01 1.023134105350499681e+02 9.880250422783942099e+01 8.054866492259111510e+01 5.565155166041154189e+01 3.964832289000969467e+01 2.295191157559921180e+01 1.398769667877241574e+01 9.906778470472637821e+00 9.906778470472637821e+00 7.669773743051186976e+00 7.669773743051186976e+00 1.339227826627730877e+01 2.230133009376205067e+01 3.479976802350768850e+01 5.457845952286930924e+01 7.826262260054674869e+01 7.711052554933600334e+01 6.689666161777921616e+01
6.329601330557650840e+01 8.639458333168954596e+01 9.238562003017075597e+01 8.876694040607027603e+01 6.312925567604649046e+01 4.113552921372583882e+01 2.553674974168561107e+01 1.398769667877241574e+01 7.669773743051186976e+00 7.669773743051186976e+00 7.669773743051186976e+00 7.669773743051186976e+00 7.669773743051186976e+00 1.339227826627730877e+01 2.578301684661517257e+01 4.340961187818322742e+01 6.649968768956051690e+01 8.504311366222469815e+01 8.521802689780558637e+01 6.689666161777921616e+01
7.225732157984663218e+01 9.246757662395572197e+01 9.004563991777052934e+01 7.534674624185434766e+01 4.663605049050162421e+01 2.655699327408255783e+01 1.398769667877241574e+01 7.669773743051186976e+00 7.669773743051186976e+00 7.669773743051186976e+00 7.669773743051186976e+00 7.669773743051186976e+00 1.231896830438697954e+01 2.362840492460527742e+01 3.734713248572933253e+01 6.149719992180443029e+01 8.473706218398866952e+01 8.821999553569314401e+01 8.521802689780558637e+01 6.039662771986459688e+01
7.225732157984663218e+01 9.246757662395572197e+01 9.004563991777052934e+01 6.689666161777921616e+01 4.149739175352067377e+01 2.527062842662988373e+01 1.398769667877241574e+01 7.669773743051186976e+00 7.669773743051186976e+00 7.669773743051186976e+00 1.145434401955767179e+01 1.231896830438697954e+01 2.230133009376205067e+01 3.158377771282566115e+01 5.281416825656229719e+01 7.750798706474442668e+01 9.554254302260538623e+01 9.880250422783942099e+01 8.275179857957216711e+01 5.892012099175287432e+01
7.225732157984663218e+01 9.246757662395572197e+01 8.942582085025777872e+01 6.689666161777921616e+01 4.185368550760254180e+01 2.398047375407438153e+01 1.945034193248892151e+01 1.145434401955767179e+01 1.145434401955767179e+01 1.834196108129141223e+01 2.154397596343022769e+01 2.309587474134727003e+01 3.357755632414892943e+01 5.089368611232229256e+01 7.466671253483463033e+01 9.554254302260538623e+01 1.074584082991475924e+02 9.487503934998413513e+01 6.781148283846803793e+01 4.663605049050162421e+01
7.225732157984663218e+01 9.015822624832007648e+01 9.338880003901110172e+01 7.882841498150284565e+01 6.225553745956391083e+01 4.127383045923090776e+01 3.107087077665966035e+01 2.693091131562714224e+01 2.693091131562714224e+01 3.247755908085073173e+01 3.900909995289547538e+01 4.868519256225252434e+01 5.802503156858293210e+01 7.256765790164263308e+01 9.474746312504508694e+01 1.057781382861092965e+02 1.049626226662352622e+02 8.461010262780149560e+01 5.931909976552539376e+01 3.677348140192260217e+01
6.174292664336643099e+01 8.468950835147873590e+01 9.963137420826450352e+01 9.181800789010860342e+01 7.056676616106132371e+01 5.670891700290884785e+01 4.996947402542061667e+01 4.996947402542061667e+01 5.147059158491578756e+01 5.845093595623667682e+01 6.579273109626237215e+01 7.452410658296818724e+01 8.534971565285978556e+01 9.712023342538320492e+01 1.045626870650377782e+02 1.049626226662352622e+02 9.325902901775285159e+01 6.781148283846803793e+01 4.663605049050162421e+01 2.655699327408255783e+01
4.881672705296045933e+01 7.992423938359198132e+01 9.304352647469031012e+01 1.052296209682614716e+02 9.443594521599244729e+01 8.865565298908497027e+01 7.474645782807657213e+01 7.895148659788326029e+01 7.895148659788326029e+01 8.534971565285978556e+01 9.443594521599244729e+01 9.693757081034097212e+01 1.029133232995054783e+02 1.057781382861092965e+02 1.049626226662352622e+02 9.325902901775285159e+01 7.210207461894525238e+01 4.962800359191603405e+01 3.072861573653916878e+01 1.398769667877241574e+01
3.339411102986181845e+01 5.902676909362240565e+01 8.468950835147873590e+01 9.764740920362447696e+01 9.963137420826450352e+01 1.052296209682614716e+02 9.181800789010860342e+01 9.693757081034097212e+01 1.029133232995054783e+02 1.132497279539650208e+02 1.140617705230831405e+02 1.115259503167220032e+02 1.031533784286101252e+02 9.880250422783942099e+01 9.172957323553241338e+01 7.210207461894525238e+01 5.056827545441539229e+01 3.964832289000969467e+01 2.322676422519901962e+01 1.398769667877241574e+01
2.502642513482237163e+01 4.060654230874157378e+01 5.688312356916659951e+01 7.832164830691115753e+01 8.559466602443458783e+01 9.764740920362447696e+01 9.963137420826450352e+01 9.963137420826450352e+01 9.963137420826450352e+01 1.115259503167220032e+02 1.049626226662352622e+02 9.172957323553241338e+01 8.220659590289818652e+01 8.220659590289818652e+01 6.606404313207930556e+01 4.488947653655188219e+01 3.007228665707719273e+01 2.295191157559921180e+01 1.398769667877241574e+01 7.669773743051186976e+00
1.339227826627730877e+01 2.502642513482237163e+01 3.661064988801934561e+01 4.615819526522459171e+01 6.566320111704312978e+01 7.528404353372417290e+01 7.528404353372417290e+01 7.528404353372417290e+01 7.832164830691115753e+01 8.220659590289818652e+01 8.220659590289818652e+01 6.879057891459382290e+01 5.691659215863049326e+01 5.056827545441539229e+01 3.500695261980242634e+01 2.553674974168561107e+01 2.295191157559921180e+01 1.398769667877241574e+01 7.669773743051186976e+00 7.669773743051186976e+00
