1.102634802058398122e+01 1.102634802058398122e+01 1.102634802058398122e+01 1.102634802058398122e+01 1.102634802058398122e+01 1.102634802058398122e+01 1.102634802058398122e+01 2.309310421590099338e+01 2.811842430184293562e+01 3.793701166723663931e+01 5.626294078842478541e+01 6.579763334965480226e+01 7.451852821981542263e+01 7.198282591695618748e+01 6.056110159603375820e+01 5.410898458048529136e+01 2.993339851228013870e+01 2.202509809513988870e+01 1.265379755481032475e+01 1.102634802058398122e+01
1.102634802058398122e+01 1.102634802058398122e+01 1.102634802058398122e+01 1.102634802058398122e+01 1.102634802058398122e+01 1.231933383901004397e+01 2.309310421590099338e+01 2.926199057811667004e+01 4.269754039655294520e+01 5.724941330558358032e+01 7.252999866777575733e+01 8.362876071596043914e+01 9.071400855637313043e+01 8.934030866358358480e+01 8.044646939677400610e+01 6.759611020901610345e+01 4.189624614473882502e+01 2.772480485986402599e+01 1.833162180841749844e+01 1.102634802058398122e+01
1.102634802058398122e+01 1.102634802058398122e+01 1.102634802058398122e+01 1.102634802058398122e+01 1.513667193724102411e+01 2.309310421590099338e+01 3.268489367900116349e+01 5.019267679600981324e+01 6.838906926871419500e+01 7.219876209308588955e+01 8.787377277449201074e+01 8.963247651229144708e+01 8.963247651229144708e+01 9.076925745594560624e+01 8.934030866358358480e+01 7.642422032014707156e+01 6.117098969109301265e+01 3.629313208269067559e+01 2.202509809513988870e+01 1.265379755481032475e+01
1.102634802058398122e+01 1.102634802058398122e+01 1.102634802058398122e+01 1.231933383901004397e+01 2.309310421590099338e+01 3.268489367900116349e+01 5.019267679600981324e+01 6.838906926871419500e+01 7.348030181061091071e+01 8.108116910307033720e+01 7.205926305131100662e+01 7.246838003695880559e+01 7.022356632614358318e+01 8.319759886978050645e+01 9.304352647469031012e+01 8.525070746989143800e+01 6.727140607513875636e+01 4.186252144182306267e+01 2.202509809513988870e+01 1.265379755481032475e+01
1.102634802058398122e+01 1.102634802058398122e+01 1.102634802058398122e+01 1.898624532192540926e+01 3.000820807729746065e+01 4.530550033778269636e+01 6.649968768956051690e+01 8.339206243609575608e+01 8.092380297832501412e+01 7.375721293122224154e+01 5.527954471478638965e+01 5.216295948627143986e+01 5.640053915948501384e+01 7.910866619247029519e+01 9.304352647469031012e+01 9.004563991777052934e+01 6.727140607513875636e+01 4.835766406425123165e+01 2.472794785231747383e+01 1.265379755481032475e+01
1.102634802058398122e+01 1.102634802058398122e+01 1.102634802058398122e+01 2.353716881851157439e+01 3.658034851036591562e+01 5.660841760517372734e+01 7.502348307834790830e+01 7.630831617099994446e+01 7.037847906674930698e+01 5.527954471478638965e+01 4.010867624457574721e+01 3.147801273453414339e+01 4.280925302017612921e+01 6.246210043024009906e+01 7.953049889747252621e+01 9.004563991777052934e+01 7.616838353962739916e+01 4.844127864275660045e+01 2.707095566904435557e+01 1.265379755481032475e+01
1.102634802058398122e+01 1.102634802058398122e+01 1.102634802058398122e+01 2.353716881851157439e+01 4.046336383232158340e+01 5.886669717737012064e+01 7.287722175912884381e+01 7.375721293122224154e+01 5.563987444374800617e+01 3.965131313538473989e+01 2.553674974168561107e+01 2.298348939317223483e+01 3.952676966911750611e+01 6.246210043024009906e+01 8.128991968125131962e+01 8.385551006633727411e+01 7.580965488031009158e+01 4.844127864275660045e+01 2.655265149463724228e+01 1.265379755481032475e+01
1.102634802058398122e+01 1.102634802058398122e+01 1.102634802058398122e+01 2.349478139652563158e+01 3.187637608557330182e+01 4.423926853106117107e+01 5.300728646725244175e+01 5.027458216561596061e+01 3.965131313538473989e+01 2.553674974168561107e+01 2.094251940520386768e+01 2.298348939317223483e+01 3.952676966911750611e+01 6.054526321191630700e+01 8.128991968125131962e+01 8.385551006633727411e+01 6.857028943235498275e+01 4.330722902903904270e+01 2.472794785231747383e+01 1.265379755481032475e+01
1.102634802058398122e+01 1.102634802058398122e+01 1.102634802058398122e+01 1.837856612832709757e+01 2.820268600374796009e+01 3.618494966177502192e+01 3.724953654301575057e+01 3.005741594250369886e+01 2.521641010348762535e+01 1.779960086878999093e+01 1.634185421879844213e+01 2.578301684661517257e+01 4.446171074136233869e+01 6.769048670333923212e+01 8.339206243609575608e+01 8.092380297832501412e+01 6.249470305031320549e+01 3.829441719014133838e+01 2.351640075703397770e+01 1.265379755481032475e+01
1.102634802058398122e+01 1.102634802058398122e+01 1.102634802058398122e+01 1.102634802058398122e+01 2.199092339112701566e+01 2.184896056595064096e+01 2.199092339112701566e+01 2.094251940520386768e+01 2.248372379540672128e+01 2.229902666551487300e+01 2.288868286889500681e+01 3.432212842065652580e+01 5.895381200244682418e+01 7.827139248787365489e+01 8.380762766584808787e+01 7.580965488031009158e+01 5.428408698336692595e+01 3.081551231548089831e+01 1.779960086878999093e+01 1.102634802058398122e+01
1.102634802058398122e+01 1.102634802058398122e+01 1.102634802058398122e+01 1.102634802058398122e+01 1.634185421879844213e+01 1.963914558162628055e+01 1.963914558162628055e+01 2.444406279689965089e+01 2.642750068688791742e+01 3.048098015137987460e+01 3.793701166723663931e+01 5.543890674501921012e+01 7.252999866777575733e+01 8.639567899659888894e+01 8.525070746989143800e+01 6.857028943235498275e+01 4.622030737355205332e+01 2.472794785231747383e+01 1.265379755481032475e+01 1.102634802058398122e+01
1.102634802058398122e+01 1.102634802058398122e+01 1.102634802058398122e+01 1.231933383901004397e+01 1.930331983906824789e+01 2.516348702404582127e+01 2.841784789956021129e+01 3.642983904764317771e+01 4.415113662703367226e+01 5.383762621459602826e+01 5.802503156858293210e+01 7.938718570011009490e+01 9.132353764593966616e+01 9.315539811725049901e+01 8.219170294450923109e+01 6.418195465324934901e+01 3.883101030727689817e+01 2.368249920005213127e+01 1.265379755481032475e+01 1.102634802058398122e+01
1.102634802058398122e+01 1.102634802058398122e+01 1.513667193724102411e+01 2.309310421590099338e+01 2.841784789956021129e+01 3.771519408976064369e+01 4.851721019693122372e+01 5.626294078842478541e+01 6.579763334965480226e+01 8.067998883270382748e+01 8.976421542296367306e+01 1.029133232995054783e+02 1.031406667960473271e+02 1.043194840664385339e+02 8.274219550687182334e+01 5.428408698336692595e+01 3.300496890800970817e+01 1.983873523133995675e+01 1.265379755481032475e+01 1.102634802058398122e+01
1.102634802058398122e+01 1.102634802058398122e+01 2.309310421590099338e+01 3.268489367900116349e+01 4.851721019693122372e+01 5.802503156858293210e+01 6.579763334965480226e+01 7.894930483408020905e+01 8.587525946710633207e+01 9.776237126100710384e+01 1.118684825309559301e+02 1.141578737490830804e+02 1.101813018260206007e+02 9.460211055651086554e+01 7.532092102791585830e+01 4.663605049050162421e+01 2.655265149463724228e+01 1.265379755481032475e+01 1.102634802058398122e+01 1.102634802058398122e+01
1.102634802058398122e+01 1.898624532192540926e+01 2.770109289207225345e+01 4.727197102278319107e+01 6.406487133881421414e+01 7.938718570011009490e+01 8.294311872770731497e+01 8.882555568967572412e+01 9.550758178772012741e+01 1.128665915604702690e+02 1.162742023386095127e+02 1.161476418399480366e+02 1.012120714734326157e+02 8.346867900692990361e+01 5.501292269384383360e+01 3.284898276310684651e+01 2.368249920005213127e+01 1.265379755481032475e+01 1.102634802058398122e+01 1.102634802058398122e+01
1.102634802058398122e+01 2.089100076946766649e+01 3.289131668065730452e+01 5.462287036547145647e+01 8.250873815903135267e+01 9.697735866467671428e+01 9.338880003901110172e+01 9.181800789010860342e+01 9.550758178772012741e+01 1.100840658490610338e+02 1.101813018260206007e+02 1.012120714734326157e+02 8.346867900692990361e+01 5.938846681289650320e+01 3.965131313538473989e+01 2.553674974168561107e+01 1.779960086878999093e+01 1.265379755481032475e+01 1.102634802058398122e+01 1.102634802058398122e+01
1.102634802058398122e+01 2.089100076946766649e+01 3.952676966911750611e+01 6.054526321191630700e+01 8.950427893524502565e+01 1.018012584202381561e+02 1.052769921254406427e+02 9.181800789010860342e+01 9.697735866467671428e+01 1.018012584202381561e+02 1.002400596103037600e+02 8.856904171291544969e+01 6.568058789421790777e+01 4.292958783930021838e+01 2.553674974168561107e+01 1.779960086878999093e+01 1.265379755481032475e+01 1.102634802058398122e+01 1.102634802058398122e+01 1.102634802058398122e+01
1.102634802058398122e+01 2.089100076946766649e+01 3.763479976630730306e+01 5.579125899993440640e+01 8.570441209213987577e+01 9.764740920362447696e+01 1.052769921254406427e+02 9.946283102658225062e+01 9.909308497485466205e+01 9.456988625243440083e+01 9.172957323553241338e+01 7.296510339877983142e+01 4.683490665424223209e+01 3.166021496948101444e+01 1.983873523133995675e+01 1.265379755481032475e+01 1.102634802058398122e+01 1.102634802058398122e+01 1.102634802058398122e+01 1.102634802058398122e+01
1.102634802058398122e+01 1.837856612832709757e+01 2.749142178355513977e+01 4.847883498401814961e+01 6.330589184024300664e+01 8.559466602443458783e+01 9.742630944814564486e+01 9.856492053074865112e+01 8.963247651229144708e+01 8.654024352948380283e+01 6.606404313207930556e+01 4.962800359191603405e+01 3.284898276310684651e+01 2.351640075703397770e+01 1.265379755481032475e+01 1.102634802058398122e+01 1.102634802058398122e+01 1.102634802058398122e+01 1.102634802058398122e+01 1.102634802058398122e+01
1.102634802058398122e+01 1.102634802058398122e+01 2.349478139652563158e+01 3.187637608557330182e+01 4.880211454508854274e+01 6.330589184024300664e+01 7.661949822627201456e+01 7.893253801936874936e+01 6.879477601636341433e+01 5.691762766944562912e+01 4.580884122987190921e+01 3.558234291961488793e+01 2.521641010348762535e+01 1.265379755481032475e+01 1.102634802058398122e+01 1.102634802058398122e+01 1.102634802058398122e+01 1.102634802058398122e+01 1.102634802058398122e+01 1.102634802058398122e+01
