1.141832421529760921e+01 1.141832421529760921e+01 1.141832421529760921e+01 1.141832421529760921e+01 1.141832421529760921e+01 1.141832421529760921e+01 1.141832421529760921e+01 1.141832421529760921e+01 1.231036378539435283e+01 1.231036378539435283e+01 1.231036378539435283e+01 1.231036378539435283e+01 1.231036378539435283e+01 1.834209446069583294e+01 2.157274991256413799e+01 2.157274991256413799e+01 2.841784789956021129e+01 3.048098015137987460e+01 3.245857210670692439e+01 3.040362780818628607e+01
1.141832421529760921e+01 1.141832421529760921e+01 1.141832421529760921e+01 1.141832421529760921e+01 1.141832421529760921e+01 1.141832421529760921e+01 1.231036378539435283e+01 1.231036378539435283e+01 1.231036378539435283e+01 2.157274991256413799e+01 2.309587474134727003e+01 2.841784789956021129e+01 3.048098015137987460e+01 3.245857210670692439e+01 3.245857210670692439e+01 3.642236311279651062e+01 3.642236311279651062e+01 4.996947402542061667e+01 5.417325249672368415e+01 5.371416915998445774e+01
1.141832421529760921e+01 1.141832421529760921e+01 1.141832421529760921e+01 1.141832421529760921e+01 1.141832421529760921e+01 1.141832421529760921e+01 1.231036378539435283e+01 1.782192444133020715e+01 2.309587474134727003e+01 3.127056633244209038e+01 3.900909995289547538e+01 4.996947402542061667e+01 4.996947402542061667e+01 5.417325249672368415e+01 5.846124633795844261e+01 5.846124633795844261e+01 5.846124633795844261e+01 7.219886583109624212e+01 7.219886583109624212e+01 7.156330909665422269e+01
1.141832421529760921e+01 1.141832421529760921e+01 1.141832421529760921e+01 1.141832421529760921e+01 1.141832421529760921e+01 1.141832421529760921e+01 1.298516912737856188e+01 2.266105070400924859e+01 3.352959620613584235e+01 4.269017772574038361e+01 5.492241645360281410e+01 7.340670561421930529e+01 7.219886583109624212e+01 7.219886583109624212e+01 7.219886583109624212e+01 7.145327296582094334e+01 8.062369514629898504e+01 7.946000689712150233e+01 7.946000689712150233e+01 7.193303199797772152e+01
1.141832421529760921e+01 1.141832421529760921e+01 1.141832421529760921e+01 1.141832421529760921e+01 1.141832421529760921e+01 1.231036378539435283e+01 1.543240308788162096e+01 2.647703312799494313e+01 3.971400771320994494e+01 6.183218738583511254e+01 7.683501484104564838e+01 7.946000689712150233e+01 7.946000689712150233e+01 7.946000689712150233e+01 7.567539521529837998e+01 7.567539521529837998e+01 7.193303199797772152e+01 7.193303199797772152e+01 6.283199802544158530e+01 5.053738753611506240e+01
1.141832421529760921e+01 1.141832421529760921e+01 1.141832421529760921e+01 1.141832421529760921e+01 1.231036378539435283e+01 1.231036378539435283e+01 2.366907062155785724e+01 3.352959620613584235e+01 4.789611411850530232e+01 5.886811550131682935e+01 7.285596101788519263e+01 7.285596101788519263e+01 7.528404353372417290e+01 7.193303199797772152e+01 5.053738753611506240e+01 5.053738753611506240e+01 5.053738753611506240e+01 4.390270683950517849e+01 3.833155006332606973e+01 3.608651300011496943e+01
1.141832421529760921e+01 1.141832421529760921e+01 1.141832421529760921e+01 1.141832421529760921e+01 1.231036378539435283e+01 2.228844212761229926e+01 3.158377771282566115e+01 4.269017772574038361e+01 5.512186333573885122e+01 5.641302612770700620e+01 5.270336698501158423e+01 4.390270683950517849e+01 4.390270683950517849e+01 4.390270683950517849e+01 3.833155006332606973e+01 3.833155006332606973e+01 2.972823253034478697e+01 2.892115245344225016e+01 2.296461272706956080e+01 2.296461272706956080e+01
1.141832421529760921e+01 1.141832421529760921e+01 1.141832421529760921e+01 1.231036378539435283e+01 1.543240308788162096e+01 2.926793811956777702e+01 4.269017772574038361e+01 6.183218738583511254e+01 7.219886583109624212e+01 5.677503151627082900e+01 4.011577911096748750e+01 2.892115245344225016e+01 2.510254425957450408e+01 2.510254425957450408e+01 2.296461272706956080e+01 2.296461272706956080e+01 1.760688012035225825e+01 1.268114765124931154e+01 1.339806016631762731e+01 1.339806016631762731e+01
1.141832421529760921e+01 1.141832421529760921e+01 1.141832421529760921e+01 1.231036378539435283e+01 2.228844212761229926e+01 3.734713248572933253e+01 5.728803149082794732e+01 7.219886583109624212e+01 7.156330909665422269e+01 5.546828132254351118e+01 3.656284918847273246e+01 2.349588633926480696e+01 1.268114765124931154e+01 1.339806016631762731e+01 1.339806016631762731e+01 1.339806016631762731e+01 1.268114765124931154e+01 1.141832421529760921e+01 1.141832421529760921e+01 1.141832421529760921e+01
1.141832421529760921e+01 1.141832421529760921e+01 1.141832421529760921e+01 1.298516912737856188e+01 2.534931008492736382e+01 4.534330265761054335e+01 6.769048670333923212e+01 7.946000689712150233e+01 7.321789376894894019e+01 5.185884313904862353e+01 3.524179634635719793e+01 1.268114765124931154e+01 1.141832421529760921e+01 1.141832421529760921e+01 1.141832421529760921e+01 1.141832421529760921e+01 1.141832421529760921e+01 1.141832421529760921e+01 1.141832421529760921e+01 1.141832421529760921e+01
1.141832421529760921e+01 1.141832421529760921e+01 1.141832421529760921e+01 1.701099804544845639e+01 2.534931008492736382e+01 4.592014568906432004e+01 6.769048670333923212e+01 7.946000689712150233e+01 6.624791955286849543e+01 5.185884313904862353e+01 2.835345671889059105e+01 1.268114765124931154e+01 1.141832421529760921e+01 1.141832421529760921e+01 1.141832421529760921e+01 1.141832421529760921e+01 1.141832421529760921e+01 1.141832421529760921e+01 1.141832421529760921e+01 1.141832421529760921e+01
1.141832421529760921e+01 1.141832421529760921e+01 1.141832421529760921e+01 1.701099804544845639e+01 2.592811271369230397e+01 4.592014568906432004e+01 6.166373062766477631e+01 7.285596101788519263e+01 6.624791955286849543e+01 5.007174971009894904e+01 2.835345671889059105e+01 1.385402934904240801e+01 1.141832421529760921e+01 1.141832421529760921e+01 1.141832421529760921e+01 1.141832421529760921e+01 1.141832421529760921e+01 1.141832421529760921e+01 1.141832421529760921e+01 1.141832421529760921e+01
1.141832421529760921e+01 1.141832421529760921e+01 1.141832421529760921e+01 1.339806016631762731e+01 2.389921521715582386e+01 3.339411102986181845e+01 4.881672705296045933e+01 5.641302612770700620e+01 4.640402696320631293e+01 5.007174971009894904e+01 3.323541504759940324e+01 2.273445031699447583e+01 1.141832421529760921e+01 1.141832421529760921e+01 1.141832421529760921e+01 1.141832421529760921e+01 1.141832421529760921e+01 1.141832421529760921e+01 1.141832421529760921e+01 1.141832421529760921e+01
1.141832421529760921e+01 1.231036378539435283e+01 1.231036378539435283e+01 1.141832421529760921e+01 1.701099804544845639e+01 2.748235404682018412e+01 3.339411102986181845e+01 4.881672705296045933e+01 4.834206340531631696e+01 3.917779763357049205e+01 2.896260145246757745e+01 2.349588633926480696e+01 1.268114765124931154e+01 1.141832421529760921e+01 1.141832421529760921e+01 1.141832421529760921e+01 1.141832421529760921e+01 1.141832421529760921e+01 1.141832421529760921e+01 1.141832421529760921e+01
1.231036378539435283e+01 1.231036378539435283e+01 1.834209446069583294e+01 1.733073455319128442e+01 1.432220575057279888e+01 1.869380226940997503e+01 2.748235404682018412e+01 3.494163932954245411e+01 4.089769946976599613e+01 4.011577911096748750e+01 2.954167519408489184e+01 2.349588633926480696e+01 1.268114765124931154e+01 1.141832421529760921e+01 1.141832421529760921e+01 1.141832421529760921e+01 1.141832421529760921e+01 1.141832421529760921e+01 1.141832421529760921e+01 1.141832421529760921e+01
1.782192444133020715e+01 2.157274991256413799e+01 2.453370761494618435e+01 2.433038777466732228e+01 2.433038777466732228e+01 2.157274991256413799e+01 2.916780183301475304e+01 3.494163932954245411e+01 4.592014568906432004e+01 3.871134169956698656e+01 3.323541504759940324e+01 2.349588633926480696e+01 1.268114765124931154e+01 1.141832421529760921e+01 1.141832421529760921e+01 1.141832421529760921e+01 1.141832421529760921e+01 1.141832421529760921e+01 1.141832421529760921e+01 1.141832421529760921e+01
2.266105070400924859e+01 2.647703312799494313e+01 3.203352987897793724e+01 3.733481375161598947e+01 3.733481375161598947e+01 3.245857210670692439e+01 3.642236311279651062e+01 5.512186333573885122e+01 5.846124633795844261e+01 5.007174971009894904e+01 3.871134169956698656e+01 2.349588633926480696e+01 1.268114765124931154e+01 1.141832421529760921e+01 1.141832421529760921e+01 1.141832421529760921e+01 1.141832421529760921e+01 1.141832421529760921e+01 1.141832421529760921e+01 1.141832421529760921e+01
2.389921521715582386e+01 2.916780183301475304e+01 4.269017772574038361e+01 5.294834624141545731e+01 5.846124633795844261e+01 5.672154433992510292e+01 5.846124633795844261e+01 7.219886583109624212e+01 7.156330909665422269e+01 5.007174971009894904e+01 3.886163885800823437e+01 2.469940237281809559e+01 1.268114765124931154e+01 1.141832421529760921e+01 1.141832421529760921e+01 1.141832421529760921e+01 1.141832421529760921e+01 1.141832421529760921e+01 1.141832421529760921e+01 1.141832421529760921e+01
2.389921521715582386e+01 3.494163932954245411e+01 4.592014568906432004e+01 6.971853333699193911e+01 7.145327296582094334e+01 7.145327296582094334e+01 8.062369514629898504e+01 7.946000689712150233e+01 7.321789376894894019e+01 5.307891360379590395e+01 3.432091669416706736e+01 2.349588633926480696e+01 1.268114765124931154e+01 1.141832421529760921e+01 1.141832421529760921e+01 1.141832421529760921e+01 1.141832421529760921e+01 1.141832421529760921e+01 1.141832421529760921e+01 1.141832421529760921e+01
1.701099804544845639e+01 2.748235404682018412e+01 4.592014568906432004e+01 6.166373062766477631e+01 7.285596101788519263e+01 7.946000689712150233e+01 7.567539521529837998e+01 7.193303199797772152e+01 5.565155166041154189e+01 4.289287425567656697e+01 2.527755606566381985e+01 1.268114765124931154e+01 1.141832421529760921e+01 1.141832421529760921e+01 1.141832421529760921e+01 1.141832421529760921e+01 1.141832421529760921e+01 1.141832421529760921e+01 1.141832421529760921e+01 1.141832421529760921e+01
