1.210639152220601478e+00 1.389611957581560198e+00 1.389611957581560198e+00 1.486901096129977340e+00 1.424713535004778153e+00 4.187183093749625584e+01 4.187183093749625584e+01 7.867319395615963629e+01 4.567262306759756996e+01 1.572010446177020793e+00 1.505955625955174515e+00 1.420264849476479574e+00 1.088012546557757254e+00 7.929667924424613767e-01 1.247064098548694711e+00 1.376805112332250891e+00 1.387317115331792028e+00 1.387317115331792028e+00 1.387317115331792028e+00 1.387317115331792028e+00
1.184489755918717746e+00 1.088012546557757254e+00 1.505955625955174515e+00 1.424713535004778153e+00 4.385183170792616636e+01 1.274727187652165412e+02 8.522470293539879549e+01 6.305339076657273267e+01 5.608863671060059630e+01 3.746987263688904335e+00 1.572010446177020793e+00 1.505955625955174515e+00 1.088012546557757254e+00 1.041912591481560568e+00 8.799484350806676680e-01 8.194637775137491031e-01 1.389611957581560198e+00 1.389611957581560198e+00 1.389611957581560198e+00 1.389611957581560198e+00
1.219432676772934654e+00 1.559725071308526800e+01 1.104246362679792703e+01 6.355425149825219933e+01 5.608863671060059630e+01 4.006573563599202714e+01 4.685484925577176796e+01 3.670716319662184901e+01 1.713851666243001004e+00 1.651591775012920316e+00 1.651591775012920316e+00 1.376805112332250891e+00 1.387317115331792028e+00 1.029751765900189353e+00 7.929667924424613767e-01 7.929667924424613767e-01 8.275293500523792645e-01 8.275293500523792645e-01 8.275293500523792645e-01 8.799484350806676680e-01
1.453419187518271594e+00 1.713851666243001004e+00 2.039670772140172161e+01 3.393620561143087144e+01 1.376805112332250891e+00 1.725850874895348941e+00 1.713851666243001004e+00 1.713851666243001004e+00 8.194637775137491031e-01 3.660389118620744142e+01 1.651591775012920316e+00 1.376805112332250891e+00 1.420264849476479574e+00 1.192872812303656493e+00 1.029751765900189353e+00 7.929667924424613767e-01 7.929667924424613767e-01 7.929667924424613767e-01 7.929667924424613767e-01 8.275293500523792645e-01
1.723274296545236339e+00 1.116646860962000432e+01 1.618000300284643700e+00 1.539822482254066704e+00 1.704811188160465507e+00 1.668985090247356640e+00 1.649450794251297481e+00 1.505955625955174515e+00 1.739782124245339068e+00 7.774111236709771333e+01 1.651591775012920316e+00 1.381511869361276901e+00 1.247064098548694711e+00 1.183977265424331238e+00 1.029751765900189353e+00 1.372412930662756603e+00 1.618000300284643700e+00 1.458926882373738687e+00 1.029751765900189353e+00 8.275293500523792645e-01
1.739782124245339068e+00 1.192872812303656493e+00 1.227766707674468272e+00 1.467420236836313618e+00 1.467420236836313618e+00 1.486901096129977340e+00 1.424713535004778153e+00 1.104246362679792703e+01 8.669826862958356628e+01 1.620609266168906970e+02 1.252215593997238443e+02 1.572010446177020793e+00 1.193931229416546058e+00 1.193931229416546058e+00 1.193931229416546058e+00 1.219432676772934654e+00 1.712137505363503065e+00 1.505955625955174515e+00 1.387317115331792028e+00 1.029751765900189353e+00
1.612386125062475362e+00 1.420264849476479574e+00 1.247064098548694711e+00 1.247064098548694711e+00 1.192872812303656493e+00 1.543729889934378097e+00 5.036829051992705075e+01 1.083290929592428427e+02 1.579323710028377548e+02 1.638639346032065021e+02 1.595015330199970265e+02 7.867319395615963629e+01 2.008636780975051828e+00 1.505955625955174515e+00 1.389611957581560198e+00 1.505955625955174515e+00 1.691919853496202997e+00 1.539822482254066704e+00 1.376805112332250891e+00 1.184489755918717746e+00
1.424351470704003475e+00 1.372412930662756603e+00 1.193931229416546058e+00 1.247064098548694711e+00 1.184489755918717746e+00 1.519809231155513585e+00 4.289190360969305260e+01 1.019695740816321177e+02 1.230557530324096120e+02 1.495904105317321751e+02 1.276865156037861198e+02 1.274727187652165412e+02 6.305339076657273267e+01 4.567262306759756996e+01 6.305339076657273267e+01 2.008636780975051828e+00 1.503913736818593749e+00 1.685770120633136360e+00 1.381511869361276901e+00 1.420264849476479574e+00
1.247064098548694711e+00 1.376805112332250891e+00 1.259980764519020857e+00 1.387317115331792028e+00 1.376805112332250891e+00 1.420264849476479574e+00 1.723274296545236339e+00 4.370246988271712496e+01 4.370246988271712496e+01 6.642368617169765344e+01 3.670716319662184901e+01 5.433388249685651061e+01 3.744664548195469678e+01 1.713851666243001004e+00 4.282040186413215821e+01 6.305339076657273267e+01 3.746987263688904335e+00 1.618000300284643700e+00 1.559734512072415757e+00 1.505955625955174515e+00
1.219432676772934654e+00 1.247064098548694711e+00 1.247064098548694711e+00 1.219432676772934654e+00 1.219432676772934654e+00 1.184489755918717746e+00 1.465856837589404549e+00 1.989500886307329353e+00 1.725850874895348941e+00 1.725850874895348941e+00 1.725850874895348941e+00 1.618000300284643700e+00 1.713851666243001004e+00 1.713851666243001004e+00 4.891711749614450433e+00 1.278023346290269657e+01 1.289252133437348213e+01 1.651591775012920316e+00 1.572010446177020793e+00 1.614938673901893829e+00
1.247064098548694711e+00 1.219432676772934654e+00 1.192872812303656493e+00 1.183977265424331238e+00 1.184489755918717746e+00 1.183977265424331238e+00 1.844177061917319449e+00 1.918944062609294621e+00 1.860508047975898860e+00 1.860508047975898860e+00 1.618000300284643700e+00 1.559734512072415757e+00 1.552502558760601836e+00 1.669648496251247893e+00 1.458926882373738687e+00 1.713851666243001004e+00 1.176402450093635821e+01 1.651591775012920316e+00 1.477343376944341591e+00 1.612386125062475362e+00
1.247064098548694711e+00 1.184489755918717746e+00 1.088012546557757254e+00 1.247064098548694711e+00 1.088012546557757254e+00 1.184489755918717746e+00 1.519809231155513585e+00 1.713851666243001004e+00 1.860508047975898860e+00 1.844177061917319449e+00 1.860508047975898860e+00 1.739782124245339068e+00 1.420264849476479574e+00 1.465121978560540494e+00 1.376805112332250891e+00 1.387317115331792028e+00 1.713851666243001004e+00 1.467420236836313618e+00 1.572010446177020793e+00 1.453301184925287481e+00
1.219432676772934654e+00 1.219432676772934654e+00 1.041912591481560568e+00 1.041912591481560568e+00 1.184489755918717746e+00 1.387317115331792028e+00 1.467420236836313618e+00 1.616491159975947722e+00 1.612386125062475362e+00 1.543729889934378097e+00 1.577818801921960779e+00 1.612386125062475362e+00 1.420264849476479574e+00 1.458926882373738687e+00 1.376805112332250891e+00 1.387317115331792028e+00 1.612386125062475362e+00 6.952507370188104829e+00 1.651591775012920316e+00 1.651591775012920316e+00
1.183977265424331238e+00 1.376805112332250891e+00 1.029751765900189353e+00 1.376805112332250891e+00 1.041912591481560568e+00 1.387317115331792028e+00 1.499262358286829633e+00 1.458926882373738687e+00 1.420264849476479574e+00 1.387317115331792028e+00 1.428638813283731324e+00 1.465331695658469213e+00 1.453301184925287481e+00 1.458926882373738687e+00 1.389611957581560198e+00 1.420264849476479574e+00 1.420264849476479574e+00 1.543729889934378097e+00 1.651591775012920316e+00 1.428638813283731324e+00
1.376805112332250891e+00 1.372412930662756603e+00 1.193931229416546058e+00 1.193931229416546058e+00 1.193931229416546058e+00 1.389611957581560198e+00 1.503913736818593749e+00 1.503913736818593749e+00 1.499262358286829633e+00 1.376805112332250891e+00 1.420264849476479574e+00 1.420264849476479574e+00 1.567251086698256746e+00 1.505955625955174515e+00 1.381511869361276901e+00 1.453419187518271594e+00 1.505955625955174515e+00 1.970498582547777389e+01 1.651591775012920316e+00 1.736323393251412828e+00
8.194637775137491031e-01 1.184489755918717746e+00 1.505955625955174515e+00 1.424713535004778153e+00 2.602848582009876566e+00 1.424713535004778153e+00 3.985506977989000887e+01 2.008636780975051828e+00 1.505955625955174515e+00 1.389611957581560198e+00 1.389611957581560198e+00 1.389611957581560198e+00 1.503913736818593749e+00 1.503913736818593749e+00 1.505955625955174515e+00 1.505955625955174515e+00 2.737958951286025666e+01 3.660389118620744142e+01 1.618000300284643700e+00 1.247064098548694711e+00
1.041912591481560568e+00 1.210639152220601478e+00 1.505955625955174515e+00 1.612386125062475362e+00 1.713851666243001004e+00 2.583761228015975675e+01 6.305339076657273267e+01 4.567262306759756996e+01 4.187183093749625584e+01 4.567262306759756996e+01 4.187183093749625584e+01 5.348083864561633760e+01 2.602848582009876566e+00 1.424713535004778153e+00 2.602848582009876566e+00 1.104246362679792703e+01 6.355425149825219933e+01 2.213274376413604116e+01 1.447759880441468416e+00 8.799484350806676680e-01
7.929667924424613767e-01 1.041912591481560568e+00 8.799484350806676680e-01 8.194637775137491031e-01 1.263652276928069362e+00 1.713851666243001004e+00 3.670716319662184901e+01 1.713851666243001004e+00 5.905682968473647065e+01 8.522470293539879549e+01 1.024803485571181909e+02 6.305339076657273267e+01 6.305339076657273267e+01 6.305339076657273267e+01 6.305339076657273267e+01 6.355425149825219933e+01 5.608863671060059630e+01 1.704811188160465507e+00 8.799484350806676680e-01 8.194637775137491031e-01
8.275293500523792645e-01 8.275293500523792645e-01 7.929667924424613767e-01 8.275293500523792645e-01 8.194637775137491031e-01 8.194637775137491031e-01 8.194637775137491031e-01 8.194637775137491031e-01 1.713851666243001004e+00 3.670716319662184901e+01 3.670716319662184901e+01 5.905682968473647065e+01 9.084583634297523247e+01 2.039670772140172161e+01 4.006573563599202714e+01 3.980840092209932379e+01 1.618000300284643700e+00 8.799484350806676680e-01 8.799484350806676680e-01 8.275293500523792645e-01
1.376805112332250891e+00 1.376805112332250891e+00 7.929667924424613767e-01 8.799484350806676680e-01 8.194637775137491031e-01 7.929667924424613767e-01 1.376805112332250891e+00 1.376805112332250891e+00 8.194637775137491031e-01 1.376805112332250891e+00 8.799484350806676680e-01 8.194637775137491031e-01 1.713851666243001004e+00 1.467420236836313618e+00 2.851247380433852729e+00 1.376805112332250891e+00 1.752300555163689655e+00 8.799484350806676680e-01 8.194637775137491031e-01 1.376805112332250891e+00
