1.387317115331792028e+00 1.387317115331792028e+00 1.420264849476479574e+00 1.041912591481560568e+00 7.929667924424613767e-01 1.386032967653833214e+00 1.424713535004778153e+00 1.041912591481560568e+00 1.065758935661741846e+00 1.545927694106723704e+00 1.520915860855592605e+00 1.549835168263192786e+00 1.155024761676956446e+00 1.088012546557757254e+00 1.227766707674468272e+00 1.376805112332250891e+00 1.247064098548694711e+00 1.155024761676956446e+00 1.184277813070984342e+00 1.088012546557757254e+00
1.387317115331792028e+00 1.420264849476479574e+00 1.505955625955174515e+00 1.192872812303656493e+00 7.929667924424613767e-01 1.376805112332250891e+00 1.016275563087950751e+00 1.041912591481560568e+00 1.193931229416546058e+00 1.386032967653833214e+00 1.386032967653833214e+00 1.505955625955174515e+00 1.193931229416546058e+00 1.193931229416546058e+00 1.193931229416546058e+00 1.386032967653833214e+00 1.193931229416546058e+00 1.193931229416546058e+00 1.088012546557757254e+00 1.088012546557757254e+00
1.386032967653833214e+00 1.386032967653833214e+00 1.029751765900189353e+00 8.275293500523792645e-01 1.088012546557757254e+00 1.193931229416546058e+00 1.386032967653833214e+00 1.424713535004778153e+00 4.534254742368788271e+01 6.768862682073961423e+01 6.768862682073961423e+01 8.410100337358655054e+01 4.282040186413215821e+01 4.282040186413215821e+01 4.282040186413215821e+01 6.768862682073961423e+01 6.768862682073961423e+01 2.008636780975051828e+00 1.505955625955174515e+00 1.193931229416546058e+00
1.041912591481560568e+00 8.275293500523792645e-01 8.275293500523792645e-01 1.041912591481560568e+00 1.424713535004778153e+00 4.534254742368788271e+01 9.798816819033650916e+01 1.077487239664430803e+02 1.664142389863376650e+02 1.664142389863376650e+02 1.665474644541448583e+02 1.500180256230473219e+02 1.500180256230473219e+02 1.655995863236842638e+02 1.500180256230473219e+02 1.500180256230473219e+02 1.252215593997238443e+02 1.252215593997238443e+02 1.545927694106723704e+00 1.376805112332250891e+00
1.029751765900189353e+00 1.029751765900189353e+00 7.929667924424613767e-01 1.543729889934378097e+00 1.104471513569665859e+02 1.664142389863376650e+02 1.664142389863376650e+02 1.665474644541448583e+02 1.655995863236842638e+02 1.659997423171993205e+02 1.657832046562924688e+02 1.665474644541448583e+02 1.663612884833478063e+02 1.664218353935301309e+02 1.495904105317321751e+02 1.657822907201537248e+02 1.636419541190276448e+02 1.461392804098372551e+02 1.031557607456119285e+01 1.545927694106723704e+00
1.387317115331792028e+00 1.016275563087950751e+00 1.088012546557757254e+00 8.669826862958356628e+01 1.657832046562924688e+02 1.665474644541448583e+02 1.663612884833478063e+02 1.664218353935301309e+02 1.387401141858892117e+02 1.115120867170807628e+02 1.115120867170807628e+02 1.115120867170807628e+02 1.387401141858892117e+02 6.706932911946690012e+01 4.370246988271712496e+01 1.216789091809828705e+02 1.636419541190276448e+02 1.599063461140093807e+02 1.252215593997238443e+02 1.545927694106723704e+00
1.359072119502097831e+00 1.549835168263192786e+00 1.970498582547777389e+01 1.547363901334387606e+02 1.666569106348746914e+02 1.663612884833478063e+02 1.664218353935301309e+02 1.539822482254066704e+00 1.387317115331792028e+00 1.713851666243001004e+00 1.989500886307329353e+00 1.713736493186578613e+00 1.539822482254066704e+00 1.376805112332250891e+00 1.520915860855592605e+00 1.387317115331792028e+00 1.713851666243001004e+00 1.114752664675644525e+02 1.635510768782949356e+02 1.031557607456119285e+01
1.505955625955174515e+00 1.543729889934378097e+00 8.669826862958356628e+01 1.635186747104304459e+02 1.659997423171993205e+02 1.387401141858892117e+02 1.573991048200984011e+00 1.559734512072415757e+00 1.376805112332250891e+00 1.465856837589404549e+00 1.989500886307329353e+00 1.698121925066955029e+00 1.520915860855592605e+00 1.545927694106723704e+00 1.376805112332250891e+00 1.387317115331792028e+00 1.713851666243001004e+00 6.320562403593707046e+01 1.030418003508571445e+02 1.545927694106723704e+00
1.543729889934378097e+00 4.429825061473335523e+01 1.615310368925458420e+02 1.620609266168906970e+02 1.611336678015371149e+02 1.573991048200984011e+00 1.376805112332250891e+00 1.376805112332250891e+00 1.387317115331792028e+00 1.424351470704003475e+00 1.573991048200984011e+00 1.577818801921960779e+00 1.549835168263192786e+00 1.378501574633052451e+00 1.386032967653833214e+00 1.247064098548694711e+00 1.192872812303656493e+00 1.713851666243001004e+00 1.030418003508571445e+02 3.593988602231331697e+01
1.505955625955174515e+00 8.669826862958356628e+01 1.535104094754648543e+02 1.655272499856333468e+02 4.506360621132839128e+01 1.447759880441468416e+00 1.420264849476479574e+00 1.386032967653833214e+00 1.192872812303656493e+00 1.461945197618328640e+00 1.545927694106723704e+00 1.520915860855592605e+00 1.549835168263192786e+00 1.505955625955174515e+00 1.549835168263192786e+00 1.065758935661741846e+00 1.088012546557757254e+00 1.700793118262584258e+01 1.713851666243001004e+00 1.289252133437348213e+01
1.543729889934378097e+00 4.505760695901905422e+01 5.583970792858973198e+01 1.636419541190276448e+02 1.376805112332250891e+00 1.376805112332250891e+00 1.155024761676956446e+00 1.065758935661741846e+00 1.088012546557757254e+00 1.088012546557757254e+00 1.386032967653833214e+00 1.545927694106723704e+00 1.520915860855592605e+00 1.549835168263192786e+00 1.065758935661741846e+00 1.088012546557757254e+00 1.041912591481560568e+00 1.581748143440638188e+01 4.099225301703379643e+01 6.462470530261282420e+01
1.183977265424331238e+00 1.700793118262584258e+01 4.506360621132839128e+01 1.376805112332250891e+00 1.376805112332250891e+00 1.247064098548694711e+00 1.193931229416546058e+00 1.088012546557757254e+00 1.041912591481560568e+00 1.041912591481560568e+00 8.275293500523792645e-01 1.545927694106723704e+00 1.227766707674468272e+00 1.549835168263192786e+00 1.088012546557757254e+00 1.041912591481560568e+00 1.088012546557757254e+00 1.970498582547777389e+01 7.309198696988558197e+01 1.014572679778440261e+02
1.183977265424331238e+00 1.581748143440638188e+01 1.545927694106723704e+00 1.376805112332250891e+00 1.378501574633052451e+00 1.453419187518271594e+00 1.442365982927015677e+00 1.041912591481560568e+00 8.275293500523792645e-01 8.275293500523792645e-01 7.929667924424613767e-01 7.929667924424613767e-01 1.041912591481560568e+00 1.193931229416546058e+00 1.088012546557757254e+00 1.088012546557757254e+00 1.970498582547777389e+01 1.154949942904592035e+02 1.289203340815529657e+02 8.522470293539879549e+01
1.088012546557757254e+00 4.256710811915027648e+01 5.776896181887620685e+01 2.008636780975051828e+00 1.505955625955174515e+00 1.381511869361276901e+00 1.505955625955174515e+00 1.713851666243001004e+00 7.929667924424613767e-01 1.041912591481560568e+00 1.193931229416546058e+00 1.386032967653833214e+00 1.397132981761514792e+00 2.008636780975051828e+00 1.386032967653833214e+00 9.798816819033650916e+01 1.664142389863376650e+02 1.591420615232930516e+02 9.794337188740873046e+01 1.545927694106723704e+00
8.275293500523792645e-01 8.669826862958356628e+01 1.657832046562924688e+02 1.628977513013650480e+02 1.252215593997238443e+02 6.768862682073961423e+01 1.505955625955174515e+00 1.193931229416546058e+00 1.386032967653833214e+00 1.424713535004778153e+00 4.534254742368788271e+01 8.410100337358655054e+01 1.077582321730176318e+02 6.768862682073961423e+01 1.664142389863376650e+02 1.630748637449080718e+02 1.635523260252248292e+02 1.636419541190276448e+02 1.573991048200984011e+00 1.447759880441468416e+00
1.519809231155513585e+00 4.505760695901905422e+01 1.452121984232830982e+02 1.657832046562924688e+02 1.664142389863376650e+02 1.665474644541448583e+02 1.252215593997238443e+02 6.768862682073961423e+01 9.798816819033650916e+01 1.077487239664430803e+02 1.638639346032065021e+02 1.664142389863376650e+02 1.500180256230473219e+02 1.500180256230473219e+02 1.650324131863735033e+02 1.664218353935301309e+02 1.387401141858892117e+02 1.376805112332250891e+00 1.447759880441468416e+00 1.065758935661741846e+00
1.387317115331792028e+00 1.713851666243001004e+00 4.370246988271712496e+01 1.659997423171993205e+02 1.657832046562924688e+02 1.666569106348746914e+02 1.665474644541448583e+02 1.658932323873407881e+02 1.658932323873407881e+02 1.559325007657409685e+02 1.655995863236842638e+02 1.428659884522793106e+02 1.115120867170807628e+02 1.115120867170807628e+02 1.387401141858892117e+02 1.636419541190276448e+02 1.376805112332250891e+00 1.065758935661741846e+00 1.065758935661741846e+00 1.065758935661741846e+00
1.549835168263192786e+00 1.465856837589404549e+00 1.713851666243001004e+00 1.713851666243001004e+00 1.053511825278631164e+02 1.216789091809828705e+02 1.495904105317321751e+02 1.636419541190276448e+02 1.636419541190276448e+02 1.636419541190276448e+02 1.387401141858892117e+02 1.376805112332250891e+00 2.535318015421387905e+00 3.387224808234146423e+01 1.376805112332250891e+00 1.227766707674468272e+00 1.065758935661741846e+00 1.549835168263192786e+00 8.275293500523792645e-01 8.275293500523792645e-01
1.424713535004778153e+00 8.275293500523792645e-01 8.275293500523792645e-01 2.448519987994108860e+01 1.713851666243001004e+00 4.148987645386432632e+01 7.930634038954970322e+01 6.642368617169765344e+01 6.642368617169765344e+01 6.642368617169765344e+01 6.642368617169765344e+01 1.545927694106723704e+00 1.735012659923115930e+00 1.543729889934378097e+00 1.065758935661741846e+00 1.065758935661741846e+00 8.275293500523792645e-01 1.193931229416546058e+00 7.929667924424613767e-01 8.275293500523792645e-01
1.376805112332250891e+00 1.016275563087950751e+00 1.029751765900189353e+00 1.065758935661741846e+00 8.275293500523792645e-01 1.713851666243001004e+00 1.376805112332250891e+00 1.227766707674468272e+00 1.227766707674468272e+00 1.227766707674468272e+00 1.387317115331792028e+00 1.545927694106723704e+00 1.227766707674468272e+00 1.029751765900189353e+00 1.065758935661741846e+00 7.929667924424613767e-01 1.420264849476479574e+00 1.376805112332250891e+00 1.016275563087950751e+00 1.016275563087950751e+00
