7.291878451266252448e+00 7.291878451266252448e+00 7.291878451266252448e+00 7.291878451266252448e+00 7.291878451266252448e+00 7.291878451266252448e+00 7.291878451266252448e+00 7.291878451266252448e+00 7.291878451266252448e+00 7.291878451266252448e+00 7.291878451266252448e+00 7.291878451266252448e+00 7.291878451266252448e+00 7.291878451266252448e+00 7.291878451266252448e+00 1.482609580391727278e+01 7.291878451266252448e+00 7.291878451266252448e+00 7.291878451266252448e+00 7.291878451266252448e+00 7.291878451266252448e+00 7.291878451266252448e+00 7.291878451266252448e+00 7.291878451266252448e+00
7.291878451266252448e+00 7.291878451266252448e+00 7.291878451266252448e+00 7.291878451266252448e+00 7.291878451266252448e+00 7.291878451266252448e+00 7.291878451266252448e+00 7.291878451266252448e+00 7.291878451266252448e+00 7.291878451266252448e+00 7.291878451266252448e+00 7.291878451266252448e+00 1.760170412594560219e+01 2.405932086956873306e+01 2.370896211256382458e+01 2.370896211256382458e+01 1.701135014338716189e+01 7.291878451266252448e+00 7.291878451266252448e+00 7.291878451266252448e+00 7.291878451266252448e+00 7.291878451266252448e+00 7.291878451266252448e+00 7.291878451266252448e+00
7.291878451266252448e+00 7.291878451266252448e+00 7.291878451266252448e+00 7.291878451266252448e+00 7.291878451266252448e+00 7.291878451266252448e+00 7.291878451266252448e+00 7.291878451266252448e+00 7.291878451266252448e+00 7.291878451266252448e+00 7.291878451266252448e+00 1.549336933939985883e+01 2.713690164315299214e+01 4.671409603032462599e+01 5.533759556313709282e+01 4.370358155237650521e+01 2.498402775545770282e+01 7.291878451266252448e+00 7.291878451266252448e+00 7.291878451266252448e+00 7.291878451266252448e+00 7.291878451266252448e+00 7.291878451266252448e+00 7.291878451266252448e+00
7.291878451266252448e+00 7.291878451266252448e+00 7.291878451266252448e+00 7.291878451266252448e+00 7.291878451266252448e+00 7.291878451266252448e+00 7.291878451266252448e+00 7.291878451266252448e+00 7.291878451266252448e+00 7.291878451266252448e+00 7.291878451266252448e+00 1.866245827890308462e+01 4.988742470673495433e+01 7.617515840355345347e+01 9.641838134430726370e+01 6.677661832752539794e+01 3.402018684355081035e+01 1.693069789369864964e+01 7.291878451266252448e+00 7.291878451266252448e+00 7.291878451266252448e+00 7.291878451266252448e+00 7.291878451266252448e+00 7.291878451266252448e+00
7.291878451266252448e+00 7.291878451266252448e+00 7.291878451266252448e+00 7.291878451266252448e+00 7.291878451266252448e+00 7.291878451266252448e+00 7.291878451266252448e+00 7.291878451266252448e+00 7.291878451266252448e+00 7.291878451266252448e+00 7.291878451266252448e+00 2.589701240631324097e+01 6.010445620953240820e+01 1.029156378600822990e+02 1.020130315500685754e+02 7.321057734053037791e+01 3.803447915940139978e+01 1.488690855384153444e+01 7.291878451266252448e+00 7.291878451266252448e+00 7.291878451266252448e+00 7.291878451266252448e+00 7.291878451266252448e+00 7.291878451266252448e+00
7.291878451266252448e+00 7.291878451266252448e+00 7.291878451266252448e+00 7.291878451266252448e+00 7.291878451266252448e+00 7.291878451266252448e+00 7.291878451266252448e+00 7.291878451266252448e+00 7.291878451266252448e+00 7.291878451266252448e+00 7.291878451266252448e+00 2.950503011837144385e+01 6.832433273070120094e+01 1.054617363089585211e+02 1.039705075445816220e+02 6.692837775762298236e+01 3.515921846133330320e+01 7.291878451266252448e+00 7.291878451266252448e+00 7.291878451266252448e+00 7.291878451266252448e+00 7.291878451266252448e+00 7.291878451266252448e+00 7.291878451266252448e+00
7.291878451266252448e+00 7.291878451266252448e+00 7.291878451266252448e+00 7.291878451266252448e+00 7.291878451266252448e+00 7.291878451266252448e+00 7.291878451266252448e+00 7.291878451266252448e+00 7.291878451266252448e+00 7.291878451266252448e+00 1.549336933939985883e+01 3.324959914668922067e+01 7.859122085048011286e+01 1.030432098765432016e+02 1.039705075445816220e+02 6.398355869096609183e+01 2.461961691312726330e+01 7.291878451266252448e+00 7.291878451266252448e+00 7.291878451266252448e+00 7.291878451266252448e+00 7.291878451266252448e+00 7.291878451266252448e+00 7.291878451266252448e+00
7.291878451266252448e+00 7.291878451266252448e+00 7.291878451266252448e+00 7.291878451266252448e+00 7.291878451266252448e+00 7.291878451266252448e+00 7.291878451266252448e+00 7.291878451266252448e+00 7.291878451266252448e+00 7.291878451266252448e+00 1.620671033641643177e+01 4.225076855439497336e+01 7.859122085048011286e+01 1.092897805212620028e+02 8.985819615912208747e+01 4.750157916632387156e+01 1.995421387206560482e+01 7.291878451266252448e+00 7.291878451266252448e+00 7.291878451266252448e+00 7.291878451266252448e+00 7.291878451266252448e+00 7.291878451266252448e+00 7.291878451266252448e+00
7.291878451266252448e+00 7.291878451266252448e+00 7.291878451266252448e+00 7.291878451266252448e+00 7.291878451266252448e+00 7.291878451266252448e+00 7.291878451266252448e+00 7.291878451266252448e+00 7.291878451266252448e+00 7.291878451266252448e+00 1.866245827890308462e+01 5.050146964760886448e+01 9.322222222222222854e+01 1.020130315500685754e+02 8.225977366255143863e+01 3.553786756329366625e+01 1.646016765763812728e+01 7.291878451266252448e+00 7.291878451266252448e+00 7.291878451266252448e+00 7.291878451266252448e+00 7.291878451266252448e+00 7.291878451266252448e+00 7.291878451266252448e+00
7.291878451266252448e+00 7.291878451266252448e+00 7.291878451266252448e+00 7.291878451266252448e+00 7.291878451266252448e+00 7.291878451266252448e+00 7.291878451266252448e+00 7.291878451266252448e+00 7.291878451266252448e+00 7.291878451266252448e+00 2.909839847619016595e+01 6.069929123156392592e+01 1.029156378600822990e+02 1.020130315500685754e+02 7.050068587105624829e+01 3.439002867403971209e+01 1.529206523616248070e+01 7.291878451266252448e+00 7.291878451266252448e+00 7.291878451266252448e+00 7.291878451266252448e+00 7.291878451266252448e+00 7.291878451266252448e+00 7.291878451266252448e+00
7.291878451266252448e+00 7.291878451266252448e+00 7.291878451266252448e+00 7.291878451266252448e+00 7.291878451266252448e+00 7.291878451266252448e+00 7.291878451266252448e+00 7.291878451266252448e+00 7.291878451266252448e+00 1.620671033641643177e+01 3.542589558050487852e+01 7.600699588477365864e+01 1.092897805212620028e+02 1.039705075445816220e+02 6.398355869096609183e+01 2.461961691312726330e+01 7.291878451266252448e+00 7.291878451266252448e+00 7.291878451266252448e+00 7.291878451266252448e+00 7.291878451266252448e+00 7.291878451266252448e+00 7.291878451266252448e+00 7.291878451266252448e+00
7.291878451266252448e+00 7.291878451266252448e+00 7.291878451266252448e+00 7.291878451266252448e+00 7.291878451266252448e+00 7.291878451266252448e+00 7.291878451266252448e+00 7.291878451266252448e+00 7.291878451266252448e+00 1.735272154069754791e+01 4.225076855439497336e+01 7.859122085048011286e+01 1.092897805212620028e+02 1.035270738574832166e+02 6.398355869096609183e+01 2.294618578497674477e+01 7.291878451266252448e+00 7.291878451266252448e+00 7.291878451266252448e+00 7.291878451266252448e+00 7.291878451266252448e+00 7.291878451266252448e+00 7.291878451266252448e+00 7.291878451266252448e+00
7.291878451266252448e+00 7.291878451266252448e+00 7.291878451266252448e+00 7.291878451266252448e+00 7.291878451266252448e+00 7.291878451266252448e+00 7.291878451266252448e+00 7.291878451266252448e+00 7.291878451266252448e+00 1.735272154069754791e+01 5.050146964760886448e+01 9.918805501407840097e+01 1.191146364883401816e+02 9.558436213991768682e+01 4.750157916632387156e+01 1.689294342438423158e+01 7.291878451266252448e+00 7.291878451266252448e+00 7.291878451266252448e+00 7.291878451266252448e+00 7.291878451266252448e+00 7.291878451266252448e+00 7.291878451266252448e+00 7.291878451266252448e+00
7.291878451266252448e+00 7.291878451266252448e+00 7.291878451266252448e+00 7.291878451266252448e+00 7.291878451266252448e+00 7.291878451266252448e+00 7.291878451266252448e+00 7.291878451266252448e+00 7.291878451266252448e+00 2.589701240631324097e+01 6.010445620953240820e+01 9.355315500685870234e+01 1.020130315500685754e+02 7.652245900554085267e+01 3.553786756329366625e+01 1.646016765763812728e+01 7.291878451266252448e+00 7.291878451266252448e+00 7.291878451266252448e+00 7.291878451266252448e+00 7.291878451266252448e+00 7.291878451266252448e+00 7.291878451266252448e+00 7.291878451266252448e+00
7.291878451266252448e+00 7.291878451266252448e+00 7.291878451266252448e+00 7.291878451266252448e+00 7.291878451266252448e+00 7.291878451266252448e+00 7.291878451266252448e+00 7.291878451266252448e+00 7.291878451266252448e+00 2.495757269886519936e+01 6.832433273070120094e+01 1.054617363089585211e+02 1.039705075445816220e+02 6.692837775762298236e+01 3.003401443554567507e+01 7.291878451266252448e+00 7.291878451266252448e+00 7.291878451266252448e+00 7.291878451266252448e+00 7.291878451266252448e+00 7.291878451266252448e+00 7.291878451266252448e+00 7.291878451266252448e+00 7.291878451266252448e+00
7.291878451266252448e+00 7.291878451266252448e+00 7.291878451266252448e+00 7.291878451266252448e+00 7.291878451266252448e+00 7.291878451266252448e+00 7.291878451266252448e+00 7.291878451266252448e+00 7.291878451266252448e+00 3.324959914668922067e+01 7.600699588477365864e+01 1.030432098765432016e+02 9.907475994513032447e+01 5.347609520805502825e+01 2.294618578497674477e+01 7.291878451266252448e+00 7.291878451266252448e+00 7.291878451266252448e+00 7.291878451266252448e+00 7.291878451266252448e+00 7.291878451266252448e+00 7.291878451266252448e+00 7.291878451266252448e+00 7.291878451266252448e+00
7.291878451266252448e+00 7.291878451266252448e+00 7.291878451266252448e+00 7.291878451266252448e+00 7.291878451266252448e+00 7.291878451266252448e+00 7.291878451266252448e+00 7.291878451266252448e+00 1.620671033641643177e+01 4.225076855439497336e+01 7.859122085048011286e+01 1.030432098765432016e+02 9.614231824417009875e+01 4.750157916632387156e+01 1.767941076972543613e+01 7.291878451266252448e+00 7.291878451266252448e+00 7.291878451266252448e+00 7.291878451266252448e+00 7.291878451266252448e+00 7.291878451266252448e+00 7.291878451266252448e+00 7.291878451266252448e+00 7.291878451266252448e+00
7.291878451266252448e+00 7.291878451266252448e+00 7.291878451266252448e+00 7.291878451266252448e+00 7.291878451266252448e+00 7.291878451266252448e+00 7.291878451266252448e+00 7.291878451266252448e+00 1.537018926065542601e+01 4.225076855439497336e+01 9.568818135874664677e+01 1.191146364883401816e+02 9.614231824417009875e+01 4.576902381174030410e+01 1.767941076972543613e+01 7.291878451266252448e+00 7.291878451266252448e+00 7.291878451266252448e+00 7.291878451266252448e+00 7.291878451266252448e+00 7.291878451266252448e+00 7.291878451266252448e+00 7.291878451266252448e+00 7.291878451266252448e+00
7.291878451266252448e+00 7.291878451266252448e+00 7.291878451266252448e+00 7.291878451266252448e+00 7.291878451266252448e+00 7.291878451266252448e+00 7.291878451266252448e+00 7.291878451266252448e+00 1.735272154069754791e+01 5.179674292398672719e+01 1.081032678966402187e+02 1.191146364883401816e+02 9.614231824417009875e+01 4.576902381174030410e+01 1.767941076972543613e+01 7.291878451266252448e+00 7.291878451266252448e+00 7.291878451266252448e+00 7.291878451266252448e+00 7.291878451266252448e+00 7.291878451266252448e+00 7.291878451266252448e+00 7.291878451266252448e+00 7.291878451266252448e+00
7.291878451266252448e+00 7.291878451266252448e+00 7.291878451266252448e+00 7.291878451266252448e+00 7.291878451266252448e+00 7.291878451266252448e+00 7.291878451266252448e+00 7.291878451266252448e+00 1.735272154069754791e+01 5.703775500233629714e+01 1.064538751714677574e+02 1.191146364883401816e+02 9.965884179099406026e+01 4.248808082589007284e+01 1.995421387206560482e+01 7.291878451266252448e+00 7.291878451266252448e+00 7.291878451266252448e+00 7.291878451266252448e+00 7.291878451266252448e+00 7.291878451266252448e+00 7.291878451266252448e+00 7.291878451266252448e+00 7.291878451266252448e+00
7.291878451266252448e+00 7.291878451266252448e+00 7.291878451266252448e+00 7.291878451266252448e+00 7.291878451266252448e+00 7.291878451266252448e+00 7.291878451266252448e+00 7.291878451266252448e+00 1.735272154069754791e+01 5.179674292398672719e+01 9.315843621399176300e+01 9.487191358024689691e+01 7.966452087007641580e+01 3.553786756329366625e+01 1.898497568611044883e+01 7.291878451266252448e+00 7.291878451266252448e+00 7.291878451266252448e+00 7.291878451266252448e+00 7.291878451266252448e+00 7.291878451266252448e+00 7.291878451266252448e+00 7.291878451266252448e+00 7.291878451266252448e+00
7.291878451266252448e+00 7.291878451266252448e+00 7.291878451266252448e+00 7.291878451266252448e+00 7.291878451266252448e+00 7.291878451266252448e+00 7.291878451266252448e+00 7.291878451266252448e+00 1.735272154069754791e+01 3.665876307273937584e+01 6.408814935699126636e+01 6.854526748971193228e+01 5.716617510823737547e+01 2.180783867269020604e+01 1.529206523616248070e+01 7.291878451266252448e+00 7.291878451266252448e+00 7.291878451266252448e+00 7.291878451266252448e+00 7.291878451266252448e+00 7.291878451266252448e+00 7.291878451266252448e+00 7.291878451266252448e+00 7.291878451266252448e+00
7.291878451266252448e+00 7.291878451266252448e+00 7.291878451266252448e+00 7.291878451266252448e+00 7.291878451266252448e+00 7.291878451266252448e+00 7.291878451266252448e+00 7.291878451266252448e+00 7.291878451266252448e+00 2.566544411756147070e+01 3.640923691654276695e+01 3.787741836230033243e+01 2.528084933536221612e+01 1.529206523616248070e+01 7.291878451266252448e+00 7.291878451266252448e+00 7.291878451266252448e+00 7.291878451266252448e+00 7.291878451266252448e+00 7.291878451266252448e+00 7.291878451266252448e+00 7.291878451266252448e+00 7.291878451266252448e+00 7.291878451266252448e+00
7.291878451266252448e+00 7.291878451266252448e+00 7.291878451266252448e+00 7.291878451266252448e+00 7.291878451266252448e+00 7.291878451266252448e+00 7.291878451266252448e+00 7.291878451266252448e+00 7.291878451266252448e+00 7.291878451266252448e+00 1.770808605930956503e+01 1.770808605930956503e+01 1.529206523616248070e+01 7.291878451266252448e+00 7.291878451266252448e+00 7.291878451266252448e+00 7.291878451266252448e+00 7.291878451266252448e+00 7.291878451266252448e+00 7.291878451266252448e+00 7.291878451266252448e+00 7.291878451266252448e+00 7.291878451266252448e+00 7.291878451266252448e+00
