2.305555555555555414e-01 2.305555555555555414e-01 2.305555555555555414e-01 2.305555555555555414e-01 3.333333333333333148e-01 3.333333333333333148e-01 1.058981481481481524e+00 8.563271604938270665e-01 1.229488536155202594e+00 1.345238095238095344e+00 1.664444444444444615e+00 1.500164983164983257e+00 1.647916666666666474e+00 8.541152263374484077e-01 8.879629629629629539e-01 4.976851851851851194e-01 1.394753086419753041e+00 1.586337448559670849e+00 1.761010623026126876e+00 7.360141093474426022e-01 7.944444444444445086e-01 4.976851851851851194e-01 5.240740740740740256e-01 6.043650793650794384e-01
2.305555555555555414e-01 2.305555555555555414e-01 2.305555555555555414e-01 2.305555555555555414e-01 2.305555555555555414e-01 3.333333333333333148e-01 1.206569664902998218e+00 6.242798353909463360e-01 1.719929453262786456e+00 1.719929453262786456e+00 4.340398148148148039e+01 1.260817901234567984e+01 1.544603174603174622e+01 1.719929453262786456e+00 1.171942974720752817e+00 7.731481481481482509e-01 1.306142108919886580e+00 1.322962962962962896e+00 1.164722222222222214e+00 9.155555555555554559e-01 8.563271604938270665e-01 5.240740740740740256e-01 6.242798353909463360e-01 4.976851851851851194e-01
2.305555555555555414e-01 2.305555555555555414e-01 2.305555555555555414e-01 2.305555555555555414e-01 2.305555555555555414e-01 3.333333333333333148e-01 9.716358024691358342e-01 3.670881834215166606e+01 2.090203703703703653e+01 2.090203703703703653e+01 1.260817901234567984e+01 1.260817901234567984e+01 1.260817901234567984e+01 1.260817901234567984e+01 1.260817901234567984e+01 7.256084656084655649e+01 6.511226851851851904e+01 1.215740740740740788e+00 1.058981481481481524e+00 1.306142108919886580e+00 1.401234567901234573e+00 1.502962962962962834e+00 7.360141093474426022e-01 5.240740740740740256e-01
2.305555555555555414e-01 2.305555555555555414e-01 2.305555555555555414e-01 2.305555555555555414e-01 2.305555555555555414e-01 3.333333333333333148e-01 8.911111111111111871e-01 2.333109154330440660e+01 2.901037037037037436e+01 1.060277777777777608e+01 4.289555555555555344e+01 4.977833333333332888e+01 4.771838095238095434e+01 7.981848148148148425e+01 7.981848148148148425e+01 1.147091666666666754e+02 1.147091666666666754e+02 1.612759259259259181e+01 1.268386243386243173e+00 1.196697530864197612e+00 1.603925925925925755e+00 1.612698412698412298e+00 7.360141093474426022e-01 4.976851851851851194e-01
2.305555555555555414e-01 2.305555555555555414e-01 2.305555555555555414e-01 2.305555555555555414e-01 2.305555555555555414e-01 3.333333333333333148e-01 4.976851851851851194e-01 1.480277777777778070e+01 1.722222222222222099e+00 1.135444444444444256e+00 8.541152263374484077e-01 1.075228475228474867e+00 9.016388888888888786e+00 3.361455026455026029e+01 2.442500000000000071e+01 8.378055555555555145e+01 1.543527777777777601e+02 8.768611111111108869e+01 1.215740740740740788e+00 1.247442680776014168e+00 1.952839506172839412e+00 1.075228475228474867e+00 2.305555555555555414e-01 2.305555555555555414e-01
2.305555555555555414e-01 2.305555555555555414e-01 2.305555555555555414e-01 2.305555555555555414e-01 2.305555555555555414e-01 3.333333333333333148e-01 1.674878747795414347e+00 8.541152263374484077e-01 9.155555555555554559e-01 1.322962962962962896e+00 1.516759259259259141e+00 8.563271604938270665e-01 7.944444444444445086e-01 1.071604938271604857e+00 9.716358024691358342e-01 1.647916666666666474e+00 1.162631944444444230e+02 9.512608024691355979e+01 1.215740740740740788e+00 1.842592592592592560e+00 8.563271604938270665e-01 7.360141093474426022e-01 2.305555555555555414e-01 2.305555555555555414e-01
2.305555555555555414e-01 2.305555555555555414e-01 2.305555555555555414e-01 2.305555555555555414e-01 2.305555555555555414e-01 3.333333333333333148e-01 1.449228395061728181e+00 1.516759259259259141e+00 8.563271604938270665e-01 7.731481481481482509e-01 9.717592592592591005e-01 9.155555555555554559e-01 8.547619047619047228e-01 6.242798353909463360e-01 9.580000000000000071e+00 5.797083333333333144e+01 1.117023148148147982e+02 1.267109126984126988e+02 1.215740740740740788e+00 1.500164983164983257e+00 1.164722222222222214e+00 9.155555555555554559e-01 4.976851851851851194e-01 2.305555555555555414e-01
2.305555555555555414e-01 2.305555555555555414e-01 2.305555555555555414e-01 2.305555555555555414e-01 2.305555555555555414e-01 2.305555555555555414e-01 6.250000000000000000e-01 9.155555555555554559e-01 1.532795548073325964e+00 1.252592592592592480e+00 1.761010623026126876e+00 1.306142108919886580e+00 1.044814814814814863e+00 3.670881834215166606e+01 8.451166666666665606e+01 1.021799999999999784e+02 1.218066666666666578e+02 1.060277777777777608e+01 2.258484848484848317e+00 1.483862433862433994e+00 8.879629629629629539e-01 5.240740740740740256e-01 5.240740740740740256e-01 2.305555555555555414e-01
2.305555555555555414e-01 2.305555555555555414e-01 2.305555555555555414e-01 2.305555555555555414e-01 2.305555555555555414e-01 2.305555555555555414e-01 4.976851851851851194e-01 1.215740740740740788e+00 1.380070546737213411e+00 1.378002244668911080e+00 1.719929453262786456e+00 3.670881834215166606e+01 8.451166666666665606e+01 9.282777777777778283e+01 2.442500000000000071e+01 9.282777777777778283e+01 1.722222222222222099e+00 1.532795548073325964e+00 1.601898148148148016e+00 1.335648148148148140e+00 7.360141093474426022e-01 1.075228475228474867e+00 4.976851851851851194e-01 2.305555555555555414e-01
2.305555555555555414e-01 2.305555555555555414e-01 2.305555555555555414e-01 2.305555555555555414e-01 2.305555555555555414e-01 2.305555555555555414e-01 4.976851851851851194e-01 6.242798353909463360e-01 1.719929453262786456e+00 4.164526455026454954e+01 6.754765079365077440e+01 1.213288888888888835e+02 8.768611111111108869e+01 3.066620370370370452e+01 1.674878747795414347e+00 2.396825396825396304e+00 1.674878747795414347e+00 1.394753086419753041e+00 1.725925925925925641e+00 1.413728967062300335e+00 1.422413055602820942e+00 7.360141093474426022e-01 4.976851851851851194e-01 2.305555555555555414e-01
2.305555555555555414e-01 2.305555555555555414e-01 2.305555555555555414e-01 2.305555555555555414e-01 2.305555555555555414e-01 3.333333333333333148e-01 6.242798353909463360e-01 5.797083333333333144e+01 9.766481481481481808e+01 1.656249999999999716e+02 1.660203325774754433e+02 1.598765624999999773e+02 1.267109126984126988e+02 1.215740740740740788e+00 1.322962962962962896e+00 1.136666666666666492e+00 6.250000000000000000e-01 1.136666666666666492e+00 1.398148148148148140e+00 1.587962962962962798e+00 7.360141093474426022e-01 8.541152263374484077e-01 4.976851851851851194e-01 2.305555555555555414e-01
2.305555555555555414e-01 2.305555555555555414e-01 2.305555555555555414e-01 2.305555555555555414e-01 2.305555555555555414e-01 3.333333333333333148e-01 1.516759259259259141e+00 6.458333333333332860e+01 1.669444444444444287e+02 1.670104166666666572e+02 1.284211640211640031e+02 1.238574074074073934e+02 1.399752380952380975e+02 5.797978395061729628e+01 2.136888888888888616e+01 1.215740740740740788e+00 1.322962962962962896e+00 8.563271604938270665e-01 8.563271604938270665e-01 1.396740740740740616e+00 9.155555555555554559e-01 5.240740740740740256e-01 4.976851851851851194e-01 2.305555555555555414e-01
2.305555555555555414e-01 2.305555555555555414e-01 2.305555555555555414e-01 2.305555555555555414e-01 2.305555555555555414e-01 3.333333333333333148e-01 2.071984126984126817e+00 5.708518518518517482e+01 8.378055555555555145e+01 8.378055555555555145e+01 4.313308080808081257e+01 4.771838095238095434e+01 4.771838095238095434e+01 7.981848148148148425e+01 6.511226851851851904e+01 9.766481481481481808e+01 2.136888888888888616e+01 5.240740740740740256e-01 1.164722222222222214e+00 1.044444444444444509e+00 8.563271604938270665e-01 5.240740740740740256e-01 4.976851851851851194e-01 2.305555555555555414e-01
5.240740740740740256e-01 6.043650793650794384e-01 8.563271604938270665e-01 6.043650793650794384e-01 8.563271604938270665e-01 2.305555555555555414e-01 4.976851851851851194e-01 1.075228475228474867e+00 9.155555555555554559e-01 9.716358024691358342e-01 1.647916666666666474e+00 1.164722222222222214e+00 1.422413055602820942e+00 4.209444444444444144e+01 8.378055555555555145e+01 1.651807407407407311e+02 6.511226851851851904e+01 3.897222222222222143e+01 8.879629629629629539e-01 5.240740740740740256e-01 4.976851851851851194e-01 7.908950617283950768e-01 5.240740740740740256e-01 2.305555555555555414e-01
7.360141093474426022e-01 1.164722222222222214e+00 9.155555555555554559e-01 9.716358024691358342e-01 7.944444444444445086e-01 4.976851851851851194e-01 2.305555555555555414e-01 8.563271604938270665e-01 8.563271604938270665e-01 8.541152263374484077e-01 4.976851851851851194e-01 1.719929453262786456e+00 1.322962962962962896e+00 9.716358024691358342e-01 1.422413055602820942e+00 2.424629629629629690e+01 1.633800925925925753e+02 1.598765624999999773e+02 1.215740740740740788e+00 1.215740740740740788e+00 8.563271604938270665e-01 5.240740740740740256e-01 4.976851851851851194e-01 4.976851851851851194e-01
1.044444444444444509e+00 2.305555555555555414e-01 4.976851851851851194e-01 4.976851851851851194e-01 9.295555555555555793e-01 5.240740740740740256e-01 5.240740740740740256e-01 7.731481481481482509e-01 4.976851851851851194e-01 1.058981481481481524e+00 2.305555555555555414e-01 1.215740740740740788e+00 1.163284202569916825e+00 1.502623456790123324e+00 1.206569664902998218e+00 7.848796296296295338e+01 1.313141931216931084e+02 1.666722222222221887e+02 4.351527777777777573e+01 2.236941137566137883e+00 9.295555555555555793e-01 4.976851851851851194e-01 2.305555555555555414e-01 2.305555555555555414e-01
5.240740740740740256e-01 6.043650793650794384e-01 2.305555555555555414e-01 4.976851851851851194e-01 8.563271604938270665e-01 6.242798353909463360e-01 1.247442680776014168e+00 1.168666666666666520e+00 5.240740740740740256e-01 5.240740740740740256e-01 6.043650793650794384e-01 9.717592592592591005e-01 4.976851851851851194e-01 1.470524691358024327e+00 5.310138888888888431e+01 5.922515873015872501e+01 1.339881944444444457e+02 1.664332175925925696e+02 4.334333333333332661e+01 1.215740740740740788e+00 8.879629629629629539e-01 5.240740740740740256e-01 2.305555555555555414e-01 2.305555555555555414e-01
7.944444444444445086e-01 7.908950617283950768e-01 6.043650793650794384e-01 8.563271604938270665e-01 8.541152263374484077e-01 4.976851851851851194e-01 2.236941137566137883e+00 1.150666666666666504e+00 7.944444444444445086e-01 4.976851851851851194e-01 1.252592592592592480e+00 6.043650793650794384e-01 7.731481481481482509e-01 9.580000000000000071e+00 4.340398148148148039e+01 1.021799999999999784e+02 1.669444444444444287e+02 1.247548611111110972e+02 3.410807142857142082e+01 1.896597014925373026e+00 1.797171075837742604e+00 7.360141093474426022e-01 2.305555555555555414e-01 2.305555555555555414e-01
1.136666666666666492e+00 4.976851851851851194e-01 4.976851851851851194e-01 7.908950617283950768e-01 1.044444444444444509e+00 1.030555555555555447e+00 1.215740740740740788e+00 1.206569664902998218e+00 1.171942974720752817e+00 7.731481481481482509e-01 1.306142108919886580e+00 1.044814814814814863e+00 5.922515873015872501e+01 9.766481481481481808e+01 9.304429012345678984e+01 1.397305026455026393e+02 1.384583333333333144e+02 7.479652777777776862e+01 1.997060005742175903e+00 1.761010623026126876e+00 2.210322598019629936e+00 1.047505668934240353e+00 5.240740740740740256e-01 6.043650793650794384e-01
1.047505668934240353e+00 1.058981481481481524e+00 8.563271604938270665e-01 1.322962962962962896e+00 8.729320987654320518e+00 1.726028806584362085e+00 1.044444444444444509e+00 1.719929453262786456e+00 4.164526455026454954e+01 8.560925925925926094e+01 8.359050925925924957e+01 9.429111111111109267e+01 1.021799999999999784e+02 1.656249999999999716e+02 1.669444444444444287e+02 1.238574074074073934e+02 4.457944444444444088e+01 1.215740740740740788e+00 1.322962962962962896e+00 1.862645502645502216e+00 2.122962962962962941e+00 7.360141093474426022e-01 1.075228475228474867e+00 4.976851851851851194e-01
7.360141093474426022e-01 1.071604938271604857e+00 9.716358024691358342e-01 1.229488536155202594e+00 1.761010623026126876e+00 7.632738095238095433e+00 1.260817901234567984e+01 1.260817901234567984e+01 6.458333333333332860e+01 1.147091666666666754e+02 1.147091666666666754e+02 1.669444444444444287e+02 1.238574074074073934e+02 1.670104166666666572e+02 8.357253086419751753e+01 8.541152263374484077e-01 4.313308080808081257e+01 1.215740740740740788e+00 1.322962962962962896e+00 6.250000000000000000e-01 6.250000000000000000e-01 2.305555555555555414e-01 2.305555555555555414e-01 5.240740740740740256e-01
1.044444444444444509e+00 2.305555555555555414e-01 4.976851851851851194e-01 4.976851851851851194e-01 3.133564814814814969e+00 9.427127572016461343e+00 1.480277777777778070e+01 3.361455026455026029e+01 5.708518518518517482e+01 8.378055555555555145e+01 8.378055555555555145e+01 8.378055555555555145e+01 9.026851851851851904e+01 3.605442455109777455e+01 6.250000000000000000e-01 2.305555555555555414e-01 2.305555555555555414e-01 2.305555555555555414e-01 2.305555555555555414e-01 2.305555555555555414e-01 2.305555555555555414e-01 4.976851851851851194e-01 2.305555555555555414e-01 2.305555555555555414e-01
2.305555555555555414e-01 2.305555555555555414e-01 2.305555555555555414e-01 2.305555555555555414e-01 2.305555555555555414e-01 2.305555555555555414e-01 1.722222222222222099e+00 6.250000000000000000e-01 2.305555555555555414e-01 1.417314814814814916e+01 2.305555555555555414e-01 1.695444444444444088e+01 2.305555555555555414e-01 2.305555555555555414e-01 2.305555555555555414e-01 2.305555555555555414e-01 2.305555555555555414e-01 2.305555555555555414e-01 2.305555555555555414e-01 2.305555555555555414e-01 2.305555555555555414e-01 2.305555555555555414e-01 2.305555555555555414e-01 2.305555555555555414e-01
2.305555555555555414e-01 2.305555555555555414e-01 2.305555555555555414e-01 2.305555555555555414e-01 2.305555555555555414e-01 2.305555555555555414e-01 2.305555555555555414e-01 2.305555555555555414e-01 2.305555555555555414e-01 2.305555555555555414e-01 2.305555555555555414e-01 2.305555555555555414e-01 2.305555555555555414e-01 2.305555555555555414e-01 2.305555555555555414e-01 2.305555555555555414e-01 2.305555555555555414e-01 2.305555555555555414e-01 2.305555555555555414e-01 2.305555555555555414e-01 2.305555555555555414e-01 2.305555555555555414e-01 2.305555555555555414e-01 2.305555555555555414e-01
