7.486700725210961416e+00 7.486700725210961416e+00 7.486700725210961416e+00 7.486700725210961416e+00 7.486700725210961416e+00 7.486700725210961416e+00 7.486700725210961416e+00 7.486700725210961416e+00 7.486700725210961416e+00 7.486700725210961416e+00 7.486700725210961416e+00 7.486700725210961416e+00 7.486700725210961416e+00 7.486700725210961416e+00 7.486700725210961416e+00 7.486700725210961416e+00 7.486700725210961416e+00 7.486700725210961416e+00 7.486700725210961416e+00 7.486700725210961416e+00 7.486700725210961416e+00 7.486700725210961416e+00 7.486700725210961416e+00 7.486700725210961416e+00
7.486700725210961416e+00 7.486700725210961416e+00 7.486700725210961416e+00 7.486700725210961416e+00 7.486700725210961416e+00 7.486700725210961416e+00 7.486700725210961416e+00 7.486700725210961416e+00 7.486700725210961416e+00 7.486700725210961416e+00 7.486700725210961416e+00 7.486700725210961416e+00 7.486700725210961416e+00 7.486700725210961416e+00 7.486700725210961416e+00 7.486700725210961416e+00 7.486700725210961416e+00 7.486700725210961416e+00 7.486700725210961416e+00 7.486700725210961416e+00 7.486700725210961416e+00 7.486700725210961416e+00 7.486700725210961416e+00 7.486700725210961416e+00
7.486700725210961416e+00 7.486700725210961416e+00 7.486700725210961416e+00 7.486700725210961416e+00 7.486700725210961416e+00 7.486700725210961416e+00 7.486700725210961416e+00 7.486700725210961416e+00 7.486700725210961416e+00 1.536644408465288159e+01 1.919240997787876779e+01 1.741752342251039920e+01 1.620064095406635474e+01 1.620064095406635474e+01 1.482453121518417305e+01 7.486700725210961416e+00 7.486700725210961416e+00 7.486700725210961416e+00 7.486700725210961416e+00 7.486700725210961416e+00 7.486700725210961416e+00 7.486700725210961416e+00 7.486700725210961416e+00 7.486700725210961416e+00
7.486700725210961416e+00 7.486700725210961416e+00 7.486700725210961416e+00 7.486700725210961416e+00 7.486700725210961416e+00 7.486700725210961416e+00 7.486700725210961416e+00 1.476763291604230766e+01 1.536644408465288159e+01 3.062066103729877753e+01 3.873946965454670988e+01 5.057571528748987078e+01 4.378925448581167501e+01 3.975326256311313955e+01 3.212857292811559518e+01 2.446977533690731121e+01 1.731466501430117688e+01 7.486700725210961416e+00 7.486700725210961416e+00 7.486700725210961416e+00 7.486700725210961416e+00 7.486700725210961416e+00 7.486700725210961416e+00 7.486700725210961416e+00
7.486700725210961416e+00 7.486700725210961416e+00 7.486700725210961416e+00 7.486700725210961416e+00 7.486700725210961416e+00 7.486700725210961416e+00 1.536644408465288159e+01 2.303858172576592267e+01 4.201897244087674466e+01 7.001553761738948367e+01 8.878257887517146685e+01 1.049510218246634281e+02 8.480246913580248247e+01 8.480246913580248247e+01 7.307178783721994364e+01 5.712374776572307411e+01 3.143828728854859023e+01 2.102480048375337418e+01 7.486700725210961416e+00 7.486700725210961416e+00 7.486700725210961416e+00 7.486700725210961416e+00 7.486700725210961416e+00 7.486700725210961416e+00
7.486700725210961416e+00 7.486700725210961416e+00 7.486700725210961416e+00 7.486700725210961416e+00 7.486700725210961416e+00 1.536644408465288159e+01 2.513930834924151725e+01 4.854270178464477681e+01 8.068175582990397743e+01 1.054264403292181100e+02 1.300283950617284177e+02 1.277991629908906361e+02 1.259069761504283917e+02 1.259069761504283917e+02 1.131816238324384614e+02 9.059048623731834482e+01 5.424776025078222119e+01 2.724026469011652551e+01 7.486700725210961416e+00 7.486700725210961416e+00 7.486700725210961416e+00 7.486700725210961416e+00 7.486700725210961416e+00 7.486700725210961416e+00
7.486700725210961416e+00 7.486700725210961416e+00 7.486700725210961416e+00 7.486700725210961416e+00 1.476763291604230766e+01 2.237801418182261415e+01 5.217522825888498517e+01 8.152674897119339903e+01 1.106755342482922799e+02 1.287520537096488908e+02 1.440030443403213951e+02 1.347109353786891290e+02 1.429839984687529864e+02 1.450037661624633074e+02 1.423703545220951696e+02 1.166692533068799094e+02 8.544718792866940760e+01 3.489222650976694950e+01 1.699340473355540837e+01 7.486700725210961416e+00 7.486700725210961416e+00 7.486700725210961416e+00 7.486700725210961416e+00 7.486700725210961416e+00
7.486700725210961416e+00 7.486700725210961416e+00 7.486700725210961416e+00 7.486700725210961416e+00 2.077346980975777058e+01 4.558722210262377672e+01 8.600880658436213366e+01 1.185134479717813178e+02 1.325881524799653448e+02 1.332892570933506420e+02 1.251156963452111199e+02 1.072314503055243620e+02 1.219489903340032555e+02 1.349438260057157208e+02 1.543385043740752565e+02 1.256606965036984462e+02 8.706172839506172068e+01 3.875788105846827136e+01 1.818316502860892214e+01 7.486700725210961416e+00 7.486700725210961416e+00 7.486700725210961416e+00 7.486700725210961416e+00 7.486700725210961416e+00
7.486700725210961416e+00 7.486700725210961416e+00 7.486700725210961416e+00 1.476763291604230766e+01 3.603111914687237061e+01 7.186044016631912257e+01 1.113735528120713241e+02 1.394102591870623087e+02 1.324556030086439478e+02 1.104382716049382651e+02 8.228792866941014950e+01 8.494236878203739138e+01 1.184180409719888587e+02 1.349438260057157208e+02 1.450797713647860974e+02 1.256606965036984462e+02 7.757681755829902670e+01 3.875788105846827136e+01 1.644475427065106743e+01 7.486700725210961416e+00 7.486700725210961416e+00 7.486700725210961416e+00 7.486700725210961416e+00 7.486700725210961416e+00
7.486700725210961416e+00 7.486700725210961416e+00 7.486700725210961416e+00 1.735371337859244534e+01 3.945922029211266846e+01 8.240466392318245425e+01 1.264710520846323476e+02 1.463105908276453988e+02 1.261798342901838055e+02 9.882894375857337366e+01 7.207956104252400564e+01 8.030624142661179121e+01 1.065068587105624118e+02 1.390780516333587684e+02 1.450797713647860974e+02 1.150460043741842782e+02 7.640525181265921617e+01 3.439018707460118662e+01 7.486700725210961416e+00 7.486700725210961416e+00 7.486700725210961416e+00 7.486700725210961416e+00 7.486700725210961416e+00 7.486700725210961416e+00
7.486700725210961416e+00 7.486700725210961416e+00 7.486700725210961416e+00 1.735371337859244534e+01 4.125908490919015748e+01 8.772469135802468543e+01 1.247005685418450867e+02 1.420615536672675319e+02 1.396596426159191537e+02 1.134149519890260649e+02 9.816392318244169246e+01 9.941227010998578351e+01 1.271160467697740017e+02 1.435178206146367188e+02 1.450797713647860974e+02 1.150460043741842782e+02 6.396658828140308373e+01 2.746006817450047421e+01 7.486700725210961416e+00 7.486700725210961416e+00 7.486700725210961416e+00 7.486700725210961416e+00 7.486700725210961416e+00 7.486700725210961416e+00
7.486700725210961416e+00 7.486700725210961416e+00 7.486700725210961416e+00 7.486700725210961416e+00 3.023174374190880087e+01 6.919890260631001411e+01 1.072554689192115944e+02 1.324960079840319338e+02 1.404673638428147058e+02 1.259069761504283917e+02 1.326363800447621202e+02 1.369413832661388426e+02 1.394102591870623087e+02 1.543385043740752565e+02 1.416430811682427873e+02 9.833230452674895616e+01 6.396658828140308373e+01 2.209229417599317813e+01 7.486700725210961416e+00 7.486700725210961416e+00 7.486700725210961416e+00 7.486700725210961416e+00 7.486700725210961416e+00 7.486700725210961416e+00
7.486700725210961416e+00 7.486700725210961416e+00 7.486700725210961416e+00 7.486700725210961416e+00 2.495869261618254598e+01 4.765767189904877910e+01 7.232716049382716506e+01 1.095695292758645536e+02 1.337462330444683403e+02 1.337462330444683403e+02 1.347109353786891290e+02 1.414715381885135912e+02 1.543385043740752565e+02 1.543385043740752565e+02 1.413627896902750649e+02 9.964898329702252511e+01 4.955391092319277391e+01 1.992631647759299085e+01 7.486700725210961416e+00 7.486700725210961416e+00 7.486700725210961416e+00 7.486700725210961416e+00 7.486700725210961416e+00 7.486700725210961416e+00
7.486700725210961416e+00 7.486700725210961416e+00 7.486700725210961416e+00 7.486700725210961416e+00 1.548626642010560062e+01 2.440210239994764763e+01 4.507822654535900142e+01 7.232716049382716506e+01 9.773751814368199575e+01 9.773751814368199575e+01 9.877004564259682695e+01 1.219489903340032555e+02 1.398126886145404342e+02 1.543385043740752565e+02 1.413627896902750649e+02 9.964898329702252511e+01 4.587875590170644813e+01 1.689571612883820606e+01 7.486700725210961416e+00 7.486700725210961416e+00 7.486700725210961416e+00 7.486700725210961416e+00 7.486700725210961416e+00 7.486700725210961416e+00
7.486700725210961416e+00 7.486700725210961416e+00 7.486700725210961416e+00 7.486700725210961416e+00 7.486700725210961416e+00 1.548626642010560062e+01 2.440210239994764763e+01 3.300497278499090470e+01 4.092589622723062348e+01 5.274600209392291106e+01 7.082064471879284895e+01 7.975685871056241183e+01 1.184180409719888587e+02 1.395180423873501923e+02 1.301657680246537439e+02 8.706172839506172068e+01 4.587875590170644813e+01 1.689571612883820606e+01 7.486700725210961416e+00 7.486700725210961416e+00 7.486700725210961416e+00 7.486700725210961416e+00 7.486700725210961416e+00 7.486700725210961416e+00
7.486700725210961416e+00 7.486700725210961416e+00 7.486700725210961416e+00 7.486700725210961416e+00 7.486700725210961416e+00 7.486700725210961416e+00 7.486700725210961416e+00 1.548626642010560062e+01 2.011889738375283088e+01 2.344262535794354463e+01 3.280965575224574593e+01 6.357235939643346256e+01 9.811566517171416990e+01 1.349438260057157208e+02 1.301657680246537439e+02 8.706172839506172068e+01 4.587875590170644813e+01 1.689571612883820606e+01 7.486700725210961416e+00 7.486700725210961416e+00 7.486700725210961416e+00 7.486700725210961416e+00 7.486700725210961416e+00 7.486700725210961416e+00
7.486700725210961416e+00 7.486700725210961416e+00 7.486700725210961416e+00 7.486700725210961416e+00 7.486700725210961416e+00 7.486700725210961416e+00 7.486700725210961416e+00 7.486700725210961416e+00 7.486700725210961416e+00 7.486700725210961416e+00 1.891864980066362634e+01 4.283865996828959766e+01 9.315729309556469673e+01 1.349438260057157208e+02 1.338088820301783244e+02 9.964898329702252511e+01 4.246824381762698408e+01 1.818316502860892214e+01 7.486700725210961416e+00 7.486700725210961416e+00 7.486700725210961416e+00 7.486700725210961416e+00 7.486700725210961416e+00 7.486700725210961416e+00
7.486700725210961416e+00 7.486700725210961416e+00 7.486700725210961416e+00 7.486700725210961416e+00 7.486700725210961416e+00 7.486700725210961416e+00 7.486700725210961416e+00 7.486700725210961416e+00 7.486700725210961416e+00 7.486700725210961416e+00 1.891864980066362634e+01 4.283865996828959766e+01 9.811566517171416990e+01 1.349438260057157208e+02 1.338088820301783244e+02 9.547574759945129586e+01 4.996569318859005193e+01 1.767941076972543613e+01 7.486700725210961416e+00 7.486700725210961416e+00 7.486700725210961416e+00 7.486700725210961416e+00 7.486700725210961416e+00 7.486700725210961416e+00
7.486700725210961416e+00 7.486700725210961416e+00 7.486700725210961416e+00 7.486700725210961416e+00 7.486700725210961416e+00 7.486700725210961416e+00 7.486700725210961416e+00 7.486700725210961416e+00 7.486700725210961416e+00 7.486700725210961416e+00 1.871902292001039214e+01 4.283865996828959766e+01 8.772469135802468543e+01 1.247005685418450867e+02 1.338088820301783244e+02 1.096882454796665911e+02 6.273353909465019029e+01 2.724026469011652551e+01 7.486700725210961416e+00 7.486700725210961416e+00 7.486700725210961416e+00 7.486700725210961416e+00 7.486700725210961416e+00 7.486700725210961416e+00
7.486700725210961416e+00 7.486700725210961416e+00 7.486700725210961416e+00 7.486700725210961416e+00 7.486700725210961416e+00 7.486700725210961416e+00 7.486700725210961416e+00 7.486700725210961416e+00 7.486700725210961416e+00 7.486700725210961416e+00 1.548626642010560062e+01 3.763330213998222007e+01 7.508641975308643168e+01 1.184180409719888587e+02 1.404673638428147058e+02 1.150460043741842782e+02 6.273353909465019029e+01 2.724026469011652551e+01 7.486700725210961416e+00 7.486700725210961416e+00 7.486700725210961416e+00 7.486700725210961416e+00 7.486700725210961416e+00 7.486700725210961416e+00
7.486700725210961416e+00 7.486700725210961416e+00 7.486700725210961416e+00 7.486700725210961416e+00 7.486700725210961416e+00 7.486700725210961416e+00 7.486700725210961416e+00 7.486700725210961416e+00 7.486700725210961416e+00 7.486700725210961416e+00 7.486700725210961416e+00 2.558603268560858623e+01 7.125867890682704342e+01 1.098682134675897117e+02 1.344406020344430033e+02 1.150460043741842782e+02 7.541237997256514802e+01 2.669734584114447884e+01 7.486700725210961416e+00 7.486700725210961416e+00 7.486700725210961416e+00 7.486700725210961416e+00 7.486700725210961416e+00 7.486700725210961416e+00
7.486700725210961416e+00 7.486700725210961416e+00 7.486700725210961416e+00 7.486700725210961416e+00 7.486700725210961416e+00 7.486700725210961416e+00 7.486700725210961416e+00 7.486700725210961416e+00 7.486700725210961416e+00 7.486700725210961416e+00 7.486700725210961416e+00 2.395463874957814099e+01 5.520652937726816845e+01 1.035925925925925668e+02 1.344406020344430033e+02 1.150460043741842782e+02 7.541237997256514802e+01 2.669734584114447884e+01 7.486700725210961416e+00 7.486700725210961416e+00 7.486700725210961416e+00 7.486700725210961416e+00 7.486700725210961416e+00 7.486700725210961416e+00
7.486700725210961416e+00 7.486700725210961416e+00 7.486700725210961416e+00 7.486700725210961416e+00 7.486700725210961416e+00 7.486700725210961416e+00 7.486700725210961416e+00 7.486700725210961416e+00 7.486700725210961416e+00 7.486700725210961416e+00 7.486700725210961416e+00 1.891864980066362634e+01 4.640886356965748405e+01 9.811566517171416990e+01 1.110157569850552335e+02 1.035324830136612775e+02 6.396658828140308373e+01 2.746006817450047421e+01 7.486700725210961416e+00 7.486700725210961416e+00 7.486700725210961416e+00 7.486700725210961416e+00 7.486700725210961416e+00 7.486700725210961416e+00
7.486700725210961416e+00 7.486700725210961416e+00 7.486700725210961416e+00 7.486700725210961416e+00 7.486700725210961416e+00 7.486700725210961416e+00 7.486700725210961416e+00 7.486700725210961416e+00 7.486700725210961416e+00 7.486700725210961416e+00 7.486700725210961416e+00 1.735371337859244534e+01 3.665876307273937584e+01 7.232716049382716506e+01 9.490672153635115649e+01 8.223081275720163319e+01 5.481137684479754313e+01 2.209229417599317813e+01 7.486700725210961416e+00 7.486700725210961416e+00 7.486700725210961416e+00 7.486700725210961416e+00 7.486700725210961416e+00 7.486700725210961416e+00
