7.606219474123613544e+00 7.606219474123613544e+00 7.606219474123613544e+00 7.606219474123613544e+00 7.606219474123613544e+00 7.606219474123613544e+00 7.606219474123613544e+00 7.606219474123613544e+00 7.606219474123613544e+00 7.606219474123613544e+00 7.606219474123613544e+00 7.606219474123613544e+00 7.606219474123613544e+00 7.606219474123613544e+00 7.606219474123613544e+00 7.606219474123613544e+00 7.606219474123613544e+00 7.606219474123613544e+00 7.606219474123613544e+00 7.606219474123613544e+00 7.606219474123613544e+00 7.606219474123613544e+00 7.606219474123613544e+00 7.606219474123613544e+00
7.606219474123613544e+00 7.606219474123613544e+00 7.606219474123613544e+00 7.606219474123613544e+00 7.606219474123613544e+00 7.606219474123613544e+00 7.606219474123613544e+00 7.606219474123613544e+00 7.606219474123613544e+00 7.606219474123613544e+00 7.606219474123613544e+00 7.606219474123613544e+00 7.606219474123613544e+00 7.606219474123613544e+00 7.606219474123613544e+00 7.606219474123613544e+00 7.606219474123613544e+00 7.606219474123613544e+00 7.606219474123613544e+00 7.606219474123613544e+00 7.606219474123613544e+00 7.606219474123613544e+00 7.606219474123613544e+00 7.606219474123613544e+00
7.606219474123613544e+00 7.606219474123613544e+00 7.606219474123613544e+00 7.606219474123613544e+00 7.606219474123613544e+00 7.606219474123613544e+00 7.606219474123613544e+00 7.606219474123613544e+00 7.606219474123613544e+00 7.606219474123613544e+00 7.606219474123613544e+00 7.606219474123613544e+00 7.606219474123613544e+00 7.606219474123613544e+00 7.606219474123613544e+00 7.606219474123613544e+00 7.606219474123613544e+00 7.606219474123613544e+00 7.606219474123613544e+00 7.606219474123613544e+00 7.606219474123613544e+00 7.606219474123613544e+00 7.606219474123613544e+00 7.606219474123613544e+00
7.606219474123613544e+00 7.606219474123613544e+00 7.606219474123613544e+00 7.606219474123613544e+00 7.606219474123613544e+00 7.606219474123613544e+00 7.606219474123613544e+00 1.479388960229960048e+01 1.479388960229960048e+01 1.806503236427883152e+01 2.410981403578364990e+01 2.410981403578364990e+01 2.410981403578364990e+01 2.410981403578364990e+01 2.410981403578364990e+01 2.410981403578364990e+01 2.410981403578364990e+01 2.410981403578364990e+01 2.410981403578364990e+01 1.806503236427883152e+01 1.806503236427883152e+01 1.479388960229960048e+01 7.606219474123613544e+00 7.606219474123613544e+00
7.606219474123613544e+00 7.606219474123613544e+00 7.606219474123613544e+00 7.606219474123613544e+00 7.606219474123613544e+00 2.006180010358652055e+01 2.450014356838651963e+01 3.456377028890728553e+01 4.575568184967858087e+01 4.575568184967858087e+01 5.042025598850509027e+01 5.042025598850509027e+01 5.457122765667374154e+01 5.042025598850509027e+01 5.457122765667374154e+01 5.457122765667374154e+01 5.457122765667374154e+01 5.457122765667374154e+01 5.042025598850509027e+01 5.042025598850509027e+01 3.798196148618699652e+01 2.040740606261587331e+01 7.606219474123613544e+00 7.606219474123613544e+00
7.606219474123613544e+00 7.606219474123613544e+00 7.606219474123613544e+00 7.606219474123613544e+00 1.780497945824345152e+01 3.160245867709799583e+01 5.075003456405409707e+01 7.145697302240510851e+01 9.367843477005270358e+01 9.367843477005270358e+01 9.367843477005270358e+01 9.010459533607681237e+01 9.010459533607681237e+01 8.954115226337448519e+01 8.954115226337448519e+01 8.954115226337448519e+01 8.954115226337448519e+01 8.954115226337448519e+01 8.954115226337448519e+01 9.010459533607681237e+01 6.917964106081390696e+01 3.424999970781922087e+01 1.702027018542858983e+01 7.606219474123613544e+00
7.606219474123613544e+00 7.606219474123613544e+00 7.606219474123613544e+00 7.606219474123613544e+00 2.200124446789920540e+01 4.991655260781960379e+01 8.762757201646090266e+01 1.143381503140567474e+02 1.198227023319615796e+02 1.198227023319615796e+02 1.110184824200418632e+02 1.179903857723870715e+02 9.086899862825788432e+01 9.164951989026063472e+01 8.117438761512835299e+01 8.117438761512835299e+01 8.117438761512835299e+01 1.094732269631554828e+02 1.268730452674896867e+02 1.208830589849108321e+02 8.935390946502056408e+01 5.145495527773616828e+01 1.818316502860892214e+01 7.606219474123613544e+00
7.606219474123613544e+00 7.606219474123613544e+00 7.606219474123613544e+00 7.606219474123613544e+00 2.618694552731947667e+01 4.891960464669356412e+01 8.117438761512835299e+01 8.117438761512835299e+01 8.507441700960218611e+01 8.507441700960218611e+01 8.117438761512835299e+01 6.145297964297670745e+01 6.145297964297670745e+01 6.145297964297670745e+01 4.841768459640113065e+01 4.841768459640113065e+01 6.228322655655696849e+01 8.444198487893578431e+01 1.127625554189002912e+02 1.234248839295135554e+02 9.965884179099406026e+01 5.207372847207732747e+01 1.818316502860892214e+01 7.606219474123613544e+00
7.606219474123613544e+00 7.606219474123613544e+00 7.606219474123613544e+00 7.606219474123613544e+00 2.071284966310285824e+01 4.079736116485732822e+01 4.318634321385260222e+01 4.841768459640113065e+01 4.344217311783066293e+01 3.743070290556031665e+01 3.788300505453227629e+01 3.238763157420237349e+01 2.331285673965739846e+01 1.977667351396477713e+01 1.977667351396477713e+01 2.160425577365562333e+01 4.628366929639179972e+01 8.762757201646090266e+01 1.143381503140567474e+02 1.182060539551897733e+02 8.251097393689984472e+01 3.811209447679147644e+01 1.646016765763812728e+01 7.606219474123613544e+00
7.606219474123613544e+00 7.606219474123613544e+00 7.606219474123613544e+00 7.606219474123613544e+00 1.443509588380820574e+01 2.160425577365562333e+01 1.977667351396477713e+01 1.977667351396477713e+01 1.977667351396477713e+01 1.646016765763812728e+01 1.443509588380820574e+01 7.606219474123613544e+00 7.606219474123613544e+00 7.606219474123613544e+00 7.606219474123613544e+00 2.306884344127142228e+01 5.366911290508929966e+01 8.848961696739473837e+01 1.198227023319615796e+02 1.016335672329499431e+02 6.171873878801643087e+01 2.293312833100341308e+01 7.606219474123613544e+00 7.606219474123613544e+00
7.606219474123613544e+00 7.606219474123613544e+00 7.606219474123613544e+00 7.606219474123613544e+00 7.606219474123613544e+00 7.606219474123613544e+00 7.606219474123613544e+00 7.606219474123613544e+00 7.606219474123613544e+00 7.606219474123613544e+00 7.606219474123613544e+00 7.606219474123613544e+00 7.606219474123613544e+00 1.614778218717540170e+01 2.006180010358652055e+01 4.791328465265365111e+01 7.813740283493369532e+01 1.119868745938921251e+02 9.086899862825788432e+01 6.390330298218894711e+01 3.811209447679147644e+01 1.646016765763812728e+01 7.606219474123613544e+00 7.606219474123613544e+00
7.606219474123613544e+00 7.606219474123613544e+00 7.606219474123613544e+00 7.606219474123613544e+00 7.606219474123613544e+00 7.606219474123613544e+00 7.606219474123613544e+00 7.606219474123613544e+00 7.606219474123613544e+00 7.606219474123613544e+00 7.606219474123613544e+00 7.606219474123613544e+00 1.780497945824345152e+01 2.306884344127142228e+01 4.791328465265365111e+01 8.279660805586730987e+01 1.029306909248429633e+02 9.086899862825788432e+01 6.390330298218894711e+01 3.949177641012391859e+01 2.170860205542543397e+01 7.606219474123613544e+00 7.606219474123613544e+00 7.606219474123613544e+00
7.606219474123613544e+00 7.606219474123613544e+00 7.606219474123613544e+00 7.606219474123613544e+00 7.606219474123613544e+00 7.606219474123613544e+00 7.606219474123613544e+00 7.606219474123613544e+00 7.606219474123613544e+00 7.606219474123613544e+00 7.606219474123613544e+00 1.614778218717540170e+01 3.160245867709799583e+01 5.546981804790873127e+01 8.159670781893004232e+01 1.090617907469759302e+02 1.038280629557432491e+02 6.171873878801643087e+01 4.245827979885476111e+01 2.170860205542543397e+01 1.646016765763812728e+01 7.606219474123613544e+00 7.606219474123613544e+00 7.606219474123613544e+00
7.606219474123613544e+00 7.606219474123613544e+00 7.606219474123613544e+00 7.606219474123613544e+00 7.606219474123613544e+00 7.606219474123613544e+00 7.606219474123613544e+00 7.606219474123613544e+00 7.606219474123613544e+00 7.606219474123613544e+00 1.780497945824345152e+01 2.833785251072615452e+01 5.546981804790873127e+01 8.279660805586730987e+01 1.163403371320037962e+02 1.137339497148220318e+02 8.618227023319614943e+01 3.949177641012391859e+01 2.480730555623721045e+01 7.606219474123613544e+00 7.606219474123613544e+00 7.606219474123613544e+00 7.606219474123613544e+00 7.606219474123613544e+00
7.606219474123613544e+00 7.606219474123613544e+00 7.606219474123613544e+00 7.606219474123613544e+00 7.606219474123613544e+00 7.606219474123613544e+00 7.606219474123613544e+00 7.606219474123613544e+00 7.606219474123613544e+00 1.614778218717540170e+01 2.240201017040317311e+01 5.546981804790873127e+01 8.279660805586730987e+01 1.187836738622963253e+02 1.179903857723870715e+02 9.086899862825788432e+01 5.903593337350033465e+01 2.480730555623721045e+01 1.646016765763812728e+01 7.606219474123613544e+00 7.606219474123613544e+00 7.606219474123613544e+00 7.606219474123613544e+00 7.606219474123613544e+00
7.606219474123613544e+00 7.606219474123613544e+00 7.606219474123613544e+00 7.606219474123613544e+00 7.606219474123613544e+00 7.606219474123613544e+00 7.606219474123613544e+00 7.606219474123613544e+00 1.614778218717540170e+01 2.306884344127142228e+01 4.791328465265365111e+01 8.600880658436213366e+01 1.198227023319615796e+02 1.073578923302769965e+02 7.715336076817557398e+01 5.716617510823737547e+01 2.480730555623721045e+01 1.646016765763812728e+01 7.606219474123613544e+00 7.606219474123613544e+00 7.606219474123613544e+00 7.606219474123613544e+00 7.606219474123613544e+00 7.606219474123613544e+00
7.606219474123613544e+00 7.606219474123613544e+00 7.606219474123613544e+00 7.606219474123613544e+00 7.606219474123613544e+00 7.606219474123613544e+00 7.606219474123613544e+00 7.606219474123613544e+00 2.306884344127142228e+01 4.791328465265365111e+01 8.279660805586730987e+01 1.085534979423868265e+02 1.073578923302769965e+02 7.715336076817557398e+01 4.915201214142728503e+01 2.293312833100341308e+01 1.646016765763812728e+01 7.606219474123613544e+00 7.606219474123613544e+00 7.606219474123613544e+00 7.606219474123613544e+00 7.606219474123613544e+00 7.606219474123613544e+00 7.606219474123613544e+00
7.606219474123613544e+00 7.606219474123613544e+00 7.606219474123613544e+00 7.606219474123613544e+00 7.606219474123613544e+00 7.606219474123613544e+00 1.780497945824345152e+01 2.306884344127142228e+01 4.791328465265365111e+01 7.813740283493369532e+01 1.090617907469759302e+02 1.073578923302769965e+02 7.715336076817557398e+01 4.915201214142728503e+01 2.480730555623721045e+01 7.606219474123613544e+00 7.606219474123613544e+00 7.606219474123613544e+00 7.606219474123613544e+00 7.606219474123613544e+00 7.606219474123613544e+00 7.606219474123613544e+00 7.606219474123613544e+00 7.606219474123613544e+00
7.606219474123613544e+00 7.606219474123613544e+00 7.606219474123613544e+00 7.606219474123613544e+00 7.606219474123613544e+00 1.780497945824345152e+01 3.160245867709799583e+01 4.745633732329993393e+01 8.279660805586730987e+01 1.090617907469759302e+02 1.073578923302769965e+02 7.715336076817557398e+01 4.915201214142728503e+01 2.480730555623721045e+01 7.606219474123613544e+00 7.606219474123613544e+00 7.606219474123613544e+00 7.606219474123613544e+00 7.606219474123613544e+00 7.606219474123613544e+00 7.606219474123613544e+00 7.606219474123613544e+00 7.606219474123613544e+00 7.606219474123613544e+00
7.606219474123613544e+00 7.606219474123613544e+00 7.606219474123613544e+00 7.606219474123613544e+00 2.006180010358652055e+01 3.160245867709799583e+01 5.546981804790873127e+01 9.197119341563785611e+01 1.198227023319615796e+02 1.028151577503429337e+02 7.715336076817557398e+01 4.915201214142728503e+01 2.293312833100341308e+01 1.646016765763812728e+01 7.606219474123613544e+00 7.606219474123613544e+00 7.606219474123613544e+00 7.606219474123613544e+00 7.606219474123613544e+00 7.606219474123613544e+00 7.606219474123613544e+00 7.606219474123613544e+00 7.606219474123613544e+00 7.606219474123613544e+00
7.606219474123613544e+00 7.606219474123613544e+00 7.606219474123613544e+00 2.006180010358652055e+01 3.160245867709799583e+01 6.043730320682460899e+01 9.590522219032123985e+01 1.198227023319615796e+02 1.028151577503429337e+02 7.715336076817557398e+01 4.915201214142728503e+01 2.293312833100341308e+01 1.646016765763812728e+01 7.606219474123613544e+00 7.606219474123613544e+00 7.606219474123613544e+00 7.606219474123613544e+00 7.606219474123613544e+00 7.606219474123613544e+00 7.606219474123613544e+00 7.606219474123613544e+00 7.606219474123613544e+00 7.606219474123613544e+00 7.606219474123613544e+00
7.606219474123613544e+00 7.606219474123613544e+00 2.006180010358652055e+01 4.118318629195199776e+01 7.145697302240510851e+01 9.590522219032123985e+01 1.198227023319615796e+02 9.980761316872427358e+01 7.715336076817557398e+01 4.915201214142728503e+01 2.480730555623721045e+01 1.646016765763812728e+01 7.606219474123613544e+00 7.606219474123613544e+00 7.606219474123613544e+00 7.606219474123613544e+00 7.606219474123613544e+00 7.606219474123613544e+00 7.606219474123613544e+00 7.606219474123613544e+00 7.606219474123613544e+00 7.606219474123613544e+00 7.606219474123613544e+00 7.606219474123613544e+00
7.606219474123613544e+00 1.780497945824345152e+01 2.833785251072615452e+01 6.069929123156392592e+01 9.590522219032123985e+01 1.198227023319615796e+02 9.686008987426791350e+01 6.390330298218894711e+01 3.743070290556031665e+01 2.331285673965739846e+01 1.646016765763812728e+01 7.606219474123613544e+00 7.606219474123613544e+00 7.606219474123613544e+00 7.606219474123613544e+00 7.606219474123613544e+00 7.606219474123613544e+00 7.606219474123613544e+00 7.606219474123613544e+00 7.606219474123613544e+00 7.606219474123613544e+00 7.606219474123613544e+00 7.606219474123613544e+00 7.606219474123613544e+00
7.606219474123613544e+00 2.200124446789920540e+01 4.628366929639179972e+01 8.762757201646090266e+01 1.110184824200418632e+02 9.980761316872427358e+01 6.390330298218894711e+01 3.949177641012391859e+01 1.646016765763812728e+01 7.606219474123613544e+00 7.606219474123613544e+00 7.606219474123613544e+00 7.606219474123613544e+00 7.606219474123613544e+00 7.606219474123613544e+00 7.606219474123613544e+00 7.606219474123613544e+00 7.606219474123613544e+00 7.606219474123613544e+00 7.606219474123613544e+00 7.606219474123613544e+00 7.606219474123613544e+00 7.606219474123613544e+00 7.606219474123613544e+00
