7.470132839265032132e+00 7.470132839265032132e+00 7.470132839265032132e+00 7.470132839265032132e+00 7.470132839265032132e+00 7.470132839265032132e+00 7.470132839265032132e+00 7.470132839265032132e+00 7.470132839265032132e+00 7.470132839265032132e+00 7.470132839265032132e+00 7.470132839265032132e+00 7.470132839265032132e+00 7.470132839265032132e+00 7.470132839265032132e+00 7.470132839265032132e+00 7.470132839265032132e+00 7.470132839265032132e+00 7.470132839265032132e+00 7.470132839265032132e+00 7.470132839265032132e+00 7.470132839265032132e+00 7.470132839265032132e+00 7.470132839265032132e+00
7.470132839265032132e+00 7.470132839265032132e+00 7.470132839265032132e+00 7.470132839265032132e+00 7.470132839265032132e+00 7.470132839265032132e+00 7.470132839265032132e+00 7.470132839265032132e+00 7.470132839265032132e+00 7.470132839265032132e+00 7.470132839265032132e+00 7.470132839265032132e+00 7.470132839265032132e+00 7.470132839265032132e+00 7.470132839265032132e+00 7.470132839265032132e+00 1.482609580391727278e+01 7.470132839265032132e+00 7.470132839265032132e+00 7.470132839265032132e+00 7.470132839265032132e+00 7.470132839265032132e+00 7.470132839265032132e+00 7.470132839265032132e+00
7.470132839265032132e+00 7.470132839265032132e+00 7.470132839265032132e+00 7.470132839265032132e+00 7.470132839265032132e+00 7.470132839265032132e+00 7.470132839265032132e+00 7.470132839265032132e+00 7.470132839265032132e+00 7.470132839265032132e+00 7.470132839265032132e+00 7.470132839265032132e+00 7.470132839265032132e+00 7.470132839265032132e+00 1.545230931315171574e+01 2.002792678135248039e+01 2.984601697779368124e+01 2.429679077357253547e+01 1.482609580391727278e+01 7.470132839265032132e+00 7.470132839265032132e+00 7.470132839265032132e+00 7.470132839265032132e+00 7.470132839265032132e+00
7.470132839265032132e+00 7.470132839265032132e+00 7.470132839265032132e+00 7.470132839265032132e+00 7.470132839265032132e+00 7.470132839265032132e+00 7.470132839265032132e+00 7.470132839265032132e+00 1.545230931315171574e+01 1.919411888613126038e+01 2.287652808883123612e+01 1.700534334819505133e+01 7.470132839265032132e+00 1.545230931315171574e+01 2.833785251072615452e+01 4.710072735589851334e+01 5.020135902242806480e+01 3.424999970781922087e+01 1.818316502860892214e+01 7.470132839265032132e+00 7.470132839265032132e+00 7.470132839265032132e+00 7.470132839265032132e+00 7.470132839265032132e+00
7.470132839265032132e+00 7.470132839265032132e+00 7.470132839265032132e+00 7.470132839265032132e+00 7.470132839265032132e+00 7.470132839265032132e+00 7.470132839265032132e+00 1.545230931315171574e+01 2.117863243407528628e+01 3.530453659179536885e+01 3.649983815543677679e+01 2.626427033217574092e+01 1.700534334819505133e+01 1.814837436804803872e+01 3.261430168645290451e+01 6.246860757938701170e+01 6.380178326474622708e+01 4.576902381174030410e+01 1.926773203055684647e+01 7.470132839265032132e+00 7.470132839265032132e+00 7.470132839265032132e+00 7.470132839265032132e+00 7.470132839265032132e+00
7.470132839265032132e+00 7.470132839265032132e+00 7.470132839265032132e+00 7.470132839265032132e+00 7.470132839265032132e+00 7.470132839265032132e+00 7.470132839265032132e+00 1.814837436804803872e+01 4.114937853320145678e+01 5.395953360768175600e+01 6.380178326474622708e+01 3.401219089517807248e+01 1.722308690280358690e+01 1.866245827890308462e+01 5.109393031165355836e+01 6.743827160493826511e+01 6.380178326474622708e+01 4.750157916632387156e+01 1.769313366564238521e+01 7.470132839265032132e+00 7.470132839265032132e+00 7.470132839265032132e+00 7.470132839265032132e+00 7.470132839265032132e+00
7.470132839265032132e+00 7.470132839265032132e+00 7.470132839265032132e+00 7.470132839265032132e+00 7.470132839265032132e+00 7.470132839265032132e+00 7.470132839265032132e+00 2.361435460699207312e+01 5.109393031165355836e+01 7.532990397805214400e+01 6.380178326474622708e+01 3.803447915940139978e+01 1.722308690280358690e+01 2.361435460699207312e+01 6.069929123156392592e+01 8.810973936899861769e+01 7.758984910836761628e+01 4.035277843788591667e+01 1.769313366564238521e+01 7.470132839265032132e+00 7.470132839265032132e+00 7.470132839265032132e+00 7.470132839265032132e+00 7.470132839265032132e+00
7.470132839265032132e+00 7.470132839265032132e+00 7.470132839265032132e+00 7.470132839265032132e+00 7.470132839265032132e+00 7.470132839265032132e+00 1.545230931315171574e+01 3.574390089628592904e+01 6.246860757938701170e+01 7.532990397805214400e+01 6.096678551111693167e+01 3.003401443554567507e+01 1.508557469062351508e+01 3.574390089628592904e+01 6.830309882092470275e+01 1.020130315500685754e+02 7.758984910836761628e+01 3.803447915940139978e+01 1.769313366564238521e+01 7.470132839265032132e+00 7.470132839265032132e+00 7.470132839265032132e+00 7.470132839265032132e+00 7.470132839265032132e+00
7.470132839265032132e+00 7.470132839265032132e+00 7.470132839265032132e+00 7.470132839265032132e+00 7.470132839265032132e+00 7.470132839265032132e+00 1.814837436804803872e+01 4.223927677707953166e+01 6.743827160493826511e+01 9.238683127572015508e+01 6.096678551111693167e+01 2.663199378215016822e+01 2.198782661814020756e+01 4.223927677707953166e+01 8.046398297632865138e+01 9.527457704618197454e+01 6.398355869096609183e+01 3.003401443554567507e+01 7.470132839265032132e+00 7.470132839265032132e+00 7.470132839265032132e+00 7.470132839265032132e+00 7.470132839265032132e+00 7.470132839265032132e+00
7.470132839265032132e+00 7.470132839265032132e+00 7.470132839265032132e+00 7.470132839265032132e+00 7.470132839265032132e+00 7.470132839265032132e+00 2.909839847619016595e+01 6.069929123156392592e+01 8.911522633744854716e+01 8.694828532235938212e+01 4.750157916632387156e+01 1.995421387206560482e+01 2.909839847619016595e+01 6.069929123156392592e+01 8.911522633744854716e+01 9.841723822588019743e+01 5.593084230114166644e+01 1.926773203055684647e+01 7.470132839265032132e+00 7.470132839265032132e+00 7.470132839265032132e+00 7.470132839265032132e+00 7.470132839265032132e+00 7.470132839265032132e+00
7.470132839265032132e+00 7.470132839265032132e+00 7.470132839265032132e+00 7.470132839265032132e+00 7.470132839265032132e+00 1.759444905265100800e+01 4.223927677707953166e+01 8.046398297632865138e+01 9.238683127572015508e+01 8.609019204389574043e+01 4.443379572939064559e+01 3.764793824895061647e+01 5.223754031809587417e+01 8.046398297632865138e+01 1.061073388203017771e+02 8.694828532235938212e+01 4.750157916632387156e+01 1.769313366564238521e+01 7.470132839265032132e+00 7.470132839265032132e+00 7.470132839265032132e+00 7.470132839265032132e+00 7.470132839265032132e+00 7.470132839265032132e+00
7.470132839265032132e+00 7.470132839265032132e+00 7.470132839265032132e+00 7.470132839265032132e+00 7.470132839265032132e+00 1.866245827890308462e+01 6.069929123156392592e+01 9.917163622361802311e+01 1.136885423435130917e+02 1.011069958847736530e+02 8.427572016460905502e+01 7.270034469417186074e+01 9.246136259716504924e+01 1.167914394103477775e+02 1.150503754241570817e+02 8.141906721536352620e+01 4.249935422808340491e+01 1.769313366564238521e+01 7.470132839265032132e+00 7.470132839265032132e+00 7.470132839265032132e+00 7.470132839265032132e+00 7.470132839265032132e+00 7.470132839265032132e+00
7.470132839265032132e+00 7.470132839265032132e+00 7.470132839265032132e+00 7.470132839265032132e+00 7.470132839265032132e+00 2.950503011837144385e+01 6.830309882092470275e+01 1.054617363089585211e+02 1.189721719250114091e+02 1.040020576131687022e+02 9.238683127572015508e+01 9.045953360768174889e+01 1.084714220393232580e+02 1.244542872397761499e+02 1.137339497148220318e+02 8.141906721536352620e+01 3.803447915940139978e+01 1.769313366564238521e+01 7.470132839265032132e+00 7.470132839265032132e+00 7.470132839265032132e+00 7.470132839265032132e+00 7.470132839265032132e+00 7.470132839265032132e+00
7.470132839265032132e+00 7.470132839265032132e+00 7.470132839265032132e+00 7.470132839265032132e+00 7.470132839265032132e+00 2.615019528369455770e+01 6.028591254108370379e+01 8.494236878203739138e+01 9.430589849108365286e+01 9.430589849108365286e+01 8.833744855967078990e+01 8.852949245541837797e+01 1.095741871826342191e+02 1.219489903340032555e+02 1.035270738574832166e+02 6.692837775762298236e+01 3.003401443554567507e+01 1.529206523616248070e+01 7.470132839265032132e+00 7.470132839265032132e+00 7.470132839265032132e+00 7.470132839265032132e+00 7.470132839265032132e+00 7.470132839265032132e+00
7.470132839265032132e+00 7.470132839265032132e+00 7.470132839265032132e+00 7.470132839265032132e+00 7.470132839265032132e+00 2.308209022247088171e+01 3.362162610603300550e+01 5.262648678252602963e+01 6.058148022363474894e+01 6.642461713816159374e+01 4.358902100589510553e+01 6.147409454783693405e+01 8.494236878203739138e+01 1.092897805212620028e+02 1.035270738574832166e+02 5.990743748226564946e+01 2.294426819222515945e+01 7.470132839265032132e+00 7.470132839265032132e+00 7.470132839265032132e+00 7.470132839265032132e+00 7.470132839265032132e+00 7.470132839265032132e+00 7.470132839265032132e+00
7.470132839265032132e+00 7.470132839265032132e+00 7.470132839265032132e+00 7.470132839265032132e+00 7.470132839265032132e+00 7.470132839265032132e+00 2.538925268326489615e+01 2.538925268326489615e+01 2.765738465711870475e+01 2.859100139806130514e+01 2.137041677085029079e+01 3.574390089628592904e+01 6.830309882092470275e+01 1.092897805212620028e+02 8.694828532235938212e+01 4.750157916632387156e+01 1.769313366564238521e+01 7.470132839265032132e+00 7.470132839265032132e+00 7.470132839265032132e+00 7.470132839265032132e+00 7.470132839265032132e+00 7.470132839265032132e+00 7.470132839265032132e+00
7.470132839265032132e+00 7.470132839265032132e+00 7.470132839265032132e+00 7.470132839265032132e+00 7.470132839265032132e+00 7.470132839265032132e+00 7.470132839265032132e+00 7.470132839265032132e+00 7.470132839265032132e+00 7.470132839265032132e+00 1.759444905265100800e+01 4.223927677707953166e+01 7.903017832647462626e+01 9.527457704618197454e+01 7.758984910836761628e+01 3.803447915940139978e+01 1.769313366564238521e+01 7.470132839265032132e+00 7.470132839265032132e+00 7.470132839265032132e+00 7.470132839265032132e+00 7.470132839265032132e+00 7.470132839265032132e+00 7.470132839265032132e+00
7.470132839265032132e+00 7.470132839265032132e+00 7.470132839265032132e+00 7.470132839265032132e+00 7.470132839265032132e+00 7.470132839265032132e+00 7.470132839265032132e+00 7.470132839265032132e+00 7.470132839265032132e+00 7.470132839265032132e+00 1.814837436804803872e+01 5.088420426997631552e+01 9.917163622361802311e+01 1.020130315500685754e+02 6.398355869096609183e+01 3.003401443554567507e+01 7.470132839265032132e+00 7.470132839265032132e+00 7.470132839265032132e+00 7.470132839265032132e+00 7.470132839265032132e+00 7.470132839265032132e+00 7.470132839265032132e+00 7.470132839265032132e+00
7.470132839265032132e+00 7.470132839265032132e+00 7.470132839265032132e+00 7.470132839265032132e+00 7.470132839265032132e+00 7.470132839265032132e+00 7.470132839265032132e+00 7.470132839265032132e+00 7.470132839265032132e+00 7.470132839265032132e+00 2.676880041230967322e+01 5.088420426997631552e+01 1.018801836024058218e+02 9.238683127572015508e+01 5.593084230114166644e+01 2.663199378215016822e+01 7.470132839265032132e+00 7.470132839265032132e+00 7.470132839265032132e+00 7.470132839265032132e+00 7.470132839265032132e+00 7.470132839265032132e+00 7.470132839265032132e+00 7.470132839265032132e+00
7.470132839265032132e+00 7.470132839265032132e+00 7.470132839265032132e+00 7.470132839265032132e+00 7.470132839265032132e+00 7.470132839265032132e+00 7.470132839265032132e+00 7.470132839265032132e+00 7.470132839265032132e+00 7.470132839265032132e+00 2.950503011837144385e+01 6.780893519937343683e+01 1.018801836024058218e+02 9.841723822588019743e+01 5.593084230114166644e+01 1.926773203055684647e+01 7.470132839265032132e+00 7.470132839265032132e+00 7.470132839265032132e+00 7.470132839265032132e+00 7.470132839265032132e+00 7.470132839265032132e+00 7.470132839265032132e+00 7.470132839265032132e+00
7.470132839265032132e+00 7.470132839265032132e+00 7.470132839265032132e+00 7.470132839265032132e+00 7.470132839265032132e+00 7.470132839265032132e+00 7.470132839265032132e+00 7.470132839265032132e+00 7.470132839265032132e+00 1.545230931315171574e+01 3.574390089628592904e+01 6.830309882092470275e+01 9.753543667123913963e+01 8.694828532235938212e+01 4.750157916632387156e+01 1.769313366564238521e+01 7.470132839265032132e+00 7.470132839265032132e+00 7.470132839265032132e+00 7.470132839265032132e+00 7.470132839265032132e+00 7.470132839265032132e+00 7.470132839265032132e+00 7.470132839265032132e+00
7.470132839265032132e+00 7.470132839265032132e+00 7.470132839265032132e+00 7.470132839265032132e+00 7.470132839265032132e+00 7.470132839265032132e+00 7.470132839265032132e+00 7.470132839265032132e+00 7.470132839265032132e+00 1.814837436804803872e+01 2.950503011837144385e+01 6.856790123456789843e+01 9.527457704618197454e+01 6.909033901626494867e+01 3.585075824133139122e+01 1.529206523616248070e+01 7.470132839265032132e+00 7.470132839265032132e+00 7.470132839265032132e+00 7.470132839265032132e+00 7.470132839265032132e+00 7.470132839265032132e+00 7.470132839265032132e+00 7.470132839265032132e+00
7.470132839265032132e+00 7.470132839265032132e+00 7.470132839265032132e+00 7.470132839265032132e+00 7.470132839265032132e+00 7.470132839265032132e+00 7.470132839265032132e+00 7.470132839265032132e+00 7.470132839265032132e+00 1.545230931315171574e+01 3.235631248930675952e+01 5.262648678252602963e+01 6.845061728395062062e+01 4.608124808058472155e+01 2.180783867269020604e+01 7.470132839265032132e+00 7.470132839265032132e+00 7.470132839265032132e+00 7.470132839265032132e+00 7.470132839265032132e+00 7.470132839265032132e+00 7.470132839265032132e+00 7.470132839265032132e+00 7.470132839265032132e+00
7.470132839265032132e+00 7.470132839265032132e+00 7.470132839265032132e+00 7.470132839265032132e+00 7.470132839265032132e+00 7.470132839265032132e+00 7.470132839265032132e+00 7.470132839265032132e+00 7.470132839265032132e+00 7.470132839265032132e+00 2.508632014899781382e+01 3.362162610603300550e+01 2.988021550825048323e+01 2.479811198170047248e+01 1.529206523616248070e+01 7.470132839265032132e+00 7.470132839265032132e+00 7.470132839265032132e+00 7.470132839265032132e+00 7.470132839265032132e+00 7.470132839265032132e+00 7.470132839265032132e+00 7.470132839265032132e+00 7.470132839265032132e+00
