7.484444224016714386e+00 7.484444224016714386e+00 7.484444224016714386e+00 7.484444224016714386e+00 7.484444224016714386e+00 7.484444224016714386e+00 7.484444224016714386e+00 7.484444224016714386e+00 7.484444224016714386e+00 7.484444224016714386e+00 7.484444224016714386e+00 7.484444224016714386e+00 7.484444224016714386e+00 7.484444224016714386e+00 7.484444224016714386e+00 1.536644408465288159e+01 1.620064095406635474e+01 7.484444224016714386e+00 7.484444224016714386e+00 7.484444224016714386e+00 7.484444224016714386e+00 7.484444224016714386e+00 7.484444224016714386e+00 7.484444224016714386e+00
7.484444224016714386e+00 7.484444224016714386e+00 7.484444224016714386e+00 7.484444224016714386e+00 7.484444224016714386e+00 7.484444224016714386e+00 7.484444224016714386e+00 7.484444224016714386e+00 7.484444224016714386e+00 7.484444224016714386e+00 7.484444224016714386e+00 7.484444224016714386e+00 7.484444224016714386e+00 7.484444224016714386e+00 1.725902660996344196e+01 2.477247712466310503e+01 2.935011346062422888e+01 2.446977533690731121e+01 1.620064095406635474e+01 7.484444224016714386e+00 7.484444224016714386e+00 7.484444224016714386e+00 7.484444224016714386e+00 7.484444224016714386e+00
7.484444224016714386e+00 7.484444224016714386e+00 7.484444224016714386e+00 7.484444224016714386e+00 7.484444224016714386e+00 7.484444224016714386e+00 7.484444224016714386e+00 7.484444224016714386e+00 7.484444224016714386e+00 7.484444224016714386e+00 7.484444224016714386e+00 7.484444224016714386e+00 7.484444224016714386e+00 1.536644408465288159e+01 3.219789007835434802e+01 5.657462364836604252e+01 5.964434504284208316e+01 4.850998164543491953e+01 1.860442098956449897e+01 7.484444224016714386e+00 7.484444224016714386e+00 7.484444224016714386e+00 7.484444224016714386e+00 7.484444224016714386e+00
7.484444224016714386e+00 7.484444224016714386e+00 7.484444224016714386e+00 7.484444224016714386e+00 7.484444224016714386e+00 7.484444224016714386e+00 7.484444224016714386e+00 7.484444224016714386e+00 7.484444224016714386e+00 7.484444224016714386e+00 7.484444224016714386e+00 7.484444224016714386e+00 7.484444224016714386e+00 1.865824087846005597e+01 4.979397322882672938e+01 7.809430727023318752e+01 8.931893004115225665e+01 6.273353909465019029e+01 2.731000946427140263e+01 7.484444224016714386e+00 7.484444224016714386e+00 7.484444224016714386e+00 7.484444224016714386e+00 7.484444224016714386e+00
7.484444224016714386e+00 7.484444224016714386e+00 7.484444224016714386e+00 7.484444224016714386e+00 7.484444224016714386e+00 7.484444224016714386e+00 7.484444224016714386e+00 7.484444224016714386e+00 7.484444224016714386e+00 7.484444224016714386e+00 7.484444224016714386e+00 7.484444224016714386e+00 7.484444224016714386e+00 2.909552141811823489e+01 6.563380199438277884e+01 1.019238683127571932e+02 9.910013717421125534e+01 6.396658828140308373e+01 2.746006817450047421e+01 7.484444224016714386e+00 7.484444224016714386e+00 7.484444224016714386e+00 7.484444224016714386e+00 7.484444224016714386e+00
7.484444224016714386e+00 7.484444224016714386e+00 7.484444224016714386e+00 7.484444224016714386e+00 7.484444224016714386e+00 7.484444224016714386e+00 7.484444224016714386e+00 7.484444224016714386e+00 7.484444224016714386e+00 7.484444224016714386e+00 7.484444224016714386e+00 7.484444224016714386e+00 1.725902660996344196e+01 4.037343005158501796e+01 8.022736625514401965e+01 1.078971193415637799e+02 9.378875171467763039e+01 5.350937573774037759e+01 1.795134332295833346e+01 7.484444224016714386e+00 7.484444224016714386e+00 7.484444224016714386e+00 7.484444224016714386e+00 7.484444224016714386e+00
7.484444224016714386e+00 7.484444224016714386e+00 7.484444224016714386e+00 7.484444224016714386e+00 7.484444224016714386e+00 7.484444224016714386e+00 7.484444224016714386e+00 7.484444224016714386e+00 7.484444224016714386e+00 7.484444224016714386e+00 7.484444224016714386e+00 7.484444224016714386e+00 2.077346980975777058e+01 5.339277375228540734e+01 9.201490626428898167e+01 9.782304526748970375e+01 6.908142269253379197e+01 3.560756949547240424e+01 1.644475427065106743e+01 7.484444224016714386e+00 7.484444224016714386e+00 7.484444224016714386e+00 7.484444224016714386e+00 7.484444224016714386e+00
7.484444224016714386e+00 7.484444224016714386e+00 7.484444224016714386e+00 7.484444224016714386e+00 7.484444224016714386e+00 7.484444224016714386e+00 7.484444224016714386e+00 7.484444224016714386e+00 7.484444224016714386e+00 7.484444224016714386e+00 7.484444224016714386e+00 1.536644408465288159e+01 3.603111914687237061e+01 7.620615324319027195e+01 1.078971193415637799e+02 9.665370043765103958e+01 6.314865145636510135e+01 2.209229417599317813e+01 7.484444224016714386e+00 7.484444224016714386e+00 7.484444224016714386e+00 7.484444224016714386e+00 7.484444224016714386e+00 7.484444224016714386e+00
7.484444224016714386e+00 7.484444224016714386e+00 7.484444224016714386e+00 7.484444224016714386e+00 7.484444224016714386e+00 7.484444224016714386e+00 7.484444224016714386e+00 7.484444224016714386e+00 7.484444224016714386e+00 7.484444224016714386e+00 1.536644408465288159e+01 2.712159470846376053e+01 6.444854033875122923e+01 9.915654706038071708e+01 1.163415637860082086e+02 8.511865569272976018e+01 4.750157916632387156e+01 1.689571612883820606e+01 7.484444224016714386e+00 7.484444224016714386e+00 7.484444224016714386e+00 7.484444224016714386e+00 7.484444224016714386e+00 7.484444224016714386e+00
7.484444224016714386e+00 7.484444224016714386e+00 7.484444224016714386e+00 7.484444224016714386e+00 7.484444224016714386e+00 7.484444224016714386e+00 7.484444224016714386e+00 7.484444224016714386e+00 7.484444224016714386e+00 7.484444224016714386e+00 2.077346980975777058e+01 5.017521227182123766e+01 9.201490626428898167e+01 1.187257869467908478e+02 1.084509602194787306e+02 7.548776863283035254e+01 3.293181266742368507e+01 1.644475427065106743e+01 7.484444224016714386e+00 7.484444224016714386e+00 7.484444224016714386e+00 7.484444224016714386e+00 7.484444224016714386e+00 7.484444224016714386e+00
7.484444224016714386e+00 7.484444224016714386e+00 7.484444224016714386e+00 7.484444224016714386e+00 7.484444224016714386e+00 7.484444224016714386e+00 7.484444224016714386e+00 7.484444224016714386e+00 7.484444224016714386e+00 1.536644408465288159e+01 3.219789007835434802e+01 7.186044016631912257e+01 1.112064471879286600e+02 1.223805473904239278e+02 9.250480109739368118e+01 4.951030627410801799e+01 2.180783867269020604e+01 7.484444224016714386e+00 7.484444224016714386e+00 7.484444224016714386e+00 7.484444224016714386e+00 7.484444224016714386e+00 7.484444224016714386e+00 7.484444224016714386e+00
7.484444224016714386e+00 7.484444224016714386e+00 7.484444224016714386e+00 7.484444224016714386e+00 7.484444224016714386e+00 7.484444224016714386e+00 7.484444224016714386e+00 7.484444224016714386e+00 7.484444224016714386e+00 1.865824087846005597e+01 4.979397322882672938e+01 9.541426611796981661e+01 1.160349794238683074e+02 1.002084923307145488e+02 5.893286546304378959e+01 2.851004212923912107e+01 1.644475427065106743e+01 7.484444224016714386e+00 7.484444224016714386e+00 7.484444224016714386e+00 7.484444224016714386e+00 7.484444224016714386e+00 7.484444224016714386e+00 7.484444224016714386e+00
7.484444224016714386e+00 7.484444224016714386e+00 7.484444224016714386e+00 7.484444224016714386e+00 7.484444224016714386e+00 7.484444224016714386e+00 7.484444224016714386e+00 7.484444224016714386e+00 1.476763291604230766e+01 2.927750098611480567e+01 6.888271604938270798e+01 1.045836762688614385e+02 1.084509602194787306e+02 8.038497942386830175e+01 4.060781830289590744e+01 1.901474512077659540e+01 7.484444224016714386e+00 7.484444224016714386e+00 7.484444224016714386e+00 7.484444224016714386e+00 7.484444224016714386e+00 7.484444224016714386e+00 7.484444224016714386e+00 7.484444224016714386e+00
7.484444224016714386e+00 7.484444224016714386e+00 7.484444224016714386e+00 7.484444224016714386e+00 7.484444224016714386e+00 7.484444224016714386e+00 7.484444224016714386e+00 7.484444224016714386e+00 1.725902660996344196e+01 4.149734807366593969e+01 8.558607681755830754e+01 1.078971193415637799e+02 9.378875171467763039e+01 5.893286546304378959e+01 2.550558854943460929e+01 7.484444224016714386e+00 7.484444224016714386e+00 7.484444224016714386e+00 7.484444224016714386e+00 7.484444224016714386e+00 7.484444224016714386e+00 7.484444224016714386e+00 7.484444224016714386e+00 7.484444224016714386e+00
7.484444224016714386e+00 7.484444224016714386e+00 7.484444224016714386e+00 7.484444224016714386e+00 7.484444224016714386e+00 7.484444224016714386e+00 7.484444224016714386e+00 1.476763291604230766e+01 2.927750098611480567e+01 6.563380199438277884e+01 1.085534979423868265e+02 1.084509602194787306e+02 8.038497942386830175e+01 3.952302533472794721e+01 1.901474512077659540e+01 7.484444224016714386e+00 7.484444224016714386e+00 7.484444224016714386e+00 7.484444224016714386e+00 7.484444224016714386e+00 7.484444224016714386e+00 7.484444224016714386e+00 7.484444224016714386e+00 7.484444224016714386e+00
7.484444224016714386e+00 7.484444224016714386e+00 7.484444224016714386e+00 7.484444224016714386e+00 7.484444224016714386e+00 7.484444224016714386e+00 7.484444224016714386e+00 2.099427377928225980e+01 5.017521227182123766e+01 8.558607681755830754e+01 1.160349794238683074e+02 1.045011323982733984e+02 6.314865145636510135e+01 2.550558854943460929e+01 7.484444224016714386e+00 7.484444224016714386e+00 7.484444224016714386e+00 7.484444224016714386e+00 7.484444224016714386e+00 7.484444224016714386e+00 7.484444224016714386e+00 7.484444224016714386e+00 7.484444224016714386e+00 7.484444224016714386e+00
7.484444224016714386e+00 7.484444224016714386e+00 7.484444224016714386e+00 7.484444224016714386e+00 7.484444224016714386e+00 7.484444224016714386e+00 1.616804231605852848e+01 3.219789007835434802e+01 7.186044016631912257e+01 1.085534979423868265e+02 1.084509602194787306e+02 8.082601737540009879e+01 4.060781830289590744e+01 1.689571612883820606e+01 7.484444224016714386e+00 7.484444224016714386e+00 7.484444224016714386e+00 7.484444224016714386e+00 7.484444224016714386e+00 7.484444224016714386e+00 7.484444224016714386e+00 7.484444224016714386e+00 7.484444224016714386e+00 7.484444224016714386e+00
7.484444224016714386e+00 7.484444224016714386e+00 7.484444224016714386e+00 7.484444224016714386e+00 7.484444224016714386e+00 7.484444224016714386e+00 2.077346980975777058e+01 5.366911290508929966e+01 9.201490626428898167e+01 1.160349794238683074e+02 1.002084923307145488e+02 5.909359975495706863e+01 2.851004212923912107e+01 1.644475427065106743e+01 7.484444224016714386e+00 7.484444224016714386e+00 7.484444224016714386e+00 7.484444224016714386e+00 7.484444224016714386e+00 7.484444224016714386e+00 7.484444224016714386e+00 7.484444224016714386e+00 7.484444224016714386e+00 7.484444224016714386e+00
7.484444224016714386e+00 7.484444224016714386e+00 7.484444224016714386e+00 7.484444224016714386e+00 7.484444224016714386e+00 1.725902660996344196e+01 4.149734807366593969e+01 8.046398297632865138e+01 1.078971193415637799e+02 1.060590472627509655e+02 7.296570644718792664e+01 3.821542117354929502e+01 1.901474512077659540e+01 7.484444224016714386e+00 7.484444224016714386e+00 7.484444224016714386e+00 7.484444224016714386e+00 7.484444224016714386e+00 7.484444224016714386e+00 7.484444224016714386e+00 7.484444224016714386e+00 7.484444224016714386e+00 7.484444224016714386e+00 7.484444224016714386e+00
7.484444224016714386e+00 7.484444224016714386e+00 7.484444224016714386e+00 7.484444224016714386e+00 1.476763291604230766e+01 2.628542722377049401e+01 6.425887813406039584e+01 9.915654706038071708e+01 1.050709876543209873e+02 8.038497942386830175e+01 4.643403392657284456e+01 2.204085524255175699e+01 7.484444224016714386e+00 7.484444224016714386e+00 7.484444224016714386e+00 7.484444224016714386e+00 7.484444224016714386e+00 7.484444224016714386e+00 7.484444224016714386e+00 7.484444224016714386e+00 7.484444224016714386e+00 7.484444224016714386e+00 7.484444224016714386e+00 7.484444224016714386e+00
7.484444224016714386e+00 7.484444224016714386e+00 7.484444224016714386e+00 7.484444224016714386e+00 1.619154875353312306e+01 3.945922029211266846e+01 7.221810699588476723e+01 1.046460905349794075e+02 9.473251028806583918e+01 5.481137684479754313e+01 2.266610193403023743e+01 7.484444224016714386e+00 7.484444224016714386e+00 7.484444224016714386e+00 7.484444224016714386e+00 7.484444224016714386e+00 7.484444224016714386e+00 7.484444224016714386e+00 7.484444224016714386e+00 7.484444224016714386e+00 7.484444224016714386e+00 7.484444224016714386e+00 7.484444224016714386e+00 7.484444224016714386e+00
7.484444224016714386e+00 7.484444224016714386e+00 7.484444224016714386e+00 7.484444224016714386e+00 1.735289479435479620e+01 3.301359381880919841e+01 5.532619727336003024e+01 7.194032921810699577e+01 6.645482694181029615e+01 3.346199726308567790e+01 1.901474512077659540e+01 7.484444224016714386e+00 7.484444224016714386e+00 7.484444224016714386e+00 7.484444224016714386e+00 7.484444224016714386e+00 7.484444224016714386e+00 7.484444224016714386e+00 7.484444224016714386e+00 7.484444224016714386e+00 7.484444224016714386e+00 7.484444224016714386e+00 7.484444224016714386e+00 7.484444224016714386e+00
7.484444224016714386e+00 7.484444224016714386e+00 7.484444224016714386e+00 7.484444224016714386e+00 7.484444224016714386e+00 2.440210239994764763e+01 3.299635175117260388e+01 3.785336920793294269e+01 2.913746614513075173e+01 1.901474512077659540e+01 7.484444224016714386e+00 7.484444224016714386e+00 7.484444224016714386e+00 7.484444224016714386e+00 7.484444224016714386e+00 7.484444224016714386e+00 7.484444224016714386e+00 7.484444224016714386e+00 7.484444224016714386e+00 7.484444224016714386e+00 7.484444224016714386e+00 7.484444224016714386e+00 7.484444224016714386e+00 7.484444224016714386e+00
7.484444224016714386e+00 7.484444224016714386e+00 7.484444224016714386e+00 7.484444224016714386e+00 7.484444224016714386e+00 1.548626642010560062e+01 2.011889738375283088e+01 2.011889738375283088e+01 1.922115007410724274e+01 7.484444224016714386e+00 7.484444224016714386e+00 7.484444224016714386e+00 7.484444224016714386e+00 7.484444224016714386e+00 7.484444224016714386e+00 7.484444224016714386e+00 7.484444224016714386e+00 7.484444224016714386e+00 7.484444224016714386e+00 7.484444224016714386e+00 7.484444224016714386e+00 7.484444224016714386e+00 7.484444224016714386e+00 7.484444224016714386e+00
