7.467517791706165475e+00 7.467517791706165475e+00 7.467517791706165475e+00 7.467517791706165475e+00 7.467517791706165475e+00 7.467517791706165475e+00 7.467517791706165475e+00 7.467517791706165475e+00 7.467517791706165475e+00 7.467517791706165475e+00 1.536644408465288159e+01 2.547739968804783572e+01 2.935011346062422888e+01 2.446977533690731121e+01 1.620064095406635474e+01 7.467517791706165475e+00 7.467517791706165475e+00 7.467517791706165475e+00 7.467517791706165475e+00 7.467517791706165475e+00 7.467517791706165475e+00 7.467517791706165475e+00 7.467517791706165475e+00 7.467517791706165475e+00
7.467517791706165475e+00 7.467517791706165475e+00 7.467517791706165475e+00 7.467517791706165475e+00 7.467517791706165475e+00 7.467517791706165475e+00 7.467517791706165475e+00 7.467517791706165475e+00 7.467517791706165475e+00 1.476763291604230766e+01 2.628542722377049401e+01 4.710072735589851334e+01 6.086229722309040824e+01 5.045486150586440033e+01 2.745574647111530098e+01 7.467517791706165475e+00 7.467517791706165475e+00 7.467517791706165475e+00 7.467517791706165475e+00 7.467517791706165475e+00 7.467517791706165475e+00 7.467517791706165475e+00 7.467517791706165475e+00 7.467517791706165475e+00
7.467517791706165475e+00 7.467517791706165475e+00 7.467517791706165475e+00 7.467517791706165475e+00 7.467517791706165475e+00 7.467517791706165475e+00 7.467517791706165475e+00 7.467517791706165475e+00 7.467517791706165475e+00 1.476763291604230766e+01 3.603111914687237061e+01 7.034567901234566989e+01 1.069766563184366959e+02 8.544718792866940760e+01 4.444503677010270337e+01 1.818316502860892214e+01 7.467517791706165475e+00 7.467517791706165475e+00 7.467517791706165475e+00 7.467517791706165475e+00 7.467517791706165475e+00 7.467517791706165475e+00 7.467517791706165475e+00 7.467517791706165475e+00
7.467517791706165475e+00 7.467517791706165475e+00 7.467517791706165475e+00 7.467517791706165475e+00 7.467517791706165475e+00 7.467517791706165475e+00 7.467517791706165475e+00 7.467517791706165475e+00 7.467517791706165475e+00 1.891864980066362634e+01 5.179072273494099221e+01 9.897622313671698180e+01 1.208695816186556726e+02 9.964898329702252511e+01 5.700406788524786350e+01 1.767941076972543613e+01 7.467517791706165475e+00 7.467517791706165475e+00 7.467517791706165475e+00 7.467517791706165475e+00 7.467517791706165475e+00 7.467517791706165475e+00 7.467517791706165475e+00 7.467517791706165475e+00
7.467517791706165475e+00 7.467517791706165475e+00 7.467517791706165475e+00 7.467517791706165475e+00 7.467517791706165475e+00 7.467517791706165475e+00 7.467517791706165475e+00 7.467517791706165475e+00 7.467517791706165475e+00 2.529391659497058242e+01 6.067780823759497366e+01 9.897622313671698180e+01 1.208695816186556726e+02 9.273184030033931435e+01 4.955391092319277391e+01 1.671242865570548020e+01 7.467517791706165475e+00 7.467517791706165475e+00 7.467517791706165475e+00 7.467517791706165475e+00 7.467517791706165475e+00 7.467517791706165475e+00 7.467517791706165475e+00 7.467517791706165475e+00
7.467517791706165475e+00 7.467517791706165475e+00 7.467517791706165475e+00 7.467517791706165475e+00 7.467517791706165475e+00 7.467517791706165475e+00 7.467517791706165475e+00 7.467517791706165475e+00 1.476763291604230766e+01 2.909552141811823489e+01 6.981714366303828001e+01 1.045836762688614385e+02 1.084509602194787306e+02 8.038497942386830175e+01 3.875788105846827136e+01 1.901474512077659540e+01 7.467517791706165475e+00 7.467517791706165475e+00 7.467517791706165475e+00 7.467517791706165475e+00 7.467517791706165475e+00 7.467517791706165475e+00 7.467517791706165475e+00 7.467517791706165475e+00
7.467517791706165475e+00 7.467517791706165475e+00 7.467517791706165475e+00 7.467517791706165475e+00 7.467517791706165475e+00 7.467517791706165475e+00 7.467517791706165475e+00 7.467517791706165475e+00 1.891864980066362634e+01 4.403649126972972994e+01 8.240466392318245425e+01 1.112064471879286600e+02 1.093241253793892724e+02 6.314865145636510135e+01 2.891394978647216973e+01 7.467517791706165475e+00 7.467517791706165475e+00 7.467517791706165475e+00 7.467517791706165475e+00 7.467517791706165475e+00 7.467517791706165475e+00 7.467517791706165475e+00 7.467517791706165475e+00 7.467517791706165475e+00
7.467517791706165475e+00 7.467517791706165475e+00 7.467517791706165475e+00 7.467517791706165475e+00 7.467517791706165475e+00 7.467517791706165475e+00 7.467517791706165475e+00 7.467517791706165475e+00 1.891864980066362634e+01 5.339277375228540734e+01 9.897622313671698180e+01 1.160349794238683074e+02 1.013847556133131178e+02 6.396658828140308373e+01 2.264703870472456160e+01 7.467517791706165475e+00 7.467517791706165475e+00 7.467517791706165475e+00 7.467517791706165475e+00 7.467517791706165475e+00 7.467517791706165475e+00 7.467517791706165475e+00 7.467517791706165475e+00 7.467517791706165475e+00
7.467517791706165475e+00 7.467517791706165475e+00 7.467517791706165475e+00 7.467517791706165475e+00 7.467517791706165475e+00 7.467517791706165475e+00 7.467517791706165475e+00 1.476763291604230766e+01 2.909552141811823489e+01 6.981714366303828001e+01 1.162897277619499619e+02 1.338088820301783244e+02 1.096882454796665911e+02 6.468689986282578275e+01 3.129983531457513379e+01 1.620064095406635474e+01 7.467517791706165475e+00 7.467517791706165475e+00 7.467517791706165475e+00 7.467517791706165475e+00 7.467517791706165475e+00 7.467517791706165475e+00 7.467517791706165475e+00 7.467517791706165475e+00
7.467517791706165475e+00 7.467517791706165475e+00 7.467517791706165475e+00 7.467517791706165475e+00 7.467517791706165475e+00 7.467517791706165475e+00 7.467517791706165475e+00 1.891864980066362634e+01 4.403649126972972994e+01 8.240466392318245425e+01 1.213783264746227530e+02 1.458994879053090017e+02 1.195728255423309463e+02 9.236351165980795486e+01 6.195164609053497884e+01 3.880892096749953168e+01 2.102480048375337418e+01 7.467517791706165475e+00 7.467517791706165475e+00 7.467517791706165475e+00 7.467517791706165475e+00 7.467517791706165475e+00 7.467517791706165475e+00 7.467517791706165475e+00
7.467517791706165475e+00 7.467517791706165475e+00 7.467517791706165475e+00 7.467517791706165475e+00 7.467517791706165475e+00 7.467517791706165475e+00 7.467517791706165475e+00 1.891864980066362634e+01 5.339277375228540734e+01 9.897622313671698180e+01 1.312557023000606193e+02 1.481262032354256064e+02 1.404673638428147058e+02 1.145637860082304371e+02 9.236351165980795486e+01 6.700823045267487998e+01 3.417993642263827070e+01 1.818316502860892214e+01 7.467517791706165475e+00 7.467517791706165475e+00 7.467517791706165475e+00 7.467517791706165475e+00 7.467517791706165475e+00 7.467517791706165475e+00
7.467517791706165475e+00 7.467517791706165475e+00 7.467517791706165475e+00 7.467517791706165475e+00 7.467517791706165475e+00 7.467517791706165475e+00 7.467517791706165475e+00 2.750443627070242059e+01 6.067780823759497366e+01 1.029249314128943809e+02 1.347143055592858332e+02 1.270508202765832522e+02 1.347143055592858332e+02 1.237767489711934275e+02 1.247863511659808040e+02 8.842706904435299009e+01 4.157768823068507658e+01 1.767941076972543613e+01 7.467517791706165475e+00 7.467517791706165475e+00 7.467517791706165475e+00 7.467517791706165475e+00 7.467517791706165475e+00 7.467517791706165475e+00
7.467517791706165475e+00 7.467517791706165475e+00 7.467517791706165475e+00 7.467517791706165475e+00 7.467517791706165475e+00 7.467517791706165475e+00 7.467517791706165475e+00 2.909552141811823489e+01 7.125867890682704342e+01 1.117616598079560930e+02 1.223497660199882375e+02 1.021107681755829901e+02 9.877004564259682695e+01 1.184180409719888587e+02 1.267617076110903156e+02 1.096882454796665911e+02 5.700406788524786350e+01 1.767941076972543613e+01 7.467517791706165475e+00 7.467517791706165475e+00 7.467517791706165475e+00 7.467517791706165475e+00 7.467517791706165475e+00 7.467517791706165475e+00
7.467517791706165475e+00 7.467517791706165475e+00 7.467517791706165475e+00 7.467517791706165475e+00 7.467517791706165475e+00 7.467517791706165475e+00 1.891864980066362634e+01 4.403649126972972994e+01 8.240466392318245425e+01 1.135943072702332017e+02 1.004099510907616519e+02 6.861471633076570242e+01 6.979329859483252108e+01 1.091907953640044866e+02 1.233459955682177878e+02 1.096882454796665911e+02 5.700406788524786350e+01 1.767941076972543613e+01 7.467517791706165475e+00 7.467517791706165475e+00 7.467517791706165475e+00 7.467517791706165475e+00 7.467517791706165475e+00 7.467517791706165475e+00
7.467517791706165475e+00 7.467517791706165475e+00 7.467517791706165475e+00 7.467517791706165475e+00 7.467517791706165475e+00 7.467517791706165475e+00 1.891864980066362634e+01 5.179072273494099221e+01 9.897622313671698180e+01 1.062266117969821693e+02 7.757681755829902670e+01 4.411051407699930138e+01 6.357235939643346256e+01 9.811566517171416990e+01 1.233459955682177878e+02 1.096882454796665911e+02 5.700406788524786350e+01 2.461419499183558912e+01 7.467517791706165475e+00 7.467517791706165475e+00 7.467517791706165475e+00 7.467517791706165475e+00 7.467517791706165475e+00 7.467517791706165475e+00
7.467517791706165475e+00 7.467517791706165475e+00 7.467517791706165475e+00 7.467517791706165475e+00 7.467517791706165475e+00 7.467517791706165475e+00 2.423762622318488624e+01 5.756203992341967535e+01 1.054617363089585211e+02 1.040220850480109789e+02 7.653806584362138210e+01 3.582778438033088264e+01 5.162382088967274285e+01 9.811566517171416990e+01 1.208695816186556726e+02 9.964898329702252511e+01 4.955391092319277391e+01 1.767941076972543613e+01 7.467517791706165475e+00 7.467517791706165475e+00 7.467517791706165475e+00 7.467517791706165475e+00 7.467517791706165475e+00 7.467517791706165475e+00
7.467517791706165475e+00 7.467517791706165475e+00 7.467517791706165475e+00 7.467517791706165475e+00 7.467517791706165475e+00 7.467517791706165475e+00 2.395463874957814099e+01 5.520896153412921592e+01 1.054617363089585211e+02 9.732304526748970375e+01 7.541237997256514802e+01 4.600886142858951899e+01 6.233128554941967536e+01 9.897622313671698180e+01 1.208695816186556726e+02 9.964898329702252511e+01 4.955391092319277391e+01 1.689571612883820606e+01 7.467517791706165475e+00 7.467517791706165475e+00 7.467517791706165475e+00 7.467517791706165475e+00 7.467517791706165475e+00 7.467517791706165475e+00
7.467517791706165475e+00 7.467517791706165475e+00 7.467517791706165475e+00 7.467517791706165475e+00 7.467517791706165475e+00 7.467517791706165475e+00 1.891864980066362634e+01 4.640886356965748405e+01 9.692218792866941612e+01 9.943758573388201683e+01 1.007199841166702754e+02 7.158197217323143491e+01 8.847937638493192480e+01 1.112064471879286600e+02 1.084509602194787306e+02 8.038497942386830175e+01 3.875788105846827136e+01 1.646016765763812728e+01 7.467517791706165475e+00 7.467517791706165475e+00 7.467517791706165475e+00 7.467517791706165475e+00 7.467517791706165475e+00 7.467517791706165475e+00
7.467517791706165475e+00 7.467517791706165475e+00 7.467517791706165475e+00 7.467517791706165475e+00 7.467517791706165475e+00 7.467517791706165475e+00 1.735371337859244534e+01 3.778307003521245377e+01 7.508641975308643168e+01 9.923182441700960510e+01 1.145637860082304371e+02 1.069416522181139584e+02 1.123433927754915231e+02 1.163415637860082086e+02 1.045011323982733984e+02 6.314865145636510135e+01 2.550558854943460929e+01 7.467517791706165475e+00 7.467517791706165475e+00 7.467517791706165475e+00 7.467517791706165475e+00 7.467517791706165475e+00 7.467517791706165475e+00 7.467517791706165475e+00
7.467517791706165475e+00 7.467517791706165475e+00 7.467517791706165475e+00 7.467517791706165475e+00 7.467517791706165475e+00 7.467517791706165475e+00 7.467517791706165475e+00 2.639076678822207711e+01 6.061378367975439119e+01 8.127105624142660645e+01 1.088086419753086318e+02 1.195891632373113680e+02 1.194303840877915093e+02 1.060018771207854940e+02 8.082601737540009879e+01 4.643403392657284456e+01 1.671242865570548020e+01 7.467517791706165475e+00 7.467517791706165475e+00 7.467517791706165475e+00 7.467517791706165475e+00 7.467517791706165475e+00 7.467517791706165475e+00 7.467517791706165475e+00
7.467517791706165475e+00 7.467517791706165475e+00 7.467517791706165475e+00 7.467517791706165475e+00 7.467517791706165475e+00 7.467517791706165475e+00 7.467517791706165475e+00 1.548626642010560062e+01 2.639076678822207711e+01 6.061378367975439119e+01 8.127105624142660645e+01 9.490672153635115649e+01 9.651028806584362485e+01 7.777709190672152317e+01 5.100202788754167926e+01 2.527558463340416139e+01 7.467517791706165475e+00 7.467517791706165475e+00 7.467517791706165475e+00 7.467517791706165475e+00 7.467517791706165475e+00 7.467517791706165475e+00 7.467517791706165475e+00 7.467517791706165475e+00
7.467517791706165475e+00 7.467517791706165475e+00 7.467517791706165475e+00 7.467517791706165475e+00 7.467517791706165475e+00 7.467517791706165475e+00 7.467517791706165475e+00 7.467517791706165475e+00 1.548626642010560062e+01 2.639076678822207711e+01 4.041956213806607678e+01 5.274600209392291106e+01 5.042213094932779427e+01 3.747110049199203985e+01 2.348230122760661231e+01 1.646016765763812728e+01 7.467517791706165475e+00 7.467517791706165475e+00 7.467517791706165475e+00 7.467517791706165475e+00 7.467517791706165475e+00 7.467517791706165475e+00 7.467517791706165475e+00 7.467517791706165475e+00
7.467517791706165475e+00 7.467517791706165475e+00 7.467517791706165475e+00 7.467517791706165475e+00 7.467517791706165475e+00 7.467517791706165475e+00 7.467517791706165475e+00 7.467517791706165475e+00 7.467517791706165475e+00 1.548626642010560062e+01 2.011889738375283088e+01 2.344262535794354463e+01 2.279623607076871750e+01 1.935359504699464495e+01 7.467517791706165475e+00 7.467517791706165475e+00 7.467517791706165475e+00 7.467517791706165475e+00 7.467517791706165475e+00 7.467517791706165475e+00 7.467517791706165475e+00 7.467517791706165475e+00 7.467517791706165475e+00 7.467517791706165475e+00
7.467517791706165475e+00 7.467517791706165475e+00 7.467517791706165475e+00 7.467517791706165475e+00 7.467517791706165475e+00 7.467517791706165475e+00 7.467517791706165475e+00 7.467517791706165475e+00 7.467517791706165475e+00 7.467517791706165475e+00 7.467517791706165475e+00 7.467517791706165475e+00 7.467517791706165475e+00 7.467517791706165475e+00 7.467517791706165475e+00 7.467517791706165475e+00 7.467517791706165475e+00 7.467517791706165475e+00 7.467517791706165475e+00 7.467517791706165475e+00 7.467517791706165475e+00 7.467517791706165475e+00 7.467517791706165475e+00 7.467517791706165475e+00
