2.305555555555555414e-01 2.305555555555555414e-01 2.305555555555555414e-01 2.305555555555555414e-01 2.233796296296295947e-01 3.333333333333333148e-01 1.193981481481481310e+00 9.027160493827161014e-01 1.057716049382716017e+00 8.563271604938270665e-01 1.363333333333333286e+00 1.322962962962962896e+00 1.470524691358024327e+00 1.502962962962962834e+00 1.322962962962962896e+00 1.058981481481481524e+00 9.222222222222222765e-01 1.259569771791994031e+00 1.164722222222222214e+00 1.337731481481481355e+00 8.541152263374484077e-01 7.992819349962205777e-01 2.233796296296295947e-01 2.305555555555555414e-01
2.305555555555555414e-01 2.305555555555555414e-01 2.305555555555555414e-01 2.305555555555555414e-01 2.233796296296295947e-01 1.215740740740740788e+00 7.908950617283950768e-01 1.031814404085709791e+00 8.541152263374484077e-01 8.547619047619047228e-01 1.148070987654320918e+00 1.322962962962962896e+00 1.154365079365079483e+00 1.367592592592592471e+00 1.071604938271604857e+00 1.057716049382716017e+00 1.271139971139971125e+00 1.058981481481481524e+00 6.250000000000000000e-01 9.904761904761905100e-01 4.976851851851851194e-01 1.447707231040564091e+00 2.305555555555555414e-01 2.305555555555555414e-01
2.305555555555555414e-01 2.305555555555555414e-01 2.305555555555555414e-01 2.305555555555555414e-01 2.305555555555555414e-01 3.333333333333333148e-01 1.028435636922344409e+00 9.175308641975309376e-01 1.502623456790123324e+00 1.447707231040564091e+00 1.044814814814814863e+00 1.229488536155202594e+00 1.447707231040564091e+00 9.230123456790122916e+00 1.306142108919886580e+00 1.588888888888889239e+00 1.345238095238095344e+00 1.047505668934240353e+00 7.731481481481482509e-01 9.175308641975309376e-01 4.976851851851851194e-01 2.305555555555555414e-01 2.233796296296295947e-01 2.233796296296295947e-01
2.305555555555555414e-01 2.305555555555555414e-01 2.305555555555555414e-01 2.305555555555555414e-01 2.305555555555555414e-01 2.305555555555555414e-01 2.305555555555555414e-01 4.976851851851851194e-01 1.322962962962962896e+00 1.470524691358024327e+00 1.345238095238095344e+00 1.447707231040564091e+00 2.090203703703703653e+01 1.490443057964796836e+01 2.364010614470736904e+00 1.239103835978835777e+00 1.447707231040564091e+00 8.729320987654320518e+00 6.667857142857142705e+00 2.233796296296295947e-01 2.233796296296295947e-01 2.233796296296295947e-01 2.233796296296295947e-01 2.233796296296295947e-01
2.305555555555555414e-01 2.305555555555555414e-01 2.305555555555555414e-01 2.305555555555555414e-01 2.233796296296295947e-01 2.305555555555555414e-01 3.333333333333333148e-01 4.976851851851851194e-01 1.245473251028806461e+00 1.447707231040564091e+00 1.447707231040564091e+00 8.451166666666665606e+01 1.066033333333333246e+02 2.491111111111111498e+01 1.722222222222222099e+00 3.505555555555555092e+00 1.447707231040564091e+00 4.340398148148148039e+01 2.090203703703703653e+01 4.201157407407406907e+01 2.233796296296295947e-01 2.233796296296295947e-01 2.233796296296295947e-01 2.233796296296295947e-01
2.305555555555555414e-01 2.305555555555555414e-01 2.305555555555555414e-01 2.305555555555555414e-01 2.233796296296295947e-01 2.305555555555555414e-01 2.233796296296295947e-01 2.305555555555555414e-01 3.333333333333333148e-01 1.072222222222222188e+00 6.095939153439153557e+01 1.196779365079364936e+02 2.364010614470736904e+00 1.674878747795414347e+00 1.647916666666666474e+00 2.342361111111110894e+00 1.516759259259259141e+00 5.160388888888887493e+01 8.768611111111108869e+01 1.215740740740740788e+00 1.030555555555555447e+00 4.976851851851851194e-01 2.233796296296295947e-01 2.305555555555555414e-01
2.305555555555555414e-01 2.305555555555555414e-01 2.305555555555555414e-01 2.305555555555555414e-01 2.233796296296295947e-01 3.333333333333333148e-01 2.233796296296295947e-01 2.233796296296295947e-01 4.976851851851851194e-01 1.588888888888889239e+00 4.265041666666666487e+01 1.279343314093313921e+02 1.215740740740740788e+00 9.222222222222222765e-01 1.422413055602820942e+00 4.976851851851851194e-01 3.759259259259259522e+00 1.162631944444444230e+02 9.512608024691355979e+01 1.502962962962962834e+00 1.077333333333333254e+00 2.233796296296295947e-01 2.233796296296295947e-01 2.305555555555555414e-01
2.305555555555555414e-01 2.305555555555555414e-01 2.305555555555555414e-01 2.305555555555555414e-01 2.233796296296295947e-01 2.305555555555555414e-01 2.233796296296295947e-01 2.233796296296295947e-01 3.333333333333333148e-01 8.563271604938270665e-01 5.160388888888887493e+01 1.279343314093313921e+02 2.364010614470736904e+00 2.136888888888888616e+01 1.447707231040564091e+00 1.044814814814814863e+00 1.447707231040564091e+00 9.512608024691355979e+01 2.364010614470736904e+00 2.364010614470736904e+00 1.164722222222222214e+00 2.233796296296295947e-01 2.233796296296295947e-01 2.233796296296295947e-01
2.305555555555555414e-01 2.305555555555555414e-01 2.305555555555555414e-01 2.305555555555555414e-01 2.233796296296295947e-01 3.333333333333333148e-01 8.563271604938270665e-01 7.992819349962205777e-01 2.364010614470736904e+00 1.239103835978835777e+00 5.148648148148147641e+01 1.196779365079364936e+02 4.334333333333332661e+01 2.665637566137565972e+00 1.447707231040564091e+00 2.333109154330440660e+01 1.347114748677248599e+02 6.205370370370369670e+01 1.455250000000000021e+01 2.449869809203142346e+00 1.427469135802468925e+00 2.233796296296295947e-01 2.233796296296295947e-01 2.233796296296295947e-01
2.305555555555555414e-01 2.305555555555555414e-01 2.305555555555555414e-01 2.305555555555555414e-01 2.233796296296295947e-01 3.333333333333333148e-01 2.233796296296295947e-01 4.976851851851851194e-01 1.722222222222222099e+00 1.588888888888889239e+00 7.479886243386242484e+01 1.390040476190476113e+02 1.352483333333333064e+02 9.424001022126022065e+01 1.213288888888888835e+02 9.512608024691355979e+01 1.178117788461538282e+02 2.364010614470736904e+00 1.077333333333333254e+00 1.335648148148148140e+00 2.159259259259259434e+00 1.421666666666666412e+00 2.233796296296295947e-01 2.233796296296295947e-01
2.305555555555555414e-01 2.305555555555555414e-01 2.305555555555555414e-01 2.305555555555555414e-01 2.233796296296295947e-01 3.333333333333333148e-01 7.908950617283950768e-01 8.563271604938270665e-01 2.236213991769547160e+00 1.422413055602820942e+00 4.265041666666666487e+01 1.507513888888888971e+02 1.664827335858585684e+02 1.645389991181657763e+02 9.282777777777778283e+01 5.441000000000000369e+01 1.722222222222222099e+00 2.364010614470736904e+00 8.541152263374484077e-01 1.196697530864197612e+00 4.976851851851851194e-01 6.250000000000000000e-01 8.635416666666667629e-01 2.233796296296295947e-01
2.305555555555555414e-01 2.305555555555555414e-01 2.305555555555555414e-01 2.305555555555555414e-01 2.305555555555555414e-01 2.305555555555555414e-01 4.976851851851851194e-01 4.976851851851851194e-01 1.470524691358024327e+00 2.122962962962962941e+00 4.265041666666666487e+01 1.673486111111110972e+02 1.672672222222222160e+02 1.668590277777777544e+02 2.364010614470736904e+00 1.674878747795414347e+00 1.674878747795414347e+00 1.322962962962962896e+00 1.447707231040564091e+00 1.047505668934240353e+00 1.058981481481481524e+00 2.305555555555555414e-01 2.305555555555555414e-01 2.233796296296295947e-01
2.305555555555555414e-01 2.305555555555555414e-01 2.305555555555555414e-01 2.305555555555555414e-01 2.233796296296295947e-01 3.333333333333333148e-01 1.058981481481481524e+00 8.563271604938270665e-01 1.516759259259259141e+00 2.122962962962962941e+00 8.853777777777776237e+01 1.673274074074074065e+02 1.669144444444444275e+02 1.669144444444444275e+02 4.351527777777777573e+01 6.250000000000000000e-01 1.215740740740740788e+00 1.322962962962962896e+00 1.778333333333333321e+00 1.181415343915344085e+00 2.233796296296295947e-01 2.233796296296295947e-01 2.233796296296295947e-01 2.233796296296295947e-01
2.305555555555555414e-01 2.305555555555555414e-01 2.305555555555555414e-01 2.305555555555555414e-01 2.233796296296295947e-01 2.305555555555555414e-01 4.976851851851851194e-01 7.908950617283950768e-01 1.378002244668911080e+00 1.447707231040564091e+00 1.117023148148147982e+02 1.667187500000000000e+02 1.674830555555555236e+02 2.364010614470736904e+00 8.474074074074072760e-01 2.305555555555555414e-01 2.305555555555555414e-01 2.305555555555555414e-01 4.976851851851851194e-01 2.305555555555555414e-01 2.305555555555555414e-01 4.976851851851851194e-01 2.233796296296295947e-01 2.305555555555555414e-01
2.305555555555555414e-01 2.305555555555555414e-01 2.305555555555555414e-01 2.305555555555555414e-01 2.233796296296295947e-01 2.305555555555555414e-01 4.976851851851851194e-01 9.175308641975309376e-01 1.447707231040564091e+00 9.304429012345678984e+01 1.669444444444444287e+02 1.670104166666666572e+02 1.513873456790123271e+02 4.201157407407406907e+01 1.204259259259259096e+01 4.976851851851851194e-01 2.305555555555555414e-01 2.305555555555555414e-01 2.305555555555555414e-01 2.305555555555555414e-01 2.305555555555555414e-01 2.305555555555555414e-01 2.305555555555555414e-01 2.305555555555555414e-01
2.305555555555555414e-01 2.305555555555555414e-01 2.305555555555555414e-01 2.305555555555555414e-01 2.233796296296295947e-01 3.333333333333333148e-01 4.976851851851851194e-01 1.447707231040564091e+00 1.021799999999999784e+02 9.512608024691355979e+01 1.480379629629629790e+02 1.543527777777777601e+02 1.666722222222221887e+02 4.201157407407406907e+01 1.137175925925925668e+01 2.233796296296295947e-01 2.305555555555555414e-01 2.305555555555555414e-01 2.305555555555555414e-01 2.305555555555555414e-01 2.305555555555555414e-01 2.305555555555555414e-01 2.305555555555555414e-01 2.305555555555555414e-01
2.305555555555555414e-01 2.305555555555555414e-01 2.305555555555555414e-01 2.305555555555555414e-01 2.233796296296295947e-01 2.305555555555555414e-01 3.333333333333333148e-01 3.705888888888888744e+01 1.196779365079364936e+02 9.282777777777778283e+01 1.010622222222222177e+02 1.525500000000000114e+02 8.768611111111108869e+01 6.120375925925925742e+01 1.137175925925925668e+01 2.233796296296295947e-01 2.305555555555555414e-01 2.305555555555555414e-01 2.305555555555555414e-01 2.305555555555555414e-01 2.305555555555555414e-01 2.305555555555555414e-01 2.305555555555555414e-01 2.305555555555555414e-01
2.305555555555555414e-01 2.305555555555555414e-01 2.305555555555555414e-01 2.305555555555555414e-01 2.233796296296295947e-01 3.333333333333333148e-01 1.702962962962962834e+01 1.324158024691357980e+02 9.512608024691355979e+01 3.066620370370370452e+01 5.310138888888888431e+01 1.162631944444444230e+02 9.512608024691355979e+01 6.120375925925925742e+01 1.137175925925925668e+01 2.233796296296295947e-01 2.305555555555555414e-01 2.305555555555555414e-01 2.305555555555555414e-01 2.305555555555555414e-01 2.305555555555555414e-01 2.305555555555555414e-01 2.305555555555555414e-01 2.305555555555555414e-01
2.305555555555555414e-01 2.305555555555555414e-01 2.305555555555555414e-01 2.305555555555555414e-01 2.233796296296295947e-01 3.333333333333333148e-01 1.447707231040564091e+00 8.768611111111108869e+01 6.205370370370369670e+01 2.496094576719576708e+01 5.038888888888888573e+01 1.339881944444444457e+02 1.267109126984126988e+02 1.215740740740740788e+00 1.137175925925925668e+01 2.233796296296295947e-01 2.305555555555555414e-01 2.305555555555555414e-01 2.305555555555555414e-01 2.305555555555555414e-01 2.305555555555555414e-01 2.305555555555555414e-01 2.305555555555555414e-01 2.305555555555555414e-01
2.305555555555555414e-01 2.305555555555555414e-01 2.305555555555555414e-01 2.305555555555555414e-01 2.233796296296295947e-01 3.333333333333333148e-01 4.265041666666666487e+01 8.768611111111108869e+01 7.479652777777776862e+01 5.310138888888888431e+01 8.167499999999999716e+01 1.279343314093313921e+02 9.711694444444444230e+01 1.502962962962962834e+00 8.541152263374484077e-01 2.233796296296295947e-01 2.305555555555555414e-01 2.305555555555555414e-01 2.305555555555555414e-01 2.305555555555555414e-01 2.305555555555555414e-01 2.305555555555555414e-01 2.305555555555555414e-01 2.305555555555555414e-01
2.305555555555555414e-01 2.305555555555555414e-01 2.305555555555555414e-01 2.305555555555555414e-01 2.233796296296295947e-01 3.333333333333333148e-01 5.068925925925925213e+01 1.390040476190476113e+02 1.104085201429499676e+02 1.338625000000000114e+02 1.116340277777777601e+02 1.196779365079364936e+02 2.364010614470736904e+00 2.048839285714285197e+01 8.635416666666667629e-01 2.305555555555555414e-01 2.305555555555555414e-01 2.305555555555555414e-01 2.305555555555555414e-01 2.305555555555555414e-01 2.305555555555555414e-01 2.305555555555555414e-01 2.305555555555555414e-01 2.305555555555555414e-01
2.305555555555555414e-01 2.305555555555555414e-01 2.305555555555555414e-01 2.305555555555555414e-01 2.233796296296295947e-01 3.333333333333333148e-01 4.976851851851851194e-01 7.981848148148148425e+01 1.355115740740740478e+02 1.352483333333333064e+02 1.066033333333333246e+02 9.265734126984126817e+01 1.502962962962962834e+00 7.944444444444445086e-01 2.305555555555555414e-01 2.305555555555555414e-01 2.305555555555555414e-01 2.305555555555555414e-01 2.305555555555555414e-01 2.305555555555555414e-01 2.305555555555555414e-01 2.305555555555555414e-01 2.305555555555555414e-01 2.305555555555555414e-01
2.305555555555555414e-01 2.305555555555555414e-01 2.305555555555555414e-01 2.305555555555555414e-01 2.233796296296295947e-01 3.333333333333333148e-01 4.976851851851851194e-01 2.384722222222221966e+00 5.165648148148148522e+01 2.442500000000000071e+01 9.026851851851851904e+01 1.319814814814814419e+01 1.181415343915344085e+00 8.635416666666667629e-01 2.233796296296295947e-01 2.305555555555555414e-01 2.305555555555555414e-01 2.305555555555555414e-01 2.305555555555555414e-01 2.305555555555555414e-01 2.305555555555555414e-01 2.305555555555555414e-01 2.305555555555555414e-01 2.305555555555555414e-01
2.305555555555555414e-01 2.305555555555555414e-01 2.305555555555555414e-01 2.305555555555555414e-01 2.305555555555555414e-01 3.333333333333333148e-01 4.976851851851851194e-01 2.186851851851851603e+00 1.360740740740740806e+00 7.944444444444445086e-01 2.305555555555555414e-01 1.778333333333333321e+00 6.250000000000000000e-01 2.305555555555555414e-01 2.233796296296295947e-01 2.305555555555555414e-01 2.305555555555555414e-01 2.305555555555555414e-01 2.305555555555555414e-01 2.305555555555555414e-01 2.305555555555555414e-01 2.305555555555555414e-01 2.305555555555555414e-01 2.305555555555555414e-01
