2.305555555555555414e-01 2.305555555555555414e-01 2.305555555555555414e-01 2.305555555555555414e-01 2.305555555555555414e-01 2.233796296296295947e-01 3.333333333333333148e-01 1.613827160493827018e+00 1.413728967062300335e+00 8.911111111111111871e-01 1.214006734006733756e+00 1.192444444444444418e+00 1.163284202569916825e+00 8.847222222222222987e-01 1.547430376112546746e+00 1.502623456790123324e+00 1.762962962962963065e+00 1.215740740740740788e+00 1.319135802469135754e+00 1.319135802469135754e+00 2.364010614470736904e+00 1.413728967062300335e+00 2.233796296296295947e-01 3.180555555555555358e-01
2.305555555555555414e-01 2.305555555555555414e-01 2.305555555555555414e-01 2.305555555555555414e-01 2.305555555555555414e-01 2.233796296296295947e-01 3.333333333333333148e-01 9.925925925925925819e-01 1.547430376112546746e+00 1.761010623026126876e+00 2.558371568085498371e+00 1.547430376112546746e+00 5.708333333333333037e-01 8.911111111111111871e-01 2.342361111111110894e+00 2.364010614470736904e+00 1.749074074074074003e+00 2.364010614470736904e+00 2.258842175508842143e+00 1.588888888888889239e+00 1.483564814814814614e+00 1.447707231040564091e+00 4.527777777777777790e-01 2.305555555555555414e-01
2.305555555555555414e-01 2.305555555555555414e-01 2.305555555555555414e-01 2.305555555555555414e-01 2.305555555555555414e-01 3.180555555555555358e-01 3.333333333333333148e-01 1.320833333333333304e+00 1.772447089947089882e+00 1.001688888888888851e+00 1.335648148148148140e+00 1.458055555555555438e+00 1.762962962962963065e+00 1.761010623026126876e+00 1.796634332745443929e+00 1.796634332745443929e+00 1.669753086419752952e+00 1.495046296296296262e+00 2.240123456790123591e+00 1.319135802469135754e+00 1.386869920675433798e+00 1.023888888888888848e+00 3.180555555555555358e-01 2.305555555555555414e-01
2.305555555555555414e-01 2.305555555555555414e-01 2.305555555555555414e-01 2.305555555555555414e-01 2.233796296296295947e-01 3.333333333333333148e-01 1.341203703703703676e+00 1.239103835978835777e+00 1.447707231040564091e+00 1.258052910052909867e+00 1.447707231040564091e+00 1.547430376112546746e+00 1.541719576719576601e+00 1.647916666666666474e+00 1.547430376112546746e+00 1.386869920675433798e+00 1.544603174603174622e+01 2.090203703703703653e+01 1.490443057964796836e+01 2.364010614470736904e+00 2.233796296296295947e-01 2.233796296296295947e-01 2.233796296296295947e-01 2.305555555555555414e-01
2.305555555555555414e-01 2.305555555555555414e-01 2.305555555555555414e-01 2.305555555555555414e-01 2.233796296296295947e-01 2.305555555555555414e-01 1.319135802469135754e+00 1.239103835978835777e+00 1.447707231040564091e+00 1.447707231040564091e+00 1.319135802469135754e+00 1.613827160493827018e+00 1.447707231040564091e+00 1.259569771791994031e+00 1.289074074074074039e+00 1.483564814814814614e+00 1.824884259259259167e+01 8.768611111111108869e+01 1.242870370370370203e+01 1.273148148148148096e+01 1.427469135802468925e+00 2.233796296296295947e-01 2.233796296296295947e-01 2.305555555555555414e-01
2.305555555555555414e-01 2.305555555555555414e-01 2.305555555555555414e-01 3.180555555555555358e-01 4.187683715461492651e-01 2.233796296296295947e-01 1.023888888888888848e+00 8.911111111111111871e-01 1.447707231040564091e+00 2.233796296296295947e-01 1.215740740740740788e+00 1.385082304526748631e+00 1.484691358024691210e+00 1.229488536155202594e+00 4.976851851851851194e-01 1.447707231040564091e+00 5.861777777777778198e+01 6.279555555555553781e+01 1.060277777777777608e+01 1.275555555555555554e+00 1.125694444444444331e+00 8.635416666666667629e-01 2.233796296296295947e-01 2.305555555555555414e-01
1.547430376112546746e+00 1.547430376112546746e+00 1.547430376112546746e+00 2.233796296296295947e-01 8.911111111111111871e-01 1.345238095238095344e+00 1.044444444444444509e+00 1.447707231040564091e+00 7.167092592592591416e+01 6.463379629629628198e+01 1.215740740740740788e+00 1.938333333333333242e+00 1.467777777777777848e+00 1.196697530864197612e+00 1.391975308641975273e+00 1.447707231040564091e+00 1.824884259259259167e+01 2.364010614470736904e+00 1.215740740740740788e+00 9.249382716049382447e-01 9.233796296296297168e-01 6.250000000000000000e-01 2.233796296296295947e-01 2.305555555555555414e-01
1.394753086419753041e+00 2.364010614470736904e+00 1.749074074074074003e+00 1.297530864197530942e+00 1.761010623026126876e+00 1.871904761904761738e+00 4.265041666666666487e+01 6.076453703703703013e+01 8.890611111111113019e+01 1.319814814814814419e+01 1.215740740740740788e+00 1.613827160493827018e+00 1.588888888888889239e+00 1.467777777777777848e+00 1.345238095238095344e+00 7.167092592592591416e+01 9.512608024691355979e+01 2.364010614470736904e+00 1.749074074074074003e+00 1.194444444444444420e+00 9.249382716049382447e-01 8.911111111111111871e-01 3.180555555555555358e-01 2.233796296296295947e-01
9.233796296296297168e-01 1.613827160493827018e+00 1.447707231040564091e+00 1.239103835978835777e+00 1.647916666666666474e+00 1.818531746031745611e+00 1.104680555555555515e+02 1.538404040404040245e+02 7.784166666666666856e+01 2.364010614470736904e+00 9.233796296296297168e-01 1.071604938271604857e+00 9.637511022927689464e-01 1.761010623026126876e+00 8.729320987654320518e+00 7.167092592592591416e+01 6.463379629629628198e+01 2.364010614470736904e+00 1.502962962962962834e+00 1.319135802469135754e+00 1.386869920675433798e+00 2.233796296296295947e-01 2.233796296296295947e-01 3.180555555555555358e-01
1.215740740740740788e+00 1.239103835978835777e+00 1.740679012345678789e+00 2.258842175508842143e+00 1.447707231040564091e+00 1.447707231040564091e+00 1.538404040404040245e+02 1.667187500000000000e+02 8.940339506172837503e+01 9.282407407407405886e-01 1.215740740740740788e+00 1.547430376112546746e+00 1.341203703703703676e+00 1.647916666666666474e+00 1.447707231040564091e+00 1.124322222222222081e+02 7.784166666666666856e+01 2.364010614470736904e+00 2.208024691358024594e+00 1.243055555555555358e+00 1.467777777777777848e+00 2.233796296296295947e-01 2.233796296296295947e-01 2.305555555555555414e-01
9.282407407407405886e-01 1.020163423164262895e+00 4.976851851851851194e-01 1.613827160493827018e+00 1.447707231040564091e+00 1.577768518518518306e+02 1.663725859788359571e+02 1.667187500000000000e+02 8.164282828282827609e+01 1.319135802469135754e+00 2.233796296296295947e-01 1.394753086419753041e+00 1.239103835978835777e+00 1.447707231040564091e+00 7.167092592592591416e+01 1.124322222222222081e+02 2.364010614470736904e+00 2.167777777777777803e+00 2.449869809203142346e+00 1.523131974359199337e+00 1.590079365079364981e+00 1.023888888888888848e+00 2.305555555555555414e-01 2.305555555555555414e-01
1.258052910052909867e+00 8.563271604938270665e-01 5.708333333333333037e-01 5.708333333333333037e-01 8.167499999999999716e+01 1.670534722222221831e+02 1.662283835880490130e+02 1.656761111111110836e+02 1.282733333333333121e+02 8.489527777777777828e+01 6.754765079365077440e+01 1.447707231040564091e+00 1.447707231040564091e+00 1.447707231040564091e+00 1.104680555555555515e+02 1.217718253968253919e+02 8.164282828282827609e+01 2.364010614470736904e+00 2.258842175508842143e+00 1.664444444444444615e+00 1.588888888888889239e+00 2.233796296296295947e-01 2.233796296296295947e-01 2.305555555555555414e-01
2.305555555555555414e-01 9.782175665541806842e-01 9.175308641975309376e-01 1.447707231040564091e+00 6.283472222222221859e+01 1.671902777777777658e+02 1.670104166666666572e+02 1.403844444444444264e+02 9.877993109388458493e+01 1.147091666666666754e+02 1.260817901234567984e+01 2.090203703703703653e+01 6.076453703703703013e+01 8.462543209876541539e+01 1.519122222222222263e+02 1.655020205026455073e+02 1.104085201429499676e+02 2.063666666666666316e+01 2.233796296296295947e-01 1.260817901234567984e+01 2.258842175508842143e+00 9.237037037037036935e-01 2.233796296296295947e-01 2.305555555555555414e-01
2.305555555555555414e-01 4.976851851851851194e-01 4.976851851851851194e-01 8.635416666666667629e-01 1.547430376112546746e+00 1.547430376112546746e+00 1.547430376112546746e+00 1.547430376112546746e+00 8.378055555555555145e+01 1.002370634920634842e+02 8.438819444444443718e+01 4.771838095238095434e+01 2.424629629629629690e+01 1.549002314814814554e+02 1.650803703703703320e+02 1.645389991181657763e+02 1.331902391975308433e+02 6.920595238095238244e+01 2.063666666666666316e+01 1.319135802469135754e+00 1.613827160493827018e+00 1.484691358024691210e+00 3.180555555555555358e-01 2.305555555555555414e-01
2.305555555555555414e-01 2.305555555555555414e-01 2.305555555555555414e-01 2.305555555555555414e-01 2.305555555555555414e-01 2.305555555555555414e-01 3.180555555555555358e-01 3.180555555555555358e-01 2.305555555555555414e-01 9.637511022927689464e-01 1.394753086419753041e+00 1.483564814814814614e+00 2.558371568085498371e+00 1.332242603174603062e+02 1.671902777777777658e+02 1.656761111111110836e+02 8.357253086419751753e+01 1.547430376112546746e+00 1.547430376112546746e+00 2.494108527131782882e+00 1.613827160493827018e+00 1.077333333333333254e+00 2.233796296296295947e-01 2.305555555555555414e-01
2.305555555555555414e-01 2.305555555555555414e-01 2.305555555555555414e-01 2.305555555555555414e-01 2.233796296296295947e-01 2.305555555555555414e-01 2.305555555555555414e-01 2.305555555555555414e-01 3.180555555555555358e-01 4.527777777777777790e-01 3.180555555555555358e-01 1.516759259259259141e+00 1.447707231040564091e+00 1.116025462962962820e+02 1.430461111111110881e+02 2.364010614470736904e+00 1.269091300602928518e+00 1.319135802469135754e+00 1.247074074074074002e+00 1.794187944298373694e+00 1.762962962962963065e+00 1.647916666666666474e+00 2.233796296296295947e-01 2.305555555555555414e-01
2.305555555555555414e-01 2.305555555555555414e-01 2.305555555555555414e-01 2.305555555555555414e-01 2.305555555555555414e-01 2.233796296296295947e-01 2.305555555555555414e-01 3.333333333333333148e-01 2.233796296296295947e-01 2.233796296296295947e-01 3.180555555555555358e-01 1.613827160493827018e+00 3.293691358024691596e+01 1.430461111111110881e+02 9.700291666666666401e+01 1.215740740740740788e+00 1.613827160493827018e+00 1.447707231040564091e+00 1.394753086419753041e+00 1.586222222222221978e+00 1.227283950617283903e+00 1.447707231040564091e+00 3.180555555555555358e-01 2.305555555555555414e-01
2.305555555555555414e-01 2.305555555555555414e-01 2.305555555555555414e-01 2.305555555555555414e-01 2.305555555555555414e-01 3.180555555555555358e-01 2.233796296296295947e-01 9.233796296296297168e-01 2.233796296296295947e-01 6.043650793650794384e-01 8.227513227513227889e-01 8.911111111111111871e-01 4.083444444444444343e+01 8.768611111111108869e+01 2.364010614470736904e+00 1.215740740740740788e+00 1.762962962962963065e+00 2.037499999999999645e+00 1.761010623026126876e+00 1.215740740740740788e+00 8.635416666666667629e-01 1.447707231040564091e+00 5.708333333333333037e-01 2.305555555555555414e-01
2.305555555555555414e-01 2.305555555555555414e-01 2.305555555555555414e-01 2.305555555555555414e-01 2.305555555555555414e-01 3.180555555555555358e-01 2.233796296296295947e-01 1.196697530864197612e+00 4.976851851851851194e-01 2.364010614470736904e+00 8.911111111111111871e-01 1.447707231040564091e+00 1.116340277777777601e+02 8.890611111111113019e+01 1.215740740740740788e+00 1.394753086419753041e+00 1.320833333333333304e+00 1.647916666666666474e+00 1.647916666666666474e+00 1.044444444444444509e+00 1.028435636922344409e+00 8.635416666666667629e-01 2.233796296296295947e-01 2.305555555555555414e-01
2.305555555555555414e-01 2.305555555555555414e-01 2.305555555555555414e-01 2.305555555555555414e-01 2.233796296296295947e-01 9.233796296296297168e-01 8.911111111111111871e-01 9.249382716049382447e-01 1.194629629629629486e+00 2.037499999999999645e+00 1.345238095238095344e+00 1.824884259259259167e+01 1.338625000000000114e+02 1.231874999999999858e+02 2.364010614470736904e+00 1.215740740740740788e+00 1.209382716049382633e+00 1.447707231040564091e+00 1.772447089947089882e+00 8.635416666666667629e-01 3.180555555555555358e-01 8.847222222222222987e-01 2.233796296296295947e-01 2.305555555555555414e-01
2.305555555555555414e-01 2.305555555555555414e-01 2.305555555555555414e-01 2.305555555555555414e-01 2.233796296296295947e-01 2.305555555555555414e-01 7.731481481481482509e-01 1.302777777777777590e+00 8.635416666666667629e-01 1.356275720164608956e+00 1.458055555555555438e+00 4.265041666666666487e+01 1.279343314093313921e+02 7.784166666666666856e+01 1.242870370370370203e+01 1.493530864197530672e+00 1.227283950617283903e+00 1.447707231040564091e+00 4.527777777777777790e-01 2.305555555555555414e-01 3.180555555555555358e-01 6.250000000000000000e-01 4.527777777777777790e-01 2.305555555555555414e-01
2.305555555555555414e-01 2.305555555555555414e-01 2.305555555555555414e-01 2.305555555555555414e-01 2.233796296296295947e-01 3.333333333333333148e-01 8.227513227513227889e-01 1.391975308641975273e+00 2.210322598019629936e+00 1.447707231040564091e+00 1.772447089947089882e+00 1.824884259259259167e+01 1.196152777777777771e+02 9.026851851851851904e+01 6.977777777777777191e-01 2.305555555555555414e-01 3.180555555555555358e-01 3.180555555555555358e-01 3.180555555555555358e-01 2.305555555555555414e-01 3.180555555555555358e-01 2.305555555555555414e-01 2.305555555555555414e-01 2.305555555555555414e-01
2.305555555555555414e-01 2.305555555555555414e-01 2.305555555555555414e-01 2.305555555555555414e-01 2.305555555555555414e-01 2.233796296296295947e-01 4.187683715461492651e-01 1.588888888888889239e+00 1.613827160493827018e+00 1.468148148148148202e+00 1.588888888888889239e+00 1.547430376112546746e+00 5.027407407407407192e+01 1.215740740740740788e+00 9.078333333333333144e+00 2.233796296296295947e-01 2.305555555555555414e-01 2.305555555555555414e-01 2.233796296296295947e-01 2.305555555555555414e-01 2.233796296296295947e-01 2.305555555555555414e-01 2.305555555555555414e-01 2.305555555555555414e-01
2.305555555555555414e-01 2.305555555555555414e-01 2.305555555555555414e-01 2.305555555555555414e-01 2.305555555555555414e-01 4.187683715461492651e-01 2.305555555555555414e-01 1.319135802469135754e+00 1.516759259259259141e+00 1.677537836840162555e+00 1.613827160493827018e+00 2.258842175508842143e+00 1.483564814814814614e+00 8.635416666666667629e-01 9.329365079365078417e-01 2.233796296296295947e-01 2.305555555555555414e-01 2.305555555555555414e-01 2.305555555555555414e-01 2.305555555555555414e-01 2.305555555555555414e-01 2.305555555555555414e-01 2.305555555555555414e-01 2.305555555555555414e-01
