7.463543404101234735e+00 7.463543404101234735e+00 7.463543404101234735e+00 7.463543404101234735e+00 7.463543404101234735e+00 7.463543404101234735e+00 7.463543404101234735e+00 7.463543404101234735e+00 7.463543404101234735e+00 7.463543404101234735e+00 7.463543404101234735e+00 7.463543404101234735e+00 7.463543404101234735e+00 7.463543404101234735e+00 7.463543404101234735e+00 7.463543404101234735e+00 7.463543404101234735e+00 7.463543404101234735e+00 7.463543404101234735e+00 7.463543404101234735e+00 7.463543404101234735e+00 7.463543404101234735e+00 7.463543404101234735e+00 7.463543404101234735e+00
7.463543404101234735e+00 7.463543404101234735e+00 7.463543404101234735e+00 7.463543404101234735e+00 7.463543404101234735e+00 7.463543404101234735e+00 7.463543404101234735e+00 7.463543404101234735e+00 7.463543404101234735e+00 7.463543404101234735e+00 7.463543404101234735e+00 7.463543404101234735e+00 7.463543404101234735e+00 7.463543404101234735e+00 7.463543404101234735e+00 7.463543404101234735e+00 7.463543404101234735e+00 7.463543404101234735e+00 7.463543404101234735e+00 7.463543404101234735e+00 7.463543404101234735e+00 7.463543404101234735e+00 7.463543404101234735e+00 7.463543404101234735e+00
7.463543404101234735e+00 7.463543404101234735e+00 7.463543404101234735e+00 7.463543404101234735e+00 7.463543404101234735e+00 7.463543404101234735e+00 7.463543404101234735e+00 7.463543404101234735e+00 7.463543404101234735e+00 7.463543404101234735e+00 7.463543404101234735e+00 7.463543404101234735e+00 1.477256852681742316e+01 1.634395283935974064e+01 1.634395283935974064e+01 1.634395283935974064e+01 1.634395283935974064e+01 1.482609580391727278e+01 7.463543404101234735e+00 7.463543404101234735e+00 7.463543404101234735e+00 7.463543404101234735e+00 7.463543404101234735e+00 7.463543404101234735e+00
7.463543404101234735e+00 7.463543404101234735e+00 7.463543404101234735e+00 7.463543404101234735e+00 7.463543404101234735e+00 7.463543404101234735e+00 7.463543404101234735e+00 7.463543404101234735e+00 7.463543404101234735e+00 7.463543404101234735e+00 1.477256852681742316e+01 2.252621033553818108e+01 4.423656094012645212e+01 3.975326256311313955e+01 3.975326256311313955e+01 3.975326256311313955e+01 3.975326256311313955e+01 2.984601697779368124e+01 2.287652808883123612e+01 1.482609580391727278e+01 1.482609580391727278e+01 7.463543404101234735e+00 7.463543404101234735e+00 7.463543404101234735e+00
7.463543404101234735e+00 7.463543404101234735e+00 7.463543404101234735e+00 7.463543404101234735e+00 7.463543404101234735e+00 7.463543404101234735e+00 7.463543404101234735e+00 7.463543404101234735e+00 1.423871968061776805e+01 2.072482672381176627e+01 3.381259542311607902e+01 5.869444090270265946e+01 7.646433470507544428e+01 9.183401920438956267e+01 8.427572016460905502e+01 8.427572016460905502e+01 8.427572016460905502e+01 6.751035665294925536e+01 5.288215617778743649e+01 3.795647426314754114e+01 2.429679077357253547e+01 1.482609580391727278e+01 7.463543404101234735e+00 7.463543404101234735e+00
7.463543404101234735e+00 7.463543404101234735e+00 7.463543404101234735e+00 7.463543404101234735e+00 7.463543404101234735e+00 7.463543404101234735e+00 7.463543404101234735e+00 7.463543404101234735e+00 1.620671033641643177e+01 3.261430168645290451e+01 6.043419665091462889e+01 7.894513031550067694e+01 9.753543667123913963e+01 1.062569730224051057e+02 1.062569730224051057e+02 1.062569730224051057e+02 9.753543667123913963e+01 1.069451303155006769e+02 9.238683127572015508e+01 6.970823045267489704e+01 3.500271936646566928e+01 1.700599561848555652e+01 7.463543404101234735e+00 7.463543404101234735e+00
7.463543404101234735e+00 7.463543404101234735e+00 7.463543404101234735e+00 7.463543404101234735e+00 7.463543404101234735e+00 7.463543404101234735e+00 7.463543404101234735e+00 7.463543404101234735e+00 1.620671033641643177e+01 2.950503011837144385e+01 6.743827160493826511e+01 7.532990397805214400e+01 8.117438761512835299e+01 8.117438761512835299e+01 8.117438761512835299e+01 8.852949245541837797e+01 8.852949245541837797e+01 9.996502057613167835e+01 8.795267489711933706e+01 6.849794238683125513e+01 5.130080196651255875e+01 2.323119576045517221e+01 1.700599561848555652e+01 7.463543404101234735e+00
7.463543404101234735e+00 7.463543404101234735e+00 7.463543404101234735e+00 7.463543404101234735e+00 7.463543404101234735e+00 7.463543404101234735e+00 7.463543404101234735e+00 7.463543404101234735e+00 1.812398289381316374e+01 3.362162610603300550e+01 4.079736116485732822e+01 4.533515170313624765e+01 4.289678390609071812e+01 4.289678390609071812e+01 4.289678390609071812e+01 4.318634321385260222e+01 4.289678390609071812e+01 5.503448850220359390e+01 6.465569272976679827e+01 4.495690746523896308e+01 2.988271661635936027e+01 1.769313366564238521e+01 7.463543404101234735e+00 7.463543404101234735e+00
7.463543404101234735e+00 7.463543404101234735e+00 7.463543404101234735e+00 7.463543404101234735e+00 7.463543404101234735e+00 1.423871968061776805e+01 1.919411888613126038e+01 1.919411888613126038e+01 1.634395283935974064e+01 2.162872038415328291e+01 2.538925268326489615e+01 2.345053716093336860e+01 2.312689743060798264e+01 2.162872038415328291e+01 2.162872038415328291e+01 1.952224053757228006e+01 1.952224053757228006e+01 1.952224053757228006e+01 2.765738465711870475e+01 2.345053716093336860e+01 2.312689743060798264e+01 1.529206523616248070e+01 7.463543404101234735e+00 7.463543404101234735e+00
7.463543404101234735e+00 7.463543404101234735e+00 7.463543404101234735e+00 7.463543404101234735e+00 7.463543404101234735e+00 1.545230931315171574e+01 2.794098720443157546e+01 3.764793824895061647e+01 3.649983815543677679e+01 2.429679077357253547e+01 1.559161549458810647e+01 7.463543404101234735e+00 7.463543404101234735e+00 7.463543404101234735e+00 7.463543404101234735e+00 7.463543404101234735e+00 7.463543404101234735e+00 7.463543404101234735e+00 7.463543404101234735e+00 7.463543404101234735e+00 7.463543404101234735e+00 7.463543404101234735e+00 7.463543404101234735e+00 7.463543404101234735e+00
7.463543404101234735e+00 7.463543404101234735e+00 7.463543404101234735e+00 7.463543404101234735e+00 7.463543404101234735e+00 2.274280449603832466e+01 4.553211542809587797e+01 6.625637860082304087e+01 6.522119341563785611e+01 3.424999970781922087e+01 1.700599561848555652e+01 7.463543404101234735e+00 7.463543404101234735e+00 7.463543404101234735e+00 7.463543404101234735e+00 7.463543404101234735e+00 7.463543404101234735e+00 7.463543404101234735e+00 7.463543404101234735e+00 7.463543404101234735e+00 7.463543404101234735e+00 7.463543404101234735e+00 7.463543404101234735e+00 7.463543404101234735e+00
7.463543404101234735e+00 7.463543404101234735e+00 7.463543404101234735e+00 7.463543404101234735e+00 7.463543404101234735e+00 2.909839847619016595e+01 6.069929123156392592e+01 9.355315500685870234e+01 9.013374485596708041e+01 4.576902381174030410e+01 2.025609597663923367e+01 7.463543404101234735e+00 7.463543404101234735e+00 7.463543404101234735e+00 7.463543404101234735e+00 7.463543404101234735e+00 7.463543404101234735e+00 7.463543404101234735e+00 7.463543404101234735e+00 7.463543404101234735e+00 7.463543404101234735e+00 7.463543404101234735e+00 7.463543404101234735e+00 7.463543404101234735e+00
7.463543404101234735e+00 7.463543404101234735e+00 7.463543404101234735e+00 7.463543404101234735e+00 1.423871968061776805e+01 2.950503011837144385e+01 6.830309882092470275e+01 1.054617363089585211e+02 1.040020576131687022e+02 6.471718905185475990e+01 2.626427033217574092e+01 7.463543404101234735e+00 7.463543404101234735e+00 7.463543404101234735e+00 7.463543404101234735e+00 7.463543404101234735e+00 7.463543404101234735e+00 7.463543404101234735e+00 7.463543404101234735e+00 7.463543404101234735e+00 7.463543404101234735e+00 7.463543404101234735e+00 7.463543404101234735e+00 7.463543404101234735e+00
7.463543404101234735e+00 7.463543404101234735e+00 7.463543404101234735e+00 7.463543404101234735e+00 7.463543404101234735e+00 2.615019528369455770e+01 6.028591254108370379e+01 1.012393689986282368e+02 1.208830589849108321e+02 8.544718792866940760e+01 3.842491057811874811e+01 2.429679077357253547e+01 1.482609580391727278e+01 7.463543404101234735e+00 7.463543404101234735e+00 7.463543404101234735e+00 7.463543404101234735e+00 7.463543404101234735e+00 7.463543404101234735e+00 7.463543404101234735e+00 7.463543404101234735e+00 7.463543404101234735e+00 7.463543404101234735e+00 7.463543404101234735e+00
7.463543404101234735e+00 7.463543404101234735e+00 7.463543404101234735e+00 7.463543404101234735e+00 7.463543404101234735e+00 1.735272154069754791e+01 3.665876307273937584e+01 7.973353909465021161e+01 1.088086419753086318e+02 1.011069958847736530e+02 6.917964106081390696e+01 3.842491057811874811e+01 2.422850440349098378e+01 1.482609580391727278e+01 7.463543404101234735e+00 7.463543404101234735e+00 7.463543404101234735e+00 7.463543404101234735e+00 7.463543404101234735e+00 7.463543404101234735e+00 7.463543404101234735e+00 7.463543404101234735e+00 7.463543404101234735e+00 7.463543404101234735e+00
7.463543404101234735e+00 7.463543404101234735e+00 7.463543404101234735e+00 7.463543404101234735e+00 7.463543404101234735e+00 7.463543404101234735e+00 3.013262334451779623e+01 4.768759373667537460e+01 8.724567901234567557e+01 1.088086419753086318e+02 1.069451303155006769e+02 8.427572016460905502e+01 5.045486150586440033e+01 3.500271936646566928e+01 1.700599561848555652e+01 7.463543404101234735e+00 7.463543404101234735e+00 7.463543404101234735e+00 7.463543404101234735e+00 7.463543404101234735e+00 7.463543404101234735e+00 7.463543404101234735e+00 7.463543404101234735e+00 7.463543404101234735e+00
7.463543404101234735e+00 7.463543404101234735e+00 7.463543404101234735e+00 7.463543404101234735e+00 7.463543404101234735e+00 7.463543404101234735e+00 1.620671033641643177e+01 3.013262334451779623e+01 5.638120713305897880e+01 7.355761316872427358e+01 9.996502057613167835e+01 1.069451303155006769e+02 8.427572016460905502e+01 6.195164609053497884e+01 3.500271936646566928e+01 1.991267205162880316e+01 7.463543404101234735e+00 7.463543404101234735e+00 7.463543404101234735e+00 7.463543404101234735e+00 7.463543404101234735e+00 7.463543404101234735e+00 7.463543404101234735e+00 7.463543404101234735e+00
7.463543404101234735e+00 7.463543404101234735e+00 7.463543404101234735e+00 7.463543404101234735e+00 7.463543404101234735e+00 7.463543404101234735e+00 7.463543404101234735e+00 1.620671033641643177e+01 3.281387792405921999e+01 4.374644586767115584e+01 7.168449931412894216e+01 8.724567901234567557e+01 1.088086419753086318e+02 9.238683127572015508e+01 6.917964106081390696e+01 3.500271936646566928e+01 1.991267205162880316e+01 7.463543404101234735e+00 7.463543404101234735e+00 7.463543404101234735e+00 7.463543404101234735e+00 7.463543404101234735e+00 7.463543404101234735e+00 7.463543404101234735e+00
7.463543404101234735e+00 7.463543404101234735e+00 7.463543404101234735e+00 7.463543404101234735e+00 7.463543404101234735e+00 7.463543404101234735e+00 7.463543404101234735e+00 7.463543404101234735e+00 1.620671033641643177e+01 1.952224053757228006e+01 4.079736116485732822e+01 5.503448850220359390e+01 8.445012069203856697e+01 1.088086419753086318e+02 9.238683127572015508e+01 5.921086716012349882e+01 2.626427033217574092e+01 7.463543404101234735e+00 7.463543404101234735e+00 7.463543404101234735e+00 7.463543404101234735e+00 7.463543404101234735e+00 7.463543404101234735e+00 7.463543404101234735e+00
7.463543404101234735e+00 7.463543404101234735e+00 7.463543404101234735e+00 7.463543404101234735e+00 7.463543404101234735e+00 7.463543404101234735e+00 7.463543404101234735e+00 7.463543404101234735e+00 7.463543404101234735e+00 7.463543404101234735e+00 1.952224053757228006e+01 3.281387792405921999e+01 5.638120713305897880e+01 8.724567901234567557e+01 9.238683127572015508e+01 6.471718905185475990e+01 3.402018684355081035e+01 1.700599561848555652e+01 7.463543404101234735e+00 7.463543404101234735e+00 7.463543404101234735e+00 7.463543404101234735e+00 7.463543404101234735e+00 7.463543404101234735e+00
7.463543404101234735e+00 7.463543404101234735e+00 7.463543404101234735e+00 7.463543404101234735e+00 7.463543404101234735e+00 7.463543404101234735e+00 7.463543404101234735e+00 7.463543404101234735e+00 7.463543404101234735e+00 7.463543404101234735e+00 7.463543404101234735e+00 1.620671033641643177e+01 4.768759373667537460e+01 7.859122085048011286e+01 9.038923182441699566e+01 8.248045267489710852e+01 3.402018684355081035e+01 1.722308690280358690e+01 7.463543404101234735e+00 7.463543404101234735e+00 7.463543404101234735e+00 7.463543404101234735e+00 7.463543404101234735e+00 7.463543404101234735e+00
7.463543404101234735e+00 7.463543404101234735e+00 7.463543404101234735e+00 7.463543404101234735e+00 7.463543404101234735e+00 7.463543404101234735e+00 7.463543404101234735e+00 7.463543404101234735e+00 7.463543404101234735e+00 7.463543404101234735e+00 7.463543404101234735e+00 1.545230931315171574e+01 4.405897859303672703e+01 7.410327258475405188e+01 9.038923182441699566e+01 8.248045267489710852e+01 4.035277843788591667e+01 1.818316502860892214e+01 7.463543404101234735e+00 7.463543404101234735e+00 7.463543404101234735e+00 7.463543404101234735e+00 7.463543404101234735e+00 7.463543404101234735e+00
7.463543404101234735e+00 7.463543404101234735e+00 7.463543404101234735e+00 7.463543404101234735e+00 7.463543404101234735e+00 7.463543404101234735e+00 7.463543404101234735e+00 7.463543404101234735e+00 7.463543404101234735e+00 7.463543404101234735e+00 7.463543404101234735e+00 2.596438061289077126e+01 5.050146964760886448e+01 8.735939643347049355e+01 9.038923182441699566e+01 7.259862825788751195e+01 3.439002867403971209e+01 1.769313366564238521e+01 7.463543404101234735e+00 7.463543404101234735e+00 7.463543404101234735e+00 7.463543404101234735e+00 7.463543404101234735e+00 7.463543404101234735e+00
7.463543404101234735e+00 7.463543404101234735e+00 7.463543404101234735e+00 7.463543404101234735e+00 7.463543404101234735e+00 7.463543404101234735e+00 7.463543404101234735e+00 7.463543404101234735e+00 7.463543404101234735e+00 7.463543404101234735e+00 7.463543404101234735e+00 1.735272154069754791e+01 3.665876307273937584e+01 7.168449931412894216e+01 7.192473496281438372e+01 5.673418203564949636e+01 2.466828289464105239e+01 1.673106877079762000e+01 7.463543404101234735e+00 7.463543404101234735e+00 7.463543404101234735e+00 7.463543404101234735e+00 7.463543404101234735e+00 7.463543404101234735e+00
