3.773174603174602293e+00 3.773174603174602293e+00 3.773174603174602293e+00 3.773174603174602293e+00 7.360141093474426022e-01 5.240740740740740256e-01 8.563271604938270665e-01 7.434027777777777457e-01 1.071604938271604857e+00 1.516759259259259141e+00 1.862645502645502216e+00 1.907022966064127134e+00 2.073214285714285676e+00 7.360141093474426022e-01 7.434027777777777457e-01 1.135555555555555429e+00 2.384722222222221966e+00 1.447685185185185075e+00 1.482589285714285499e+00 7.360141093474426022e-01 6.043650793650794384e-01 5.240740740740740256e-01 6.250000000000000000e-01 6.250000000000000000e-01
3.773174603174602293e+00 3.773174603174602293e+00 3.773174603174602293e+00 3.773174603174602293e+00 5.240740740740740256e-01 1.193981481481481310e+00 6.250000000000000000e-01 1.215740740740740788e+00 9.716358024691358342e-01 1.997060005742175903e+00 1.862645502645502216e+00 2.122962962962962941e+00 9.155555555555554559e-01 8.563271604938270665e-01 7.434027777777777457e-01 2.073214285714285676e+00 1.914292929292929157e+00 2.073214285714285676e+00 1.322962962962962896e+00 6.250000000000000000e-01 5.240740740740740256e-01 5.240740740740740256e-01 6.250000000000000000e-01 6.250000000000000000e-01
3.773174603174602293e+00 3.773174603174602293e+00 3.773174603174602293e+00 3.773174603174602293e+00 5.240740740740740256e-01 7.434027777777777457e-01 7.908950617283950768e-01 8.563271604938270665e-01 1.285699588477366317e+00 1.532795548073325964e+00 1.725925925925925641e+00 7.360141093474426022e-01 9.717592592592591005e-01 6.250000000000000000e-01 6.250000000000000000e-01 7.434027777777777457e-01 1.532795548073325964e+00 1.449228395061728181e+00 7.360141093474426022e-01 5.240740740740740256e-01 5.240740740740740256e-01 5.240740740740740256e-01 6.250000000000000000e-01 1.088421385654542384e+00
3.773174603174602293e+00 3.773174603174602293e+00 3.773174603174602293e+00 3.773174603174602293e+00 5.240740740740740256e-01 5.240740740740740256e-01 5.240740740740740256e-01 9.716358024691358342e-01 1.728240740740740522e+00 1.725925925925925641e+00 1.229488536155202594e+00 5.240740740740740256e-01 7.434027777777777457e-01 7.731481481481482509e-01 5.240740740740740256e-01 7.434027777777777457e-01 7.434027777777777457e-01 1.164722222222222214e+00 1.467777777777777848e+00 1.257918871252204251e+00 5.240740740740740256e-01 6.043650793650794384e-01 6.250000000000000000e-01 1.088421385654542384e+00
6.250000000000000000e-01 6.250000000000000000e-01 6.250000000000000000e-01 6.250000000000000000e-01 1.088421385654542384e+00 5.240740740740740256e-01 1.193981481481481310e+00 1.322962962962962896e+00 1.470524691358024327e+00 1.480728993919292469e+00 1.378002244668911080e+00 4.164526455026454954e+01 2.090203703703703653e+01 1.544603174603174622e+01 1.260817901234567984e+01 1.490443057964796836e+01 3.897222222222222143e+01 7.434027777777777457e-01 1.398148148148148140e+00 1.135555555555555429e+00 7.360141093474426022e-01 5.240740740740740256e-01 5.240740740740740256e-01 6.250000000000000000e-01
5.240740740740740256e-01 5.240740740740740256e-01 6.250000000000000000e-01 5.240740740740740256e-01 5.240740740740740256e-01 6.667857142857142705e+00 7.434027777777777457e-01 7.434027777777777457e-01 1.669753086419752952e+00 2.251190476190475742e+00 1.878379629629629477e+01 1.014629629629629761e+02 1.728240740740740522e+00 2.695648148148147882e+01 7.981848148148148425e+01 6.755292929292929216e+01 9.883950617283949214e+01 3.897222222222222143e+01 1.192160493827160472e+01 1.150666666666666504e+00 6.250000000000000000e-01 6.043650793650794384e-01 6.250000000000000000e-01 6.250000000000000000e-01
6.043650793650794384e-01 5.240740740740740256e-01 5.240740740740740256e-01 5.240740740740740256e-01 9.716358024691358342e-01 1.513402777777777608e+01 2.090203703703703653e+01 1.260817901234567984e+01 1.513402777777777608e+01 3.434293650793650698e+01 9.949603174603172562e+00 2.740972222222222143e+00 1.784391534391534417e+00 1.722222222222222099e+00 2.073214285714285676e+00 8.882044444444444764e+01 1.196152777777777771e+02 9.883950617283949214e+01 1.215740740740740788e+00 1.447685185185185075e+00 5.240740740740740256e-01 5.240740740740740256e-01 6.043650793650794384e-01 6.250000000000000000e-01
6.043650793650794384e-01 5.240740740740740256e-01 5.240740740740740256e-01 7.434027777777777457e-01 2.073214285714285676e+00 2.791269841269840679e+00 3.878703703703703098e+00 1.135981351640860915e+01 9.406916777335105451e+00 1.907022966064127134e+00 1.605485903814261706e+00 1.275555555555555554e+00 1.252592592592592480e+00 1.722222222222222099e+00 2.076157407407407174e+00 6.977741769547324679e+01 1.196779365079364936e+02 1.429011111111111063e+02 1.215740740740740788e+00 2.073214285714285676e+00 7.360141093474426022e-01 8.541152263374484077e-01 6.250000000000000000e-01 6.250000000000000000e-01
5.240740740740740256e-01 5.240740740740740256e-01 6.250000000000000000e-01 6.250000000000000000e-01 9.155555555555554559e-01 1.075228475228474867e+00 2.116666666666666696e+00 1.722222222222222099e+00 2.586478174603175084e+00 1.997060005742175903e+00 1.413703703703703685e+00 9.765432098765431945e-01 1.447685185185185075e+00 9.716358024691358342e-01 2.073214285714285676e+00 7.013488756613756436e+01 1.215216666666666754e+02 1.657873544973544711e+02 4.351527777777777573e+01 1.215740740740740788e+00 1.168666666666666520e+00 7.360141093474426022e-01 5.240740740740740256e-01 6.250000000000000000e-01
5.240740740740740256e-01 6.043650793650794384e-01 5.240740740740740256e-01 7.434027777777777457e-01 7.434027777777777457e-01 9.155555555555554559e-01 8.563271604938270665e-01 1.464074074074074305e+00 1.968888888888888689e+00 1.500164983164983257e+00 1.725925925925925641e+00 1.413728967062300335e+00 7.434027777777777457e-01 8.911111111111111871e-01 1.862645502645502216e+00 8.459517396184061511e+01 1.279343314093313921e+02 1.247548611111110972e+02 4.334333333333332661e+01 1.612698412698412298e+00 1.164722222222222214e+00 6.250000000000000000e-01 5.240740740740740256e-01 6.250000000000000000e-01
6.250000000000000000e-01 6.250000000000000000e-01 5.240740740740740256e-01 5.240740740740740256e-01 6.043650793650794384e-01 7.731481481481482509e-01 7.434027777777777457e-01 1.378002244668911080e+00 2.073214285714285676e+00 1.393518518518518601e+00 1.322962962962962896e+00 1.470524691358024327e+00 1.586337448559670849e+00 2.073214285714285676e+00 2.251190476190475742e+00 7.245611111111109892e+01 1.300742857142857360e+02 5.785617283950617207e+01 2.167777777777777803e+00 1.215740740740740788e+00 1.030555555555555447e+00 5.240740740740740256e-01 5.240740740740740256e-01 6.250000000000000000e-01
7.434027777777777457e-01 5.240740740740740256e-01 5.240740740740740256e-01 5.240740740740740256e-01 5.240740740740740256e-01 8.563271604938270665e-01 1.811111111111111116e+00 1.907022966064127134e+00 1.797171075837742604e+00 1.725925925925925641e+00 1.413728967062300335e+00 7.434027777777777457e-01 1.322962962962962896e+00 1.862645502645502216e+00 1.878379629629629477e+01 1.339881944444444457e+02 1.267109126984126988e+02 4.334333333333332661e+01 2.586478174603175084e+00 1.761825396825396739e+00 8.541152263374484077e-01 5.240740740740740256e-01 5.240740740740740256e-01 6.250000000000000000e-01
5.240740740740740256e-01 5.240740740740740256e-01 5.240740740740740256e-01 7.360141093474426022e-01 6.250000000000000000e-01 9.155555555555554559e-01 1.137407407407407423e+00 1.586524691358024652e+00 1.470524691358024327e+00 1.322962962962962896e+00 1.538359788359788372e+00 1.206569664902998218e+00 1.378002244668911080e+00 3.381444444444444031e+01 1.339881944444444457e+02 1.589694444444444343e+02 9.406916777335105451e+00 9.949603174603172562e+00 2.321664951439110780e+00 1.297530864197530942e+00 7.360141093474426022e-01 5.240740740740740256e-01 5.240740740740740256e-01 5.240740740740740256e-01
9.155555555555554559e-01 6.250000000000000000e-01 6.250000000000000000e-01 9.155555555555554559e-01 7.434027777777777457e-01 9.717592592592591005e-01 6.250000000000000000e-01 1.229488536155202594e+00 1.215740740740740788e+00 1.728240740740740522e+00 1.691774891774891598e+00 2.012910425778642765e+00 2.251190476190475742e+00 1.070299046226677575e+02 1.429011111111111063e+02 6.660388888888887493e+01 1.482589285714285499e+00 1.860978835978836177e+00 1.797171075837742604e+00 1.907022966064127134e+00 1.413728967062300335e+00 7.360141093474426022e-01 6.250000000000000000e-01 5.240740740740740256e-01
5.240740740740740256e-01 5.240740740740740256e-01 8.563271604938270665e-01 5.240740740740740256e-01 9.716358024691358342e-01 8.563271604938270665e-01 8.541152263374484077e-01 7.908950617283950768e-01 1.447685185185185075e+00 1.532795548073325964e+00 1.206569664902998218e+00 1.862645502645502216e+00 1.878379629629629477e+01 1.608930555555555202e+02 1.002238888888888795e+02 1.215740740740740788e+00 1.322962962962962896e+00 1.811111111111111116e+00 1.396740740740740616e+00 1.322962962962962896e+00 1.668341597997034187e+00 6.043650793650794384e-01 5.240740740740740256e-01 5.240740740740740256e-01
5.240740740740740256e-01 6.250000000000000000e-01 6.250000000000000000e-01 1.164722222222222214e+00 7.908950617283950768e-01 6.250000000000000000e-01 5.240740740740740256e-01 8.563271604938270665e-01 7.434027777777777457e-01 1.322962962962962896e+00 1.378002244668911080e+00 5.922515873015872501e+01 1.116025462962962820e+02 6.279555555555553781e+01 7.479652777777776862e+01 1.393518518518518601e+00 1.275555555555555554e+00 9.155555555555554559e-01 1.137407407407407423e+00 1.322962962962962896e+00 8.541152263374484077e-01 7.360141093474426022e-01 5.240740740740740256e-01 6.250000000000000000e-01
7.434027777777777457e-01 7.434027777777777457e-01 1.044814814814814863e+00 5.240740740740740256e-01 5.240740740740740256e-01 5.240740740740740256e-01 5.240740740740740256e-01 8.911111111111111871e-01 1.470524691358024327e+00 1.171111111111111214e+00 4.401333333333333542e+01 1.021799999999999784e+02 1.657873544973544711e+02 5.785617283950617207e+01 1.997060005742175903e+00 1.449228395061728181e+00 1.516759259259259141e+00 9.717592592592591005e-01 1.044814814814814863e+00 1.572222222222221966e+00 1.030555555555555447e+00 5.240740740740740256e-01 5.240740740740740256e-01 6.250000000000000000e-01
5.240740740740740256e-01 5.240740740740740256e-01 5.240740740740740256e-01 5.240740740740740256e-01 7.360141093474426022e-01 5.240740740740740256e-01 7.434027777777777457e-01 7.434027777777777457e-01 3.224074074074073870e+00 5.922515873015872501e+01 1.213288888888888835e+02 1.646702513227513123e+02 7.101844877344876750e+01 1.722222222222222099e+00 1.135444444444444256e+00 8.541152263374484077e-01 6.250000000000000000e-01 9.155555555555554559e-01 7.434027777777777457e-01 2.073214285714285676e+00 8.541152263374484077e-01 5.240740740740740256e-01 6.250000000000000000e-01 6.250000000000000000e-01
5.240740740740740256e-01 5.240740740740740256e-01 8.563271604938270665e-01 6.043650793650794384e-01 1.168666666666666520e+00 7.434027777777777457e-01 6.043650793650794384e-01 1.702962962962962834e+01 6.365200617283949924e+01 1.021799999999999784e+02 1.657873544973544711e+02 6.660388888888887493e+01 1.413703703703703685e+00 1.164722222222222214e+00 9.155555555555554559e-01 1.154365079365079483e+00 5.240740740740740256e-01 5.240740740740740256e-01 7.396825396825396082e-01 9.155555555555554559e-01 6.250000000000000000e-01 6.250000000000000000e-01 6.250000000000000000e-01 6.250000000000000000e-01
5.240740740740740256e-01 7.434027777777777457e-01 1.360740740740740806e+00 1.171111111111111214e+00 1.470524691358024327e+00 1.345238095238095344e+00 1.171111111111111214e+00 5.922515873015872501e+01 1.213288888888888835e+02 1.657873544973544711e+02 6.660388888888887493e+01 3.465548148148148044e+01 1.396740740740740616e+00 1.088421385654542384e+00 5.240740740740740256e-01 5.240740740740740256e-01 9.716358024691358342e-01 6.043650793650794384e-01 7.434027777777777457e-01 7.434027777777777457e-01 5.240740740740740256e-01 5.240740740740740256e-01 5.240740740740740256e-01 6.250000000000000000e-01
6.043650793650794384e-01 1.215740740740740788e+00 1.375079365079365123e+00 9.716358024691358342e-01 1.171111111111111214e+00 3.224074074074073870e+00 8.451166666666665606e+01 1.021799999999999784e+02 1.457412203174603178e+02 5.785617283950617207e+01 2.449869809203142346e+00 1.722222222222222099e+00 2.251190476190475742e+00 7.360141093474426022e-01 6.043650793650794384e-01 7.731481481481482509e-01 5.240740740740740256e-01 6.043650793650794384e-01 5.240740740740740256e-01 5.240740740740740256e-01 5.240740740740740256e-01 5.240740740740740256e-01 5.240740740740740256e-01 6.250000000000000000e-01
1.335648148148148140e+00 1.447685185185185075e+00 1.168666666666666520e+00 1.335648148148148140e+00 1.135555555555555429e+00 3.711273015873015169e+01 1.336539230019492948e+02 1.218066666666666578e+02 9.265734126984126817e+01 4.334333333333332661e+01 1.215740740740740788e+00 1.911620370370370470e+00 7.360141093474426022e-01 8.541152263374484077e-01 5.240740740740740256e-01 5.240740740740740256e-01 5.240740740740740256e-01 5.240740740740740256e-01 5.240740740740740256e-01 5.240740740740740256e-01 5.240740740740740256e-01 5.240740740740740256e-01 6.250000000000000000e-01 6.250000000000000000e-01
8.563271604938270665e-01 7.434027777777777457e-01 6.250000000000000000e-01 1.060802469135802450e+00 1.689415927773159742e+00 4.804212962962963474e+01 1.081331481481481376e+02 9.265734126984126817e+01 3.138734567901234485e+01 3.298747565913713764e+00 1.664444444444444615e+00 1.215740740740740788e+00 1.044814814814814863e+00 5.240740740740740256e-01 5.240740740740740256e-01 6.250000000000000000e-01 6.250000000000000000e-01 6.250000000000000000e-01 6.250000000000000000e-01 6.250000000000000000e-01 6.250000000000000000e-01 6.250000000000000000e-01 6.250000000000000000e-01 1.088421385654542384e+00
6.250000000000000000e-01 6.250000000000000000e-01 7.731481481481482509e-01 7.396825396825396082e-01 1.464074074074074305e+00 9.427127572016461343e+00 3.434293650793650698e+01 4.243894256575416080e+00 1.914292929292929157e+00 2.073214285714285676e+00 2.116666666666666696e+00 8.563271604938270665e-01 8.541152263374484077e-01 7.360141093474426022e-01 5.240740740740740256e-01 5.240740740740740256e-01 3.773174603174602293e+00 1.088421385654542384e+00 6.250000000000000000e-01 6.250000000000000000e-01 6.250000000000000000e-01 6.250000000000000000e-01 1.088421385654542384e+00 3.773174603174602293e+00
