7.730527903054452921e+00 7.730527903054452921e+00 7.730527903054452921e+00 7.730527903054452921e+00 7.730527903054452921e+00 7.730527903054452921e+00 7.730527903054452921e+00 7.730527903054452921e+00 7.730527903054452921e+00 7.730527903054452921e+00 7.730527903054452921e+00 7.730527903054452921e+00 7.730527903054452921e+00 7.730527903054452921e+00 7.730527903054452921e+00 7.730527903054452921e+00 7.730527903054452921e+00 7.730527903054452921e+00 7.730527903054452921e+00 7.730527903054452921e+00 7.730527903054452921e+00 7.730527903054452921e+00 7.730527903054452921e+00 7.730527903054452921e+00
7.730527903054452921e+00 7.730527903054452921e+00 7.730527903054452921e+00 7.730527903054452921e+00 7.730527903054452921e+00 7.730527903054452921e+00 7.730527903054452921e+00 7.730527903054452921e+00 7.730527903054452921e+00 7.730527903054452921e+00 7.730527903054452921e+00 7.730527903054452921e+00 7.730527903054452921e+00 7.730527903054452921e+00 7.730527903054452921e+00 1.602778988012298100e+01 1.806503236427883152e+01 1.806503236427883152e+01 7.730527903054452921e+00 7.730527903054452921e+00 7.730527903054452921e+00 7.730527903054452921e+00 7.730527903054452921e+00 7.730527903054452921e+00
7.730527903054452921e+00 7.730527903054452921e+00 7.730527903054452921e+00 7.730527903054452921e+00 7.730527903054452921e+00 7.730527903054452921e+00 7.730527903054452921e+00 7.730527903054452921e+00 7.730527903054452921e+00 7.730527903054452921e+00 7.730527903054452921e+00 7.730527903054452921e+00 7.730527903054452921e+00 7.730527903054452921e+00 1.602778988012298100e+01 2.106055644441056884e+01 2.597984271773711740e+01 3.764793824895061647e+01 2.984601697779368124e+01 1.806503236427883152e+01 7.730527903054452921e+00 7.730527903054452921e+00 7.730527903054452921e+00 7.730527903054452921e+00
7.730527903054452921e+00 7.730527903054452921e+00 7.730527903054452921e+00 7.730527903054452921e+00 7.730527903054452921e+00 7.730527903054452921e+00 7.730527903054452921e+00 7.730527903054452921e+00 7.730527903054452921e+00 7.730527903054452921e+00 7.730527903054452921e+00 7.730527903054452921e+00 7.730527903054452921e+00 7.730527903054452921e+00 2.071284966310285824e+01 3.578780171531723653e+01 4.891960464669356412e+01 6.365980795610424536e+01 5.457122765667374154e+01 3.500271936646566928e+01 2.040740606261587331e+01 7.730527903054452921e+00 7.730527903054452921e+00 7.730527903054452921e+00
7.730527903054452921e+00 7.730527903054452921e+00 7.730527903054452921e+00 7.730527903054452921e+00 7.730527903054452921e+00 7.730527903054452921e+00 7.730527903054452921e+00 7.730527903054452921e+00 7.730527903054452921e+00 7.730527903054452921e+00 7.730527903054452921e+00 7.730527903054452921e+00 7.730527903054452921e+00 7.730527903054452921e+00 2.071284966310285824e+01 3.578780171531723653e+01 6.596796982167352041e+01 8.159670781893004232e+01 8.546570644718792664e+01 6.734343850022861488e+01 3.424999970781922087e+01 1.702027018542858983e+01 7.730527903054452921e+00 7.730527903054452921e+00
7.730527903054452921e+00 7.730527903054452921e+00 7.730527903054452921e+00 7.730527903054452921e+00 7.730527903054452921e+00 7.730527903054452921e+00 7.730527903054452921e+00 7.730527903054452921e+00 7.730527903054452921e+00 7.730527903054452921e+00 7.730527903054452921e+00 7.730527903054452921e+00 7.730527903054452921e+00 7.730527903054452921e+00 1.872700090890972291e+01 4.628366929639179972e+01 7.437585733882029615e+01 1.117221500252689310e+02 1.208830589849108321e+02 1.022962962962962905e+02 5.140359213245275782e+01 2.040740606261587331e+01 7.730527903054452921e+00 7.730527903054452921e+00
7.730527903054452921e+00 7.730527903054452921e+00 7.730527903054452921e+00 7.730527903054452921e+00 7.730527903054452921e+00 7.730527903054452921e+00 7.730527903054452921e+00 7.730527903054452921e+00 7.730527903054452921e+00 7.730527903054452921e+00 7.730527903054452921e+00 7.730527903054452921e+00 7.730527903054452921e+00 7.730527903054452921e+00 2.106055644441056884e+01 5.366911290508929966e+01 9.568818135874664677e+01 1.305304088754121210e+02 1.367515409767837298e+02 1.096882454796665911e+02 6.495653599018120872e+01 2.654057542364508393e+01 7.730527903054452921e+00 7.730527903054452921e+00
7.730527903054452921e+00 7.730527903054452921e+00 7.730527903054452921e+00 7.730527903054452921e+00 7.730527903054452921e+00 7.730527903054452921e+00 7.730527903054452921e+00 7.730527903054452921e+00 7.730527903054452921e+00 7.730527903054452921e+00 7.730527903054452921e+00 7.730527903054452921e+00 7.730527903054452921e+00 2.007682772444967156e+01 5.089581672755950592e+01 8.600880658436213366e+01 1.210365797896661917e+02 1.315715399610136274e+02 1.223229514114504326e+02 9.269471518301926949e+01 5.207372847207732747e+01 2.257970338889563777e+01 7.730527903054452921e+00 7.730527903054452921e+00
7.730527903054452921e+00 7.730527903054452921e+00 7.730527903054452921e+00 7.730527903054452921e+00 7.730527903054452921e+00 7.730527903054452921e+00 7.730527903054452921e+00 7.730527903054452921e+00 7.730527903054452921e+00 7.730527903054452921e+00 7.730527903054452921e+00 1.780497945824345152e+01 2.106055644441056884e+01 5.089581672755950592e+01 8.600880658436213366e+01 1.113436213991769534e+02 1.300051939151023248e+02 1.275019132192621214e+02 9.681264385242943149e+01 6.324534367426622339e+01 2.933298421400220590e+01 1.653698076958229990e+01 7.730527903054452921e+00 7.730527903054452921e+00
7.730527903054452921e+00 7.730527903054452921e+00 7.730527903054452921e+00 7.730527903054452921e+00 7.730527903054452921e+00 7.730527903054452921e+00 7.730527903054452921e+00 7.730527903054452921e+00 7.730527903054452921e+00 7.730527903054452921e+00 7.730527903054452921e+00 2.106055644441056884e+01 5.089581672755950592e+01 8.600880658436213366e+01 1.113436213991769534e+02 1.300051939151023248e+02 1.180842177460111202e+02 1.016335672329499431e+02 6.324534367426622339e+01 3.949177641012391859e+01 2.170860205542543397e+01 7.730527903054452921e+00 7.730527903054452921e+00 7.730527903054452921e+00
7.730527903054452921e+00 7.730527903054452921e+00 7.730527903054452921e+00 7.730527903054452921e+00 7.730527903054452921e+00 7.730527903054452921e+00 7.730527903054452921e+00 7.730527903054452921e+00 7.730527903054452921e+00 7.730527903054452921e+00 2.007682772444967156e+01 5.089581672755950592e+01 8.600880658436213366e+01 1.113436213991769534e+02 1.300051939151023248e+02 1.180842177460111202e+02 1.028151577503429337e+02 7.086714677640604521e+01 3.949177641012391859e+01 1.761392361413355090e+01 7.730527903054452921e+00 7.730527903054452921e+00 7.730527903054452921e+00 7.730527903054452921e+00
7.730527903054452921e+00 7.730527903054452921e+00 7.730527903054452921e+00 7.730527903054452921e+00 7.730527903054452921e+00 7.730527903054452921e+00 7.730527903054452921e+00 7.730527903054452921e+00 7.730527903054452921e+00 2.007682772444967156e+01 5.089581672755950592e+01 8.159670781893004232e+01 1.113436213991769534e+02 1.300051939151023248e+02 1.223229514114504326e+02 9.361486535268210218e+01 5.957075099138247509e+01 3.545967186389817982e+01 2.170860205542543397e+01 7.730527903054452921e+00 7.730527903054452921e+00 7.730527903054452921e+00 7.730527903054452921e+00 7.730527903054452921e+00
7.730527903054452921e+00 7.730527903054452921e+00 7.730527903054452921e+00 7.730527903054452921e+00 7.730527903054452921e+00 7.730527903054452921e+00 7.730527903054452921e+00 7.730527903054452921e+00 2.106055644441056884e+01 5.089581672755950592e+01 8.159670781893004232e+01 1.113436213991769534e+02 1.246460905349793933e+02 1.180842177460111202e+02 9.361486535268210218e+01 6.324534367426622339e+01 2.480730555623721045e+01 1.653698076958229990e+01 7.730527903054452921e+00 7.730527903054452921e+00 7.730527903054452921e+00 7.730527903054452921e+00 7.730527903054452921e+00 7.730527903054452921e+00
7.730527903054452921e+00 7.730527903054452921e+00 7.730527903054452921e+00 7.730527903054452921e+00 7.730527903054452921e+00 7.730527903054452921e+00 7.730527903054452921e+00 1.780497945824345152e+01 4.475987625102909107e+01 8.600880658436213366e+01 1.113436213991769534e+02 1.300051939151023248e+02 1.180842177460111202e+02 9.361486535268210218e+01 5.957075099138247509e+01 2.480730555623721045e+01 1.653698076958229990e+01 7.730527903054452921e+00 7.730527903054452921e+00 7.730527903054452921e+00 7.730527903054452921e+00 7.730527903054452921e+00 7.730527903054452921e+00 7.730527903054452921e+00
7.730527903054452921e+00 7.730527903054452921e+00 7.730527903054452921e+00 7.730527903054452921e+00 7.730527903054452921e+00 7.730527903054452921e+00 1.780497945824345152e+01 2.833785251072615452e+01 5.729467605017791243e+01 1.046899862825788716e+02 1.300051939151023248e+02 1.180842177460111202e+02 9.361486535268210218e+01 6.324534367426622339e+01 2.480730555623721045e+01 1.653698076958229990e+01 7.730527903054452921e+00 7.730527903054452921e+00 7.730527903054452921e+00 7.730527903054452921e+00 7.730527903054452921e+00 7.730527903054452921e+00 7.730527903054452921e+00 7.730527903054452921e+00
7.730527903054452921e+00 7.730527903054452921e+00 7.730527903054452921e+00 7.730527903054452921e+00 7.730527903054452921e+00 7.730527903054452921e+00 2.106055644441056884e+01 5.546981804790873127e+01 9.568818135874664677e+01 1.305304088754121210e+02 1.297316728034076903e+02 1.016335672329499431e+02 6.324534367426622339e+01 2.689681195877338027e+01 1.653698076958229990e+01 7.730527903054452921e+00 7.730527903054452921e+00 7.730527903054452921e+00 7.730527903054452921e+00 7.730527903054452921e+00 7.730527903054452921e+00 7.730527903054452921e+00 7.730527903054452921e+00 7.730527903054452921e+00
7.730527903054452921e+00 7.730527903054452921e+00 7.730527903054452921e+00 7.730527903054452921e+00 7.730527903054452921e+00 1.780497945824345152e+01 4.475987625102909107e+01 8.600880658436213366e+01 1.210365797896661917e+02 1.313264441234274500e+02 1.150065807522922370e+02 7.567814598223954192e+01 3.949177641012391859e+01 1.653698076958229990e+01 7.730527903054452921e+00 7.730527903054452921e+00 7.730527903054452921e+00 7.730527903054452921e+00 7.730527903054452921e+00 7.730527903054452921e+00 7.730527903054452921e+00 7.730527903054452921e+00 7.730527903054452921e+00 7.730527903054452921e+00
7.730527903054452921e+00 7.730527903054452921e+00 7.730527903054452921e+00 7.730527903054452921e+00 1.780497945824345152e+01 2.833785251072615452e+01 6.596796982167352041e+01 1.043662551440328912e+02 1.300051939151023248e+02 1.223229514114504326e+02 9.361486535268210218e+01 5.347225678627631851e+01 2.257970338889563777e+01 7.730527903054452921e+00 7.730527903054452921e+00 7.730527903054452921e+00 7.730527903054452921e+00 7.730527903054452921e+00 7.730527903054452921e+00 7.730527903054452921e+00 7.730527903054452921e+00 7.730527903054452921e+00 7.730527903054452921e+00 7.730527903054452921e+00
7.730527903054452921e+00 7.730527903054452921e+00 7.730527903054452921e+00 7.730527903054452921e+00 1.780497945824345152e+01 4.991655260781960379e+01 9.568818135874664677e+01 1.305304088754121210e+02 1.297316728034076903e+02 1.016335672329499431e+02 6.324534367426622339e+01 2.480730555623721045e+01 1.653698076958229990e+01 7.730527903054452921e+00 7.730527903054452921e+00 7.730527903054452921e+00 7.730527903054452921e+00 7.730527903054452921e+00 7.730527903054452921e+00 7.730527903054452921e+00 7.730527903054452921e+00 7.730527903054452921e+00 7.730527903054452921e+00 7.730527903054452921e+00
7.730527903054452921e+00 7.730527903054452921e+00 7.730527903054452921e+00 7.730527903054452921e+00 2.748936236030077396e+01 6.596796982167352041e+01 1.117221500252689310e+02 1.315715399610136274e+02 1.150065807522922370e+02 8.618227023319614943e+01 3.949177641012391859e+01 1.653698076958229990e+01 7.730527903054452921e+00 7.730527903054452921e+00 7.730527903054452921e+00 7.730527903054452921e+00 7.730527903054452921e+00 7.730527903054452921e+00 7.730527903054452921e+00 7.730527903054452921e+00 7.730527903054452921e+00 7.730527903054452921e+00 7.730527903054452921e+00 7.730527903054452921e+00
7.730527903054452921e+00 7.730527903054452921e+00 7.730527903054452921e+00 7.730527903054452921e+00 2.951214195884865887e+01 7.437585733882029615e+01 1.231501516136018921e+02 1.223229514114504326e+02 9.681264385242943149e+01 5.347225678627631851e+01 2.257970338889563777e+01 7.730527903054452921e+00 7.730527903054452921e+00 7.730527903054452921e+00 7.730527903054452921e+00 7.730527903054452921e+00 7.730527903054452921e+00 7.730527903054452921e+00 7.730527903054452921e+00 7.730527903054452921e+00 7.730527903054452921e+00 7.730527903054452921e+00 7.730527903054452921e+00 7.730527903054452921e+00
7.730527903054452921e+00 7.730527903054452921e+00 7.730527903054452921e+00 1.602778988012298100e+01 2.951214195884865887e+01 6.841426611796981661e+01 9.787668995438158959e+01 9.086899862825788432e+01 6.324534367426622339e+01 2.480730555623721045e+01 1.653698076958229990e+01 7.730527903054452921e+00 7.730527903054452921e+00 7.730527903054452921e+00 7.730527903054452921e+00 7.730527903054452921e+00 7.730527903054452921e+00 7.730527903054452921e+00 7.730527903054452921e+00 7.730527903054452921e+00 7.730527903054452921e+00 7.730527903054452921e+00 7.730527903054452921e+00 7.730527903054452921e+00
7.730527903054452921e+00 7.730527903054452921e+00 7.730527903054452921e+00 7.730527903054452921e+00 2.675792284018783462e+01 5.503448850220359390e+01 6.228322655655696849e+01 5.957075099138247509e+01 3.949177641012391859e+01 2.326774158390981384e+01 7.730527903054452921e+00 7.730527903054452921e+00 7.730527903054452921e+00 7.730527903054452921e+00 7.730527903054452921e+00 7.730527903054452921e+00 7.730527903054452921e+00 7.730527903054452921e+00 7.730527903054452921e+00 7.730527903054452921e+00 7.730527903054452921e+00 7.730527903054452921e+00 7.730527903054452921e+00 7.730527903054452921e+00
7.730527903054452921e+00 7.730527903054452921e+00 7.730527903054452921e+00 7.730527903054452921e+00 2.160425577365562333e+01 2.160425577365562333e+01 3.238763157420237349e+01 2.854901751421236256e+01 2.326774158390981384e+01 7.730527903054452921e+00 7.730527903054452921e+00 7.730527903054452921e+00 7.730527903054452921e+00 7.730527903054452921e+00 7.730527903054452921e+00 7.730527903054452921e+00 7.730527903054452921e+00 7.730527903054452921e+00 7.730527903054452921e+00 7.730527903054452921e+00 7.730527903054452921e+00 7.730527903054452921e+00 7.730527903054452921e+00 7.730527903054452921e+00
