7.264263094675107446e+00 7.264263094675107446e+00 7.264263094675107446e+00 7.264263094675107446e+00 7.264263094675107446e+00 7.264263094675107446e+00 7.264263094675107446e+00 7.264263094675107446e+00 7.264263094675107446e+00 7.264263094675107446e+00 7.264263094675107446e+00 1.476763291604230766e+01 2.002792678135248039e+01 2.973491274623159342e+01 4.171192720238753537e+01 5.599503496626216048e+01 5.467823002597000936e+01 5.467823002597000936e+01 5.467823002597000936e+01 5.057571528748987078e+01 3.795647426314754114e+01 1.850472048031121375e+01 7.264263094675107446e+00 7.264263094675107446e+00
7.264263094675107446e+00 7.264263094675107446e+00 7.264263094675107446e+00 7.264263094675107446e+00 7.264263094675107446e+00 7.264263094675107446e+00 7.264263094675107446e+00 7.264263094675107446e+00 7.264263094675107446e+00 7.264263094675107446e+00 1.806648320193076529e+01 2.309151210648063213e+01 4.744269253450303125e+01 7.146237641647014982e+01 8.472427983539094498e+01 9.367843477005270358e+01 1.095929174788823843e+02 1.095929174788823843e+02 1.095929174788823843e+02 9.236351165980795486e+01 6.195164609053497884e+01 3.417993642263827070e+01 1.619355841794678241e+01 7.264263094675107446e+00
7.264263094675107446e+00 7.264263094675107446e+00 7.264263094675107446e+00 7.264263094675107446e+00 7.264263094675107446e+00 7.264263094675107446e+00 7.264263094675107446e+00 7.264263094675107446e+00 1.476763291604230766e+01 2.240403411447835680e+01 3.647612952223246197e+01 5.545493993496727114e+01 8.299382716049382225e+01 1.074770233196159097e+02 1.061073388203017771e+02 1.189596315892612068e+02 1.248923182441700845e+02 1.202602880658436248e+02 1.423703545220951696e+02 1.166692533068799094e+02 8.842706904435299009e+01 3.877448563056967146e+01 1.469421162702968076e+01 7.264263094675107446e+00
7.264263094675107446e+00 7.264263094675107446e+00 7.264263094675107446e+00 7.264263094675107446e+00 7.264263094675107446e+00 7.264263094675107446e+00 7.264263094675107446e+00 7.264263094675107446e+00 2.218635564451564690e+01 4.671409603032462599e+01 7.625925925925926663e+01 9.246136259716504924e+01 1.106124828532235966e+02 1.057270233196159097e+02 9.430589849108365286e+01 9.651028806584362485e+01 9.773751814368199575e+01 1.195910403580968904e+02 1.395180423873501923e+02 1.301657680246537439e+02 9.965417984968877363e+01 4.587875590170644813e+01 1.689571612883820606e+01 7.264263094675107446e+00
7.264263094675107446e+00 7.264263094675107446e+00 7.264263094675107446e+00 7.264263094675107446e+00 7.264263094675107446e+00 7.264263094675107446e+00 7.264263094675107446e+00 1.476763291604230766e+01 2.909552141811823489e+01 6.563380199438277884e+01 1.068600462060501144e+02 1.225887059899405358e+02 1.101025377229080959e+02 8.635175387027238969e+01 5.893363690832864421e+01 5.042213094932779427e+01 6.408282639317327778e+01 1.095359215941087143e+02 1.349648144622250356e+02 1.256606965036984462e+02 7.756207133058983061e+01 4.035277843788591667e+01 1.619355841794678241e+01 7.264263094675107446e+00
7.264263094675107446e+00 7.264263094675107446e+00 7.264263094675107446e+00 7.264263094675107446e+00 7.264263094675107446e+00 7.264263094675107446e+00 7.264263094675107446e+00 1.549336933939985883e+01 3.763330213998222007e+01 7.508641975308643168e+01 1.110157569850552335e+02 1.101025377229080959e+02 8.223230452674896185e+01 5.100202788754167926e+01 2.913746614513075173e+01 2.130568746343476860e+01 5.149157077616819578e+01 9.315729309556469673e+01 1.349648144622250356e+02 1.150009485036857058e+02 7.321057734053037791e+01 3.439002867403971209e+01 1.558079993176847644e+01 7.264263094675107446e+00
7.264263094675107446e+00 7.264263094675107446e+00 7.264263094675107446e+00 7.264263094675107446e+00 7.264263094675107446e+00 7.264263094675107446e+00 7.264263094675107446e+00 7.264263094675107446e+00 3.023201459385477818e+01 5.638120713305897880e+01 7.355761316872427358e+01 6.203437437936752730e+01 4.841891404509431140e+01 2.527743167659845369e+01 1.426388543416721966e+01 2.712734041788509387e+01 6.445607525435457319e+01 1.064650205761316641e+02 1.309920198300964955e+02 1.035270738574832166e+02 6.396658828140308373e+01 2.550558854943460929e+01 7.264263094675107446e+00 7.264263094675107446e+00
7.264263094675107446e+00 7.264263094675107446e+00 7.264263094675107446e+00 7.264263094675107446e+00 7.264263094675107446e+00 7.264263094675107446e+00 7.264263094675107446e+00 7.264263094675107446e+00 2.495869261618254598e+01 2.440210239994764763e+01 3.792968335456660611e+01 3.747663574054308100e+01 2.527743167659845369e+01 1.566433087618613484e+01 2.404571000652127566e+01 5.362827320873896042e+01 8.275595460780644430e+01 1.163403371320037962e+02 1.257077721661054852e+02 9.558436213991768682e+01 4.919172817663159236e+01 1.689571612883820606e+01 7.264263094675107446e+00 7.264263094675107446e+00
7.264263094675107446e+00 7.264263094675107446e+00 7.264263094675107446e+00 7.264263094675107446e+00 7.264263094675107446e+00 7.264263094675107446e+00 7.264263094675107446e+00 7.264263094675107446e+00 7.264263094675107446e+00 7.264263094675107446e+00 1.454692195840881830e+01 1.509893604106833109e+01 1.758059573559844679e+01 2.712734041788509387e+01 5.362827320873896042e+01 8.275595460780644430e+01 1.124327846364883357e+02 1.315460399971121035e+02 1.104166666666666714e+02 7.120987654320987303e+01 3.293181266742368507e+01 1.558079993176847644e+01 7.264263094675107446e+00 7.264263094675107446e+00
7.264263094675107446e+00 7.264263094675107446e+00 7.264263094675107446e+00 7.264263094675107446e+00 7.264263094675107446e+00 7.264263094675107446e+00 7.264263094675107446e+00 7.264263094675107446e+00 7.264263094675107446e+00 7.264263094675107446e+00 7.264263094675107446e+00 1.616041252605140599e+01 2.712734041788509387e+01 5.362827320873896042e+01 8.975788751714677005e+01 1.124327846364883357e+02 1.315460399971121035e+02 1.104166666666666714e+02 8.223230452674896185e+01 4.643403392657284456e+01 2.074184273730458727e+01 7.264263094675107446e+00 7.264263094675107446e+00 7.264263094675107446e+00
7.264263094675107446e+00 7.264263094675107446e+00 7.264263094675107446e+00 7.264263094675107446e+00 7.264263094675107446e+00 7.264263094675107446e+00 7.264263094675107446e+00 1.562177023339191351e+01 1.562177023339191351e+01 1.562177023339191351e+01 1.806648320193076529e+01 2.712734041788509387e+01 5.545493993496727114e+01 8.975788751714677005e+01 1.197277091906721296e+02 1.292672714802344274e+02 1.104166666666666714e+02 8.223230452674896185e+01 5.100202788754167926e+01 2.527743167659845369e+01 1.558079993176847644e+01 7.264263094675107446e+00 7.264263094675107446e+00 7.264263094675107446e+00
7.264263094675107446e+00 7.264263094675107446e+00 7.264263094675107446e+00 7.264263094675107446e+00 7.264263094675107446e+00 2.002792678135248039e+01 2.973491274623159342e+01 3.182335543032831993e+01 3.975326256311313955e+01 3.975326256311313955e+01 4.171192720238753537e+01 5.545493993496727114e+01 8.975788751714677005e+01 1.113716100823045139e+02 1.315460399971121035e+02 1.182060539551897733e+02 8.223230452674896185e+01 4.841891404509431140e+01 2.527743167659845369e+01 1.646016765763812728e+01 7.264263094675107446e+00 7.264263094675107446e+00 7.264263094675107446e+00 7.264263094675107446e+00
7.264263094675107446e+00 7.264263094675107446e+00 7.264263094675107446e+00 1.476763291604230766e+01 2.240403411447835680e+01 3.726675124851229270e+01 7.146237641647014982e+01 8.427572016460905502e+01 8.427572016460905502e+01 8.427572016460905502e+01 8.905761316872427358e+01 1.054264403292181100e+02 1.201091365595995200e+02 1.394102591870623087e+02 1.342010276462761738e+02 9.886428898033835821e+01 6.470261429190962588e+01 3.167978516569866798e+01 1.395304455200250970e+01 7.264263094675107446e+00 7.264263094675107446e+00 7.264263094675107446e+00 7.264263094675107446e+00 7.264263094675107446e+00
7.264263094675107446e+00 7.264263094675107446e+00 1.616041252605140599e+01 2.303858172576592267e+01 4.791328465265365111e+01 7.823891175125744724e+01 1.054264403292181100e+02 1.221379984812855213e+02 1.169347520034654480e+02 1.300283950617284177e+02 1.300283950617284177e+02 1.300283950617284177e+02 1.394102591870623087e+02 1.452805604769974082e+02 1.450797713647860974e+02 1.007199841166702754e+02 6.677661832752539794e+01 3.040649239832675477e+01 1.619355841794678241e+01 7.264263094675107446e+00 7.264263094675107446e+00 7.264263094675107446e+00 7.264263094675107446e+00 7.264263094675107446e+00
7.264263094675107446e+00 7.264263094675107446e+00 2.240403411447835680e+01 4.791328465265365111e+01 8.152674897119339903e+01 1.124327846364883357e+02 1.320354207254966354e+02 1.452805604769974082e+02 1.450037661624633074e+02 1.481556444866187690e+02 1.481556444866187690e+02 1.452805604769974082e+02 1.463261373169663671e+02 1.545444873288566043e+02 1.404673638428147058e+02 1.166692533068799094e+02 8.544718792866940760e+01 4.996569318859005193e+01 1.860442098956449897e+01 7.264263094675107446e+00 7.264263094675107446e+00 7.264263094675107446e+00 7.264263094675107446e+00 7.264263094675107446e+00
7.264263094675107446e+00 1.866245827890308462e+01 4.558722210262377672e+01 8.152674897119339903e+01 1.113716100823045139e+02 1.394102591870623087e+02 1.452805604769974082e+02 1.481556444866187690e+02 1.463261373169663671e+02 1.545444873288566043e+02 1.414975029365137971e+02 1.343407694516221227e+02 1.250882615029614868e+02 1.398126886145404342e+02 1.428634182793174716e+02 1.404673638428147058e+02 1.096882454796665911e+02 6.476231895676340855e+01 2.646492232937379896e+01 7.264263094675107446e+00 7.264263094675107446e+00 7.264263094675107446e+00 7.264263094675107446e+00 7.264263094675107446e+00
1.476763291604230766e+01 3.219868755310342578e+01 6.790216090371025359e+01 1.098272220990118484e+02 1.394102591870623087e+02 1.481556444866187690e+02 1.481556444866187690e+02 1.481556444866187690e+02 1.425475114855841809e+02 1.343407694516221227e+02 1.242348575915096518e+02 9.980761316872427358e+01 9.651028806584362485e+01 9.346639231824414651e+01 1.195910403580968904e+02 1.404673638428147058e+02 1.166692533068799094e+02 7.177706644694103488e+01 3.489222650976694950e+01 1.619355841794678241e+01 7.264263094675107446e+00 7.264263094675107446e+00 7.264263094675107446e+00 7.264263094675107446e+00
2.184937310212671235e+01 5.320408926667233374e+01 9.568818135874664677e+01 1.305304088754121210e+02 1.545444873288566043e+02 1.545444873288566043e+02 1.545444873288566043e+02 1.425475114855841809e+02 1.273006476421776938e+02 1.073578923302769965e+02 9.289465020576132304e+01 5.893363690832864421e+01 4.289678390609071812e+01 6.061378367975439119e+01 8.445012069203856697e+01 1.195910403580968904e+02 1.267617076110903156e+02 1.007199841166702754e+02 5.921086716012349882e+01 2.498402775545770282e+01 7.264263094675107446e+00 7.264263094675107446e+00 7.264263094675107446e+00 7.264263094675107446e+00
2.909552141811823489e+01 6.888271604938270798e+01 1.194765619810843873e+02 1.435178206146367188e+02 1.545444873288566043e+02 1.545444873288566043e+02 1.414975029365137971e+02 1.242348575915096518e+02 9.980761316872427358e+01 7.296570644718792664e+01 4.412136544619092149e+01 2.481013210070470265e+01 1.646016765763812728e+01 2.640857328316916153e+01 5.838715094784179627e+01 1.012393689986282368e+02 1.177181069958847814e+02 1.129259259259259238e+02 8.544718792866940760e+01 3.417993642263827070e+01 1.469421162702968076e+01 7.264263094675107446e+00 7.264263094675107446e+00 7.264263094675107446e+00
3.234882794983647614e+01 7.508641975308643168e+01 1.072528903393912998e+02 1.289951989026063188e+02 1.289951989026063188e+02 1.250882615029614868e+02 1.134567366002856090e+02 9.289465020576132304e+01 5.957010600700847647e+01 3.656564039631729912e+01 2.074184273730458727e+01 7.264263094675107446e+00 7.264263094675107446e+00 1.871902292001039214e+01 3.301359381880919841e+01 7.508641975308643168e+01 1.095359215941087143e+02 1.034314128943758391e+02 8.609019204389574043e+01 4.189159184999738983e+01 1.689571612883820606e+01 7.264263094675107446e+00 7.264263094675107446e+00 7.264263094675107446e+00
2.541059312800655690e+01 5.638120713305897880e+01 7.355761316872427358e+01 9.154937842935527215e+01 9.154937842935527215e+01 8.412482853223593793e+01 7.184192534401009311e+01 4.781400355513963518e+01 3.060608236123740156e+01 1.901474512077659540e+01 7.264263094675107446e+00 7.264263094675107446e+00 7.264263094675107446e+00 7.264263094675107446e+00 2.495869261618254598e+01 4.765767189904877910e+01 7.355761316872427358e+01 8.624382716049382225e+01 7.120987654320987303e+01 3.293181266742368507e+01 1.689571612883820606e+01 7.264263094675107446e+00 7.264263094675107446e+00 7.264263094675107446e+00
1.735937191417990633e+01 2.440210239994764763e+01 3.792968335456660611e+01 4.824027868754518522e+01 4.289678390609071812e+01 3.747663574054308100e+01 2.345053716093336860e+01 2.279623607076871750e+01 1.646016765763812728e+01 7.264263094675107446e+00 7.264263094675107446e+00 7.264263094675107446e+00 7.264263094675107446e+00 7.264263094675107446e+00 1.549336933939985883e+01 2.440210239994764763e+01 4.041956213806607678e+01 4.319275956907385705e+01 3.747663574054308100e+01 2.074184273730458727e+01 7.264263094675107446e+00 7.264263094675107446e+00 7.264263094675107446e+00 7.264263094675107446e+00
7.264263094675107446e+00 7.264263094675107446e+00 2.009883414984674843e+01 2.312689743060798264e+01 1.646016765763812728e+01 1.646016765763812728e+01 7.264263094675107446e+00 7.264263094675107446e+00 7.264263094675107446e+00 7.264263094675107446e+00 7.264263094675107446e+00 7.264263094675107446e+00 7.264263094675107446e+00 7.264263094675107446e+00 7.264263094675107446e+00 7.264263094675107446e+00 2.009883414984674843e+01 2.009883414984674843e+01 1.646016765763812728e+01 1.558079993176847644e+01 7.264263094675107446e+00 7.264263094675107446e+00 7.264263094675107446e+00 7.264263094675107446e+00
7.264263094675107446e+00 7.264263094675107446e+00 7.264263094675107446e+00 7.264263094675107446e+00 7.264263094675107446e+00 7.264263094675107446e+00 7.264263094675107446e+00 7.264263094675107446e+00 7.264263094675107446e+00 7.264263094675107446e+00 7.264263094675107446e+00 7.264263094675107446e+00 7.264263094675107446e+00 7.264263094675107446e+00 7.264263094675107446e+00 7.264263094675107446e+00 7.264263094675107446e+00 7.264263094675107446e+00 7.264263094675107446e+00 7.264263094675107446e+00 7.264263094675107446e+00 7.264263094675107446e+00 7.264263094675107446e+00 7.264263094675107446e+00
