1.666666666666666644e-02 1.666666666666666644e-02 1.666666666666666644e-02 1.666666666666666644e-02 1.666666666666666644e-02 3.180555555555555358e-01 1.319135802469135754e+00 1.215740740740740788e+00 1.334705075445816291e+00 3.180555555555555358e-01 9.233796296296297168e-01 1.319135802469135754e+00 1.247074074074074002e+00 1.275555555555555554e+00 1.345238095238095344e+00 8.635416666666667629e-01 7.975308641975307200e-01 3.180555555555555358e-01 2.305555555555555414e-01 1.258052910052909867e+00 9.295555555555555793e-01 2.233796296296295947e-01 1.666666666666666644e-02 1.666666666666666644e-02
1.666666666666666644e-02 1.666666666666666644e-02 1.666666666666666644e-02 1.666666666666666644e-02 1.666666666666666644e-02 2.305555555555555414e-01 1.334705075445816291e+00 1.412499999999999867e+00 1.467777777777777848e+00 2.233796296296295947e-01 1.215740740740740788e+00 7.908950617283950768e-01 1.265661375661375709e+00 1.647916666666666474e+00 1.044444444444444509e+00 5.355555555555555625e-01 1.417901234567901181e+00 1.547430376112546746e+00 7.975308641975307200e-01 1.215740740740740788e+00 1.265661375661375709e+00 6.043650793650794384e-01 1.666666666666666644e-02 1.666666666666666644e-02
1.666666666666666644e-02 1.666666666666666644e-02 1.666666666666666644e-02 1.666666666666666644e-02 1.666666666666666644e-02 1.666666666666666644e-02 2.305555555555555414e-01 2.166666666666667018e-01 9.782175665541806842e-01 6.250000000000000000e-01 1.044444444444444509e+00 1.334705075445816291e+00 1.565740740740740655e+00 1.599851851851851636e+00 1.047377777777777741e+00 1.036728395061728314e+00 6.161111111111110539e-01 2.233796296296295947e-01 2.233796296296295947e-01 1.214006734006733756e+00 7.908950617283950768e-01 2.233796296296295947e-01 1.666666666666666644e-02 1.666666666666666644e-02
1.666666666666666644e-02 1.666666666666666644e-02 1.666666666666666644e-02 1.666666666666666644e-02 1.666666666666666644e-02 1.666666666666666644e-02 1.666666666666666644e-02 3.333333333333333148e-01 5.708333333333333037e-01 5.708333333333333037e-01 5.708333333333333037e-01 7.731481481481482509e-01 1.283456790123456814e+00 1.334705075445816291e+00 5.708333333333333037e-01 1.334705075445816291e+00 1.283456790123456814e+00 1.283456790123456814e+00 1.334705075445816291e+00 1.215740740740740788e+00 9.329365079365078417e-01 4.527777777777777790e-01 3.180555555555555358e-01 1.666666666666666644e-02
1.666666666666666644e-02 1.666666666666666644e-02 1.666666666666666644e-02 1.666666666666666644e-02 1.666666666666666644e-02 3.180555555555555358e-01 4.187683715461492651e-01 6.161111111111110539e-01 1.399845679012345689e+00 1.334705075445816291e+00 5.513388888888888317e+01 6.786018518518518761e+01 8.337160493827160224e+01 6.734611111111109949e+01 6.734611111111109949e+01 8.136349206349204621e+01 8.339160514334932373e+01 8.333472222222222570e+01 3.060066137566137101e+01 9.078333333333333144e+00 2.235978835978835733e+01 2.233796296296295947e-01 2.233796296296295947e-01 1.666666666666666644e-02
2.233796296296295947e-01 1.666666666666666644e-02 2.233796296296295947e-01 2.233796296296295947e-01 3.180555555555555358e-01 4.187683715461492651e-01 2.767351851851851663e+01 6.076453703703703013e+01 6.734611111111109949e+01 9.429111111111109267e+01 1.664827335858585684e+02 1.673486111111110972e+02 1.673486111111110972e+02 1.674256018518518090e+02 1.672672222222222160e+02 1.669271990740740534e+02 1.670534722222221831e+02 1.668590277777777544e+02 1.669271990740740534e+02 8.489527777777777828e+01 3.897222222222222143e+01 2.233796296296295947e-01 2.233796296296295947e-01 4.187683715461492651e-01
2.233796296296295947e-01 2.233796296296295947e-01 6.161111111111110539e-01 4.014550264550264536e-01 5.708333333333333037e-01 5.922515873015872501e+01 8.451166666666665606e+01 1.664827335858585684e+02 1.663677777777777465e+02 1.664827335858585684e+02 1.663725859788359571e+02 1.667187500000000000e+02 1.668821759259259068e+02 1.667331851851851923e+02 1.666290404040403814e+02 1.665574999999999761e+02 1.664344444444444093e+02 1.669390873015872785e+02 1.668194444444444287e+02 1.408096296296295975e+02 1.111894444444444332e+02 1.215740740740740788e+00 1.361805555555555491e+00 2.233796296296295947e-01
1.565740740740740655e+00 1.547430376112546746e+00 7.975308641975307200e-01 6.161111111111110539e-01 3.370611111111110603e+01 9.304429012345678984e+01 1.674256018518518090e+02 1.663881944444444230e+02 1.664707936507936381e+02 1.662826543209876320e+02 1.664344444444444093e+02 1.669390873015872785e+02 1.670104166666666572e+02 1.664344444444444093e+02 1.670104166666666572e+02 8.438819444444443718e+01 6.709899176954732525e+01 8.378055555555555145e+01 1.543527777777777601e+02 1.673486111111110972e+02 1.472405555555555452e+02 4.794444444444444287e+01 1.291264928193499362e+00 1.215740740740740788e+00
1.361805555555555491e+00 1.394753086419753041e+00 1.682414141414141362e+00 1.163447077409162755e+00 7.274805555555556680e+01 1.482099999999999795e+02 1.667766666666666424e+02 1.667187500000000000e+02 1.564249999999999829e+02 8.438819444444443718e+01 1.547430376112546746e+00 4.313308080808081257e+01 8.378055555555555145e+01 1.722222222222222099e+00 2.364010614470736904e+00 2.210322598019629936e+00 1.843750000000000000e+00 2.558371568085498371e+00 8.191269841269841834e+01 1.360383333333333553e+02 1.470408289241622413e+02 6.120375925925925742e+01 1.748009259259259096e+00 5.708333333333333037e-01
1.588888888888889239e+00 1.722222222222222099e+00 1.772447089947089882e+00 5.916759259259258386e+01 1.453650950292397397e+02 1.673486111111110972e+02 1.669271990740740534e+02 1.663881944444444230e+02 2.364010614470736904e+00 1.565740740740740655e+00 1.722222222222222099e+00 1.547430376112546746e+00 2.384722222222221966e+00 1.547430376112546746e+00 1.722222222222222099e+00 1.547430376112546746e+00 1.626283068783068941e+00 1.343333333333333268e+00 4.209444444444444144e+01 1.116915123456790155e+02 1.659637962962962945e+02 8.164282828282827609e+01 2.364010614470736904e+00 2.233796296296295947e-01
1.319135802469135754e+00 1.320833333333333304e+00 1.647916666666666474e+00 7.355231481481480671e+01 1.673486111111110972e+02 1.666290404040403814e+02 1.669390873015872785e+02 1.664344444444444093e+02 1.455250000000000021e+01 1.319135802469135754e+00 1.361805555555555491e+00 1.394753086419753041e+00 2.364010614470736904e+00 2.006327160493827311e+00 1.361805555555555491e+00 1.343333333333333268e+00 1.125694444444444331e+00 1.516759259259259141e+00 1.626283068783068941e+00 1.824884259259259167e+01 1.549002314814814554e+02 1.266932774914089350e+02 1.215740740740740788e+00 1.243055555555555358e+00
1.395601851851851816e+00 1.009939564589331429e+00 1.772447089947089882e+00 1.112895061728394950e+02 1.666290404040403814e+02 1.518744047619047421e+02 9.026851851851851904e+01 8.438819444444443718e+01 1.762962962962963065e+00 1.215740740740740788e+00 1.588888888888889239e+00 1.283456790123456814e+00 1.588888888888889239e+00 1.722222222222222099e+00 1.588888888888889239e+00 1.721347736625514324e+00 9.932098765432098020e-01 1.043209876543209624e+00 1.125694444444444331e+00 4.725740740740739199e+01 5.592283950617283494e+01 8.768611111111108869e+01 4.794444444444444287e+01 1.319135802469135754e+00
1.125694444444444331e+00 1.334705075445816291e+00 5.916759259259258386e+01 1.453650950292397397e+02 1.667187500000000000e+02 1.120229166666666600e+02 2.364010614470736904e+00 1.490462962962962656e+00 1.122691358024691333e+00 9.233796296296297168e-01 1.204320987654320829e+00 1.036728395061728314e+00 6.250000000000000000e-01 1.343333333333333268e+00 1.824047619047618696e+00 1.361805555555555491e+00 9.237037037037036935e-01 4.527777777777777790e-01 3.180555555555555358e-01 2.558371568085498371e+00 1.342162380952381113e+02 1.196152777777777771e+02 4.339722222222222570e+01 8.547281746031744731e+00
1.316983402813226567e+00 3.180555555555555358e-01 3.293691358024691596e+01 1.599605555555555441e+02 9.700291666666666401e+01 2.364010614470736904e+00 1.319135802469135754e+00 1.316983402813226567e+00 1.547430376112546746e+00 5.708333333333333037e-01 1.047377777777777741e+00 9.782175665541806842e-01 4.527777777777777790e-01 3.180555555555555358e-01 1.044814814814814863e+00 1.298518518518518627e+00 7.999999999999999334e-01 8.563271604938270665e-01 4.187683715461492651e-01 1.878379629629629477e+01 1.104680555555555515e+02 1.279343314093313921e+02 9.877993109388458493e+01 1.215740740740740788e+00
9.282407407407405886e-01 8.563271604938270665e-01 8.563271604938270665e-01 1.824884259259259167e+01 1.347114748677248599e+02 1.215740740740740788e+00 1.367592592592592471e+00 1.467777777777777848e+00 2.233796296296295947e-01 2.233796296296295947e-01 3.180555555555555358e-01 5.355555555555555625e-01 4.014550264550264536e-01 2.233796296296295947e-01 1.215740740740740788e+00 1.036728395061728314e+00 1.265661375661375709e+00 6.161111111111110539e-01 4.973564814814815094e+01 1.030847222222222257e+02 1.325444444444444230e+02 1.347114748677248599e+02 6.717732538699081601e+01 1.250846560846560651e+00
2.166666666666667018e-01 3.180555555555555358e-01 7.908950617283950768e-01 4.265041666666666487e+01 1.598765624999999773e+02 4.608503086419752748e+01 1.215740740740740788e+00 1.334705075445816291e+00 1.761010623026126876e+00 1.064814814814814659e+00 5.708333333333333037e-01 1.036728395061728314e+00 6.161111111111110539e-01 1.053399470899470813e+01 7.731481481481482509e-01 1.334705075445816291e+00 1.044814814814814863e+00 8.158944444444443889e+01 1.674256018518518090e+02 1.669271990740740534e+02 1.652051835978836039e+02 9.700291666666666401e+01 2.364010614470736904e+00 1.215740740740740788e+00
1.023888888888888848e+00 8.227513227513227889e-01 8.911111111111111871e-01 9.201388888888888573e+01 1.633800925925925753e+02 1.111894444444444332e+02 8.489527777777777828e+01 2.098296957671957230e+00 2.282013042943275494e+01 5.708333333333333037e-01 6.161111111111110539e-01 6.161111111111110539e-01 5.513388888888888317e+01 6.734611111111109949e+01 6.734611111111109949e+01 6.786018518518518761e+01 1.664827335858585684e+02 1.635482969576719654e+02 1.670104166666666572e+02 1.664344444444444093e+02 1.222588888888888903e+02 2.364010614470736904e+00 1.762962962962963065e+00 1.215740740740740788e+00
2.233796296296295947e-01 5.187301587301585748e+00 4.725740740740739199e+01 1.342162380952381113e+02 1.674256018518518090e+02 1.669271990740740534e+02 1.672672222222222160e+02 8.489527777777777828e+01 6.734611111111109949e+01 8.337160493827160224e+01 8.337160493827160224e+01 9.429111111111109267e+01 1.664827335858585684e+02 1.674256018518518090e+02 1.673486111111110972e+02 1.669271990740740534e+02 1.667331851851851923e+02 1.670104166666666572e+02 1.550756349206349114e+02 8.438819444444443718e+01 4.313308080808081257e+01 6.250000000000000000e-01 9.459876543209874145e-01 1.367592592592592471e+00
1.181415343915344085e+00 1.547430376112546746e+00 1.779583333333333073e+01 6.283472222222221859e+01 1.291695301783264540e+02 1.668194444444444287e+02 1.671081790123456585e+02 1.670534722222221831e+02 1.668590277777777544e+02 1.669702380952380736e+02 1.666627314814814440e+02 1.664887517971284581e+02 1.663881944444444230e+02 1.674830555555555236e+02 1.669390873015872785e+02 1.665574999999999761e+02 1.664344444444444093e+02 8.438819444444443718e+01 4.313308080808081257e+01 2.014136122110535165e+00 9.249382716049382447e-01 6.977777777777777191e-01 6.977777777777777191e-01 2.166666666666667018e-01
1.147023809523809668e+00 1.731944444444444287e+00 1.762962962962963065e+00 2.384722222222221966e+00 8.378055555555555145e+01 8.378055555555555145e+01 1.438320238095238039e+02 1.669390873015872785e+02 1.664344444444444093e+02 1.666290404040403814e+02 1.572249999999999943e+02 1.669390873015872785e+02 1.670104166666666572e+02 1.169428571428571360e+02 8.438819444444443718e+01 1.547430376112546746e+00 8.438819444444443718e+01 1.843750000000000000e+00 1.291264928193499362e+00 1.043209876543209624e+00 1.125694444444444331e+00 7.155423280423279797e-01 8.563271604938270665e-01 2.233796296296295947e-01
2.166666666666667018e-01 1.008703703703703658e+00 1.674878747795414347e+00 1.043209876543209624e+00 1.125694444444444331e+00 8.635416666666667629e-01 8.378055555555555145e+01 8.378055555555555145e+01 8.378055555555555145e+01 1.438320238095238039e+02 1.484044312169311866e+02 1.120229166666666600e+02 8.438819444444443718e+01 1.547430376112546746e+00 1.502623456790123324e+00 1.537255291005291014e+00 1.043209876543209624e+00 1.001688888888888851e+00 1.524364323507180430e+00 3.180555555555555358e-01 2.305555555555555414e-01 9.932098765432098020e-01 6.161111111111110539e-01 2.233796296296295947e-01
1.666666666666666644e-02 1.666666666666666644e-02 2.166666666666667018e-01 2.166666666666667018e-01 3.180555555555555358e-01 6.038425925925928084e+00 3.180555555555555358e-01 2.166666666666667018e-01 8.635416666666667629e-01 1.547430376112546746e+00 1.547430376112546746e+00 2.282296296296296489e+01 4.527777777777777790e-01 2.166666666666667018e-01 6.250000000000000000e-01 4.527777777777777790e-01 2.166666666666667018e-01 3.180555555555555358e-01 1.666666666666666644e-02 1.666666666666666644e-02 2.305555555555555414e-01 3.180555555555555358e-01 1.666666666666666644e-02 2.166666666666667018e-01
1.666666666666666644e-02 1.666666666666666644e-02 1.666666666666666644e-02 1.666666666666666644e-02 1.666666666666666644e-02 1.666666666666666644e-02 1.666666666666666644e-02 1.666666666666666644e-02 1.666666666666666644e-02 1.666666666666666644e-02 1.666666666666666644e-02 1.666666666666666644e-02 1.666666666666666644e-02 1.666666666666666644e-02 1.666666666666666644e-02 1.666666666666666644e-02 1.666666666666666644e-02 1.666666666666666644e-02 1.666666666666666644e-02 1.666666666666666644e-02 1.666666666666666644e-02 1.666666666666666644e-02 1.666666666666666644e-02 1.666666666666666644e-02
1.666666666666666644e-02 1.666666666666666644e-02 1.666666666666666644e-02 1.666666666666666644e-02 1.666666666666666644e-02 1.666666666666666644e-02 1.666666666666666644e-02 1.666666666666666644e-02 1.666666666666666644e-02 1.666666666666666644e-02 1.666666666666666644e-02 1.666666666666666644e-02 1.666666666666666644e-02 1.666666666666666644e-02 1.666666666666666644e-02 1.666666666666666644e-02 1.666666666666666644e-02 1.666666666666666644e-02 1.666666666666666644e-02 1.666666666666666644e-02 1.666666666666666644e-02 1.666666666666666644e-02 1.666666666666666644e-02 1.666666666666666644e-02
