1.260529100529100388e+00 6.250000000000000000e-01 1.075228475228474867e+00 1.245138592750533180e+00 2.658340740740740671e+00 2.251190476190475742e+00 6.250000000000000000e-01 6.250000000000000000e-01 6.250000000000000000e-01 7.731481481481482509e-01 9.717592592592591005e-01 6.250000000000000000e-01 7.708994708994707512e-01 6.250000000000000000e-01 6.250000000000000000e-01 6.250000000000000000e-01 2.253123796055239048e+00 2.253123796055239048e+00 2.253123796055239048e+00 2.253123796055239048e+00 2.253123796055239048e+00 2.253123796055239048e+00 2.253123796055239048e+00 2.253123796055239048e+00
1.913588766246391515e+00 1.913588766246391515e+00 1.728240740740740522e+00 1.734518518518518349e+00 2.076157407407407174e+00 1.291444444444444395e+00 8.563271604938270665e-01 8.563271604938270665e-01 8.563271604938270665e-01 8.541152263374484077e-01 6.250000000000000000e-01 7.731481481481482509e-01 6.250000000000000000e-01 6.250000000000000000e-01 6.250000000000000000e-01 6.250000000000000000e-01 2.253123796055239048e+00 2.253123796055239048e+00 2.253123796055239048e+00 2.253123796055239048e+00 2.253123796055239048e+00 2.253123796055239048e+00 2.253123796055239048e+00 2.253123796055239048e+00
1.075228475228474867e+00 1.075228475228474867e+00 1.075228475228474867e+00 1.075228475228474867e+00 1.481944444444444287e+00 1.030555555555555447e+00 8.541152263374484077e-01 6.250000000000000000e-01 6.250000000000000000e-01 8.563271604938270665e-01 6.250000000000000000e-01 6.250000000000000000e-01 6.250000000000000000e-01 6.250000000000000000e-01 6.250000000000000000e-01 6.250000000000000000e-01 2.253123796055239048e+00 2.253123796055239048e+00 2.253123796055239048e+00 2.253123796055239048e+00 2.253123796055239048e+00 2.253123796055239048e+00 2.253123796055239048e+00 2.253123796055239048e+00
1.728240740740740522e+00 1.689415927773159742e+00 1.691774891774891598e+00 1.070952380952380700e+01 1.268386243386243173e+00 6.250000000000000000e-01 7.731481481481482509e-01 6.250000000000000000e-01 6.250000000000000000e-01 6.250000000000000000e-01 6.250000000000000000e-01 6.250000000000000000e-01 2.253123796055239048e+00 6.250000000000000000e-01 6.250000000000000000e-01 6.250000000000000000e-01 2.253123796055239048e+00 2.253123796055239048e+00 2.253123796055239048e+00 2.253123796055239048e+00 2.253123796055239048e+00 2.253123796055239048e+00 2.253123796055239048e+00 2.253123796055239048e+00
1.937435012652403810e+00 1.345238095238095344e+00 6.107240935672514581e+01 1.481944444444444287e+00 1.481944444444444287e+00 7.731481481481482509e-01 7.731481481481482509e-01 7.731481481481482509e-01 7.731481481481482509e-01 7.731481481481482509e-01 7.731481481481482509e-01 1.070952380952380700e+01 7.731481481481482509e-01 7.731481481481482509e-01 7.731481481481482509e-01 6.250000000000000000e-01 2.253123796055239048e+00 2.253123796055239048e+00 2.253123796055239048e+00 2.253123796055239048e+00 2.253123796055239048e+00 2.253123796055239048e+00 2.253123796055239048e+00 2.253123796055239048e+00
2.076157407407407174e+00 3.224074074074073870e+00 1.115893518518518306e+02 1.671279344193817735e+02 1.342500000000000000e+02 1.671279344193817735e+02 1.666627314814814440e+02 8.359050925925924957e+01 8.359050925925924957e+01 8.359050925925924957e+01 8.359050925925924957e+01 8.136349206349204621e+01 6.754765079365077440e+01 1.481944444444444287e+00 1.268386243386243173e+00 7.731481481481482509e-01 2.253123796055239048e+00 2.253123796055239048e+00 2.253123796055239048e+00 2.253123796055239048e+00 2.253123796055239048e+00 2.253123796055239048e+00 2.253123796055239048e+00 2.253123796055239048e+00
1.862645502645502216e+00 4.362808730158729986e+01 1.297716049382715937e+02 1.394761243386243450e+02 1.657759259259259181e+02 1.681461111111111109e+02 1.661883891098211166e+02 1.663011111111111120e+02 1.656499999999999488e+02 1.656499999999999488e+02 1.671279344193817735e+02 1.671279344193817735e+02 1.666627314814814440e+02 1.104085201429499676e+02 3.625362893949850474e+01 1.060634920634920597e+01 7.731481481481482509e-01 8.563271604938270665e-01 1.135555555555555429e+00 1.824629629629629601e+00 7.708994708994707512e-01 7.708994708994707512e-01 2.253123796055239048e+00 2.253123796055239048e+00
8.563271604938270665e-01 2.071984126984126817e+00 9.949603174603172562e+00 9.210515873015870625e+01 7.981848148148148425e+01 1.657759259259259181e+02 1.284211640211640031e+02 1.664344444444444093e+02 1.664344444444444093e+02 1.664344444444444093e+02 1.657759259259259181e+02 1.664344444444444093e+02 1.632150617283950851e+02 1.608632905982905754e+02 9.883950617283949214e+01 2.063666666666666316e+01 1.192160493827160472e+01 1.532795548073325964e+00 2.073214285714285676e+00 2.073214285714285676e+00 8.541152263374484077e-01 7.708994708994707512e-01 6.250000000000000000e-01 6.250000000000000000e-01
1.071604938271604857e+00 9.716358024691358342e-01 1.335648148148148140e+00 1.464074074074074305e+00 2.116666666666666696e+00 9.949603174603172562e+00 9.949603174603172562e+00 3.779953703703703383e+01 3.779953703703703383e+01 3.779953703703703383e+01 9.026851851851851904e+01 1.363438888888888698e+02 1.363438888888888698e+02 1.196779365079364936e+02 1.608632905982905754e+02 1.155824074074074019e+02 6.596055555555555827e+01 1.192160493827160472e+01 1.669753086419752952e+00 2.377366255144032881e+00 2.071984126984126817e+00 1.795555555555555127e+00 7.708994708994707512e-01 6.250000000000000000e-01
1.138888888888888618e+00 7.708994708994707512e-01 1.245138592750533180e+00 8.911111111111111871e-01 6.250000000000000000e-01 1.075228475228474867e+00 8.563271604938270665e-01 1.464074074074074305e+00 2.116666666666666696e+00 2.116666666666666696e+00 1.722222222222222099e+00 8.541152263374484077e-01 2.116666666666666696e+00 7.981848148148148425e+01 1.643952601410934733e+02 1.666627314814814440e+02 1.155824074074074019e+02 1.215740740740740788e+00 1.215740740740740788e+00 1.728240740740740522e+00 1.593703703703703622e+00 7.708994708994707512e-01 1.075228475228474867e+00 6.250000000000000000e-01
1.150666666666666504e+00 1.136666666666666492e+00 8.563271604938270665e-01 8.563271604938270665e-01 7.708994708994707512e-01 7.708994708994707512e-01 6.250000000000000000e-01 1.929828042328042059e+00 6.250000000000000000e-01 1.075228475228474867e+00 1.164722222222222214e+00 1.322962962962962896e+00 8.563271604938270665e-01 9.716358024691358342e-01 1.313141931216931084e+02 1.454040740740740603e+02 1.470408289241622413e+02 1.031034391534391403e+02 1.795833333333332860e+01 1.603925925925925755e+00 1.797171075837742604e+00 7.708994708994707512e-01 7.708994708994707512e-01 6.250000000000000000e-01
8.541152263374484077e-01 6.250000000000000000e-01 6.250000000000000000e-01 6.250000000000000000e-01 6.250000000000000000e-01 6.250000000000000000e-01 6.250000000000000000e-01 8.563271604938270665e-01 1.215740740740740788e+00 1.168666666666666520e+00 8.563271604938270665e-01 9.717592592592591005e-01 6.250000000000000000e-01 1.322962962962962896e+00 8.459517396184061511e+01 1.681461111111111109e+02 1.665274691358024768e+02 1.155824074074074019e+02 1.447685185185185075e+00 1.396740740740740616e+00 1.611594615487878634e+00 1.164722222222222214e+00 7.708994708994707512e-01 6.250000000000000000e-01
7.708994708994707512e-01 6.250000000000000000e-01 6.250000000000000000e-01 7.708994708994707512e-01 6.250000000000000000e-01 1.071604938271604857e+00 8.563271604938270665e-01 1.722222222222222099e+00 2.073214285714285676e+00 1.811111111111111116e+00 1.797171075837742604e+00 1.345238095238095344e+00 8.563271604938270665e-01 1.779583333333333073e+01 8.459517396184061511e+01 1.671180555555555429e+02 1.667187500000000000e+02 1.554491390513320255e+02 4.351527777777777573e+01 1.215740740740740788e+00 1.691774891774891598e+00 1.030555555555555447e+00 7.708994708994707512e-01 6.250000000000000000e-01
6.250000000000000000e-01 6.250000000000000000e-01 6.250000000000000000e-01 6.250000000000000000e-01 6.250000000000000000e-01 7.731481481481482509e-01 1.071604938271604857e+00 8.541152263374484077e-01 1.532795548073325964e+00 1.578518518518518654e+00 1.322962962962962896e+00 8.541152263374484077e-01 7.731481481481482509e-01 1.753796296296296120e+01 6.977741769547324679e+01 1.671279344193817735e+02 1.664283068783068700e+02 1.661274074074073610e+02 4.201157407407406907e+01 1.247442680776014168e+00 8.541152263374484077e-01 6.250000000000000000e-01 6.250000000000000000e-01 6.250000000000000000e-01
6.250000000000000000e-01 6.250000000000000000e-01 6.250000000000000000e-01 6.250000000000000000e-01 6.250000000000000000e-01 7.731481481481482509e-01 1.215740740740740788e+00 1.130806788650141392e+00 1.217283950617283894e+00 6.250000000000000000e-01 1.252592592592592480e+00 2.073214285714285676e+00 1.720090439276485750e+00 1.378002244668911080e+00 8.459517396184061511e+01 1.661180555555555429e+02 1.671279344193817735e+02 1.619937870370370092e+02 1.215740740740740788e+00 2.253123796055239048e+00 6.250000000000000000e-01 6.250000000000000000e-01 6.250000000000000000e-01 6.250000000000000000e-01
6.250000000000000000e-01 6.250000000000000000e-01 2.253123796055239048e+00 6.250000000000000000e-01 6.250000000000000000e-01 6.250000000000000000e-01 1.215740740740740788e+00 1.322962962962962896e+00 1.217283950617283894e+00 6.250000000000000000e-01 9.717592592592591005e-01 1.044814814814814863e+00 1.578518518518518654e+00 2.073214285714285676e+00 8.459517396184061511e+01 1.671180555555555429e+02 1.664283068783068700e+02 1.247548611111110972e+02 1.215740740740740788e+00 1.168666666666666520e+00 8.563271604938270665e-01 7.708994708994707512e-01 6.250000000000000000e-01 6.250000000000000000e-01
2.253123796055239048e+00 2.253123796055239048e+00 2.253123796055239048e+00 2.253123796055239048e+00 6.250000000000000000e-01 6.250000000000000000e-01 1.215740740740740788e+00 7.731481481481482509e-01 6.250000000000000000e-01 8.563271604938270665e-01 6.250000000000000000e-01 6.250000000000000000e-01 8.563271604938270665e-01 1.012277777777777743e+01 1.313141931216931084e+02 1.671180555555555429e+02 1.667187500000000000e+02 9.026851851851851904e+01 2.208234126984126799e+00 1.664444444444444615e+00 1.130806788650141392e+00 7.708994708994707512e-01 6.250000000000000000e-01 6.250000000000000000e-01
2.253123796055239048e+00 2.253123796055239048e+00 2.253123796055239048e+00 2.253123796055239048e+00 6.250000000000000000e-01 6.250000000000000000e-01 6.250000000000000000e-01 7.731481481481482509e-01 6.250000000000000000e-01 6.250000000000000000e-01 6.250000000000000000e-01 7.731481481481482509e-01 7.511111111111110183e+00 4.164526455026454954e+01 1.661180555555555429e+02 1.675049999999999670e+02 1.247548611111110972e+02 4.351527777777777573e+01 2.073214285714285676e+00 2.251190476190475742e+00 8.541152263374484077e-01 7.708994708994707512e-01 6.250000000000000000e-01 6.250000000000000000e-01
2.253123796055239048e+00 2.253123796055239048e+00 2.253123796055239048e+00 2.253123796055239048e+00 2.253123796055239048e+00 6.250000000000000000e-01 6.250000000000000000e-01 7.731481481481482509e-01 8.563271604938270665e-01 8.563271604938270665e-01 1.720090439276485750e+00 8.563271604938270665e-01 3.381444444444444031e+01 9.683537037037037010e+01 1.671180555555555429e+02 1.667187500000000000e+02 9.026851851851851904e+01 1.482589285714285499e+00 1.911620370370370470e+00 1.464074074074074305e+00 2.259259259259259078e+00 7.708994708994707512e-01 6.250000000000000000e-01 6.250000000000000000e-01
2.253123796055239048e+00 2.253123796055239048e+00 2.253123796055239048e+00 2.253123796055239048e+00 6.250000000000000000e-01 7.731481481481482509e-01 8.563271604938270665e-01 1.215740740740740788e+00 8.563271604938270665e-01 1.532795548073325964e+00 1.638844696969696813e+00 1.345238095238095344e+00 3.705888888888888744e+01 1.478966666666666754e+02 1.668764197530863953e+02 1.667187500000000000e+02 4.351527777777777573e+01 1.427469135802468925e+00 1.467777777777777848e+00 1.929828042328042059e+00 1.247442680776014168e+00 6.250000000000000000e-01 6.250000000000000000e-01 6.250000000000000000e-01
2.253123796055239048e+00 2.253123796055239048e+00 2.253123796055239048e+00 2.253123796055239048e+00 6.250000000000000000e-01 6.250000000000000000e-01 6.250000000000000000e-01 7.731481481481482509e-01 1.215740740740740788e+00 1.322962962962962896e+00 8.541152263374484077e-01 1.520158730158729821e+00 8.459517396184061511e+01 1.671180555555555429e+02 1.671279344193817735e+02 1.665274691358024768e+02 4.351527777777777573e+01 1.449228395061728181e+00 1.516759259259259141e+00 1.135555555555555429e+00 7.708994708994707512e-01 7.708994708994707512e-01 6.250000000000000000e-01 2.253123796055239048e+00
2.253123796055239048e+00 2.253123796055239048e+00 2.253123796055239048e+00 2.253123796055239048e+00 6.250000000000000000e-01 6.250000000000000000e-01 7.731481481481482509e-01 6.250000000000000000e-01 7.731481481481482509e-01 9.716358024691358342e-01 1.422593375616631350e+00 1.516759259259259141e+00 5.068925925925925213e+01 1.674077777777777669e+02 1.671180555555555429e+02 1.667187500000000000e+02 6.120375925925925742e+01 1.447685185185185075e+00 9.716358024691358342e-01 8.541152263374484077e-01 1.252592592592592480e+00 8.563271604938270665e-01 7.708994708994707512e-01 2.253123796055239048e+00
2.253123796055239048e+00 2.253123796055239048e+00 2.253123796055239048e+00 2.253123796055239048e+00 6.250000000000000000e-01 6.250000000000000000e-01 1.215740740740740788e+00 8.563271604938270665e-01 8.563271604938270665e-01 7.731481481481482509e-01 8.563271604938270665e-01 8.563271604938270665e-01 5.068925925925925213e+01 1.297716049382715937e+02 1.664344444444444093e+02 1.409098677248677234e+02 1.215740740740740788e+00 1.052619047619047699e+01 8.541152263374484077e-01 1.322962962962962896e+00 1.136666666666666492e+00 6.250000000000000000e-01 6.250000000000000000e-01 2.253123796055239048e+00
2.253123796055239048e+00 2.253123796055239048e+00 2.253123796055239048e+00 2.253123796055239048e+00 6.250000000000000000e-01 6.250000000000000000e-01 6.250000000000000000e-01 7.731481481481482509e-01 8.563271604938270665e-01 7.708994708994707512e-01 6.250000000000000000e-01 7.511111111111110183e+00 1.479355555555555135e+01 4.209444444444444144e+01 1.363438888888888698e+02 9.265734126984126817e+01 1.215740740740740788e+00 6.250000000000000000e-01 6.250000000000000000e-01 6.250000000000000000e-01 6.250000000000000000e-01 7.731481481481482509e-01 6.250000000000000000e-01 6.250000000000000000e-01
