7.024568196068774917e+00 7.024568196068774917e+00 7.024568196068774917e+00 7.024568196068774917e+00 7.024568196068774917e+00 7.024568196068774917e+00 7.024568196068774917e+00 7.024568196068774917e+00 7.024568196068774917e+00 7.024568196068774917e+00 7.024568196068774917e+00 7.024568196068774917e+00 7.024568196068774917e+00 7.024568196068774917e+00 7.024568196068774917e+00 7.024568196068774917e+00 7.024568196068774917e+00 7.024568196068774917e+00 7.024568196068774917e+00 7.024568196068774917e+00 7.024568196068774917e+00 7.024568196068774917e+00 7.024568196068774917e+00 7.024568196068774917e+00
7.024568196068774917e+00 7.024568196068774917e+00 7.024568196068774917e+00 7.024568196068774917e+00 7.024568196068774917e+00 7.024568196068774917e+00 7.024568196068774917e+00 7.024568196068774917e+00 7.024568196068774917e+00 7.024568196068774917e+00 7.024568196068774917e+00 7.024568196068774917e+00 7.024568196068774917e+00 7.024568196068774917e+00 1.482609580391727278e+01 1.482609580391727278e+01 1.482609580391727278e+01 7.024568196068774917e+00 7.024568196068774917e+00 7.024568196068774917e+00 7.024568196068774917e+00 7.024568196068774917e+00 7.024568196068774917e+00 7.024568196068774917e+00
7.024568196068774917e+00 7.024568196068774917e+00 7.024568196068774917e+00 7.024568196068774917e+00 7.024568196068774917e+00 7.024568196068774917e+00 7.024568196068774917e+00 7.024568196068774917e+00 7.024568196068774917e+00 1.477256852681742316e+01 2.002792678135248039e+01 2.287652808883123612e+01 2.984601697779368124e+01 2.984601697779368124e+01 3.975326256311313955e+01 3.975326256311313955e+01 2.984601697779368124e+01 2.876797649530015377e+01 1.850472048031121375e+01 1.482609580391727278e+01 7.024568196068774917e+00 7.024568196068774917e+00 7.024568196068774917e+00 7.024568196068774917e+00
7.024568196068774917e+00 7.024568196068774917e+00 7.024568196068774917e+00 7.024568196068774917e+00 7.024568196068774917e+00 7.024568196068774917e+00 7.024568196068774917e+00 1.477256852681742316e+01 2.072482672381176627e+01 2.973491274623159342e+01 4.393202407600913517e+01 6.376090534979422841e+01 7.270034469417186074e+01 8.427572016460905502e+01 8.427572016460905502e+01 8.427572016460905502e+01 7.270034469417186074e+01 6.751035665294925536e+01 3.842491057811874811e+01 2.606999441621970703e+01 1.701884607492718970e+01 7.024568196068774917e+00 7.024568196068774917e+00 7.024568196068774917e+00
7.024568196068774917e+00 7.024568196068774917e+00 7.024568196068774917e+00 7.024568196068774917e+00 7.024568196068774917e+00 7.024568196068774917e+00 1.477256852681742316e+01 2.072482672381176627e+01 4.671409603032462599e+01 7.001553761738948367e+01 9.367843477005270358e+01 1.132611240165072815e+02 1.169182008519240554e+02 1.132611240165072815e+02 1.132611240165072815e+02 1.136885423435130917e+02 1.136885423435130917e+02 1.095929174788823843e+02 8.053223593964334270e+01 6.195164609053497884e+01 3.842491057811874811e+01 1.850472048031121375e+01 1.482609580391727278e+01 7.024568196068774917e+00
7.024568196068774917e+00 7.024568196068774917e+00 7.024568196068774917e+00 7.024568196068774917e+00 7.024568196068774917e+00 1.477256852681742316e+01 2.241148095294064646e+01 4.671409603032462599e+01 7.813740283493369532e+01 1.004876543209876445e+02 1.226553209154573665e+02 1.244542872397761499e+02 1.429839984687529864e+02 1.479248075351128477e+02 1.461821888176060611e+02 1.360781411131427205e+02 1.255178150610249190e+02 1.202602880658436248e+02 1.069451303155006769e+02 9.825857338820300413e+01 6.917964106081390696e+01 3.500271936646566928e+01 1.722308690280358690e+01 7.024568196068774917e+00
7.024568196068774917e+00 7.024568196068774917e+00 7.024568196068774917e+00 7.024568196068774917e+00 1.477256852681742316e+01 2.241148095294064646e+01 4.791328465265365111e+01 7.813740283493369532e+01 1.004876543209876445e+02 1.282990073739342449e+02 1.179903857723870715e+02 1.158562836340614126e+02 1.289636488340191818e+02 1.251218140346908712e+02 1.251218140346908712e+02 1.251218140346908712e+02 1.121742112482853173e+02 1.158562836340614126e+02 1.088086419753086318e+02 1.208830589849108321e+02 8.842706904435299009e+01 5.921086716012349882e+01 2.025609597663923367e+01 7.024568196068774917e+00
7.024568196068774917e+00 7.024568196068774917e+00 7.024568196068774917e+00 1.477256852681742316e+01 2.407520417817125136e+01 4.855024670884261440e+01 7.813740283493369532e+01 1.124669410150891622e+02 1.050709876543209873e+02 9.980761316872427358e+01 8.624382716049382225e+01 8.229629629629629051e+01 8.660298895386614504e+01 8.660298895386614504e+01 8.624382716049382225e+01 7.638957475994511981e+01 6.642461713816159374e+01 6.670251966364840257e+01 8.445012069203856697e+01 1.092133058984910861e+02 1.039982853223594077e+02 6.471718905185475990e+01 3.402018684355081035e+01 7.024568196068774917e+00
7.024568196068774917e+00 7.024568196068774917e+00 1.545230931315171574e+01 2.274280449603832466e+01 5.362827320873896042e+01 8.284000498815312596e+01 1.124669410150891622e+02 1.282990073739342449e+02 9.980761316872427358e+01 7.171947873799723538e+01 4.343898614882170506e+01 3.788300505453227629e+01 4.319275956907385705e+01 4.319275956907385705e+01 4.289678390609071812e+01 3.199406634685455586e+01 2.765738465711870475e+01 3.281387792405921999e+01 6.061378367975439119e+01 1.012393689986282368e+02 9.943758573388201683e+01 7.654753698392244132e+01 3.402018684355081035e+01 1.722308690280358690e+01
7.024568196068774917e+00 7.024568196068774917e+00 1.866245827890308462e+01 4.553211542809587797e+01 8.183470507544581096e+01 1.113491723822588000e+02 1.282990073739342449e+02 9.980761316872427358e+01 7.171947873799723538e+01 4.436693834149762239e+01 2.180783867269020604e+01 1.952224053757228006e+01 2.009241578919980498e+01 2.345053716093336860e+01 1.529206523616248070e+01 1.529206523616248070e+01 7.024568196068774917e+00 1.735272154069754791e+01 4.585248137712274286e+01 9.315843621399176300e+01 9.943758573388201683e+01 7.654753698392244132e+01 3.402018684355081035e+01 1.722308690280358690e+01
7.024568196068774917e+00 1.477256852681742316e+01 3.161334495970944758e+01 6.420168872741967903e+01 1.113491723822588000e+02 1.282990073739342449e+02 1.066226337448559462e+02 7.715336076817557398e+01 4.412136544619092149e+01 2.180783867269020604e+01 1.529206523616248070e+01 7.024568196068774917e+00 7.024568196068774917e+00 7.024568196068774917e+00 7.024568196068774917e+00 7.024568196068774917e+00 7.024568196068774917e+00 1.620671033641643177e+01 4.405897859303672703e+01 7.859122085048011286e+01 9.036104252400549797e+01 7.654753698392244132e+01 4.035277843788591667e+01 1.693069789369864964e+01
7.024568196068774917e+00 1.866245827890308462e+01 5.031666748643286979e+01 9.410026187803966025e+01 1.163403371320037962e+02 1.182060539551897733e+02 9.250480109739368118e+01 4.643403392657284456e+01 2.180783867269020604e+01 1.529206523616248070e+01 7.024568196068774917e+00 7.024568196068774917e+00 7.024568196068774917e+00 7.024568196068774917e+00 7.024568196068774917e+00 7.024568196068774917e+00 7.024568196068774917e+00 1.866245827890308462e+01 5.050146964760886448e+01 9.355315500685870234e+01 1.020130315500685754e+02 7.654753698392244132e+01 3.553720924104485590e+01 1.672665949300337473e+01
7.024568196068774917e+00 2.909839847619016595e+01 6.888477366255143863e+01 1.029156378600822990e+02 1.282990073739342449e+02 9.421193415637860369e+01 5.909359975495706863e+01 2.180783867269020604e+01 1.529206523616248070e+01 7.024568196068774917e+00 7.024568196068774917e+00 7.024568196068774917e+00 7.024568196068774917e+00 7.024568196068774917e+00 7.024568196068774917e+00 7.024568196068774917e+00 1.545230931315171574e+01 3.161334495970944758e+01 6.420168872741967903e+01 1.029156378600822990e+02 1.020130315500685754e+02 6.985578658580608646e+01 2.663199378215016822e+01 7.024568196068774917e+00
1.545230931315171574e+01 3.574390089628592904e+01 7.859122085048011286e+01 1.143381503140567474e+02 1.137339497148220318e+02 6.755985078764383900e+01 3.293181266742368507e+01 1.529206523616248070e+01 7.024568196068774917e+00 7.024568196068774917e+00 7.024568196068774917e+00 7.024568196068774917e+00 7.024568196068774917e+00 7.024568196068774917e+00 7.024568196068774917e+00 7.024568196068774917e+00 2.358260046738265814e+01 5.337129471595616792e+01 9.410026187803966025e+01 1.187811710345823286e+02 1.031841299989447975e+02 6.398355869096609183e+01 2.725820128283206145e+01 7.024568196068774917e+00
1.735272154069754791e+01 4.405897859303672703e+01 7.859122085048011286e+01 1.092897805212620028e+02 9.882894375857337366e+01 6.398355869096609183e+01 1.995421387206560482e+01 7.024568196068774917e+00 7.024568196068774917e+00 7.024568196068774917e+00 7.024568196068774917e+00 7.024568196068774917e+00 7.024568196068774917e+00 7.024568196068774917e+00 7.024568196068774917e+00 2.072482672381176627e+01 4.553211542809587797e+01 8.046398297632865138e+01 1.163403371320037962e+02 1.282990073739342449e+02 9.558436213991768682e+01 5.347609520805502825e+01 2.180783867269020604e+01 7.024568196068774917e+00
1.620671033641643177e+01 4.585248137712274286e+01 9.315843621399176300e+01 1.092897805212620028e+02 9.614231824417009875e+01 6.471718905185475990e+01 2.626427033217574092e+01 7.024568196068774917e+00 7.024568196068774917e+00 7.024568196068774917e+00 7.024568196068774917e+00 7.024568196068774917e+00 7.024568196068774917e+00 7.024568196068774917e+00 2.072482672381176627e+01 3.730707590998258638e+01 7.001553761738948367e+01 1.043662551440328912e+02 1.286398454985199749e+02 1.151160927008880037e+02 7.550840192043895627e+01 3.293181266742368507e+01 1.769313366564238521e+01 7.024568196068774917e+00
1.620671033641643177e+01 3.230858615047336002e+01 7.859122085048011286e+01 1.147129629629629477e+02 1.129259259259259238e+02 8.544718792866940760e+01 4.443206817438227318e+01 1.850472048031121375e+01 1.482609580391727278e+01 1.477256852681742316e+01 1.806648320193076529e+01 1.806648320193076529e+01 2.287652808883123612e+01 2.973491274623159342e+01 4.423656094012645212e+01 7.001553761738948367e+01 1.043662551440328912e+02 1.287570767392559219e+02 1.234814315999501275e+02 9.558436213991768682e+01 4.919172817663159236e+01 2.180783867269020604e+01 7.024568196068774917e+00 7.024568196068774917e+00
7.024568196068774917e+00 2.615019528369455770e+01 6.357235939643346256e+01 1.095741871826342191e+02 1.208830589849108321e+02 1.129259259259259238e+02 6.869387303970637504e+01 5.045486150586440033e+01 3.975326256311313955e+01 3.975326256311313955e+01 4.393202407600913517e+01 5.455794223194553183e+01 6.376090534979422841e+01 7.145697302240510851e+01 9.367843477005270358e+01 1.167914394103477775e+02 1.287570767392559219e+02 1.332892570933506420e+02 1.066226337448559462e+02 6.909033901626494867e+01 3.628708064153994428e+01 1.672665949300337473e+01 7.024568196068774917e+00 7.024568196068774917e+00
7.024568196068774917e+00 1.735272154069754791e+01 5.638120713305897880e+01 8.724567901234567557e+01 1.237767489711934275e+02 1.247448559670781947e+02 1.129259259259259238e+02 9.825857338820300413e+01 7.742524005486967553e+01 7.270034469417186074e+01 8.151440329218105774e+01 9.367843477005270358e+01 1.132611240165072815e+02 1.169182008519240554e+02 1.257757201646090550e+02 1.280534979423868265e+02 1.332892570933506420e+02 1.100200731595793258e+02 7.715336076817557398e+01 4.412136544619092149e+01 2.180783867269020604e+01 7.024568196068774917e+00 7.024568196068774917e+00 7.024568196068774917e+00
7.024568196068774917e+00 1.620671033641643177e+01 3.616943357585687124e+01 6.061378367975439119e+01 8.724567901234567557e+01 1.164039780521262060e+02 1.237767489711934275e+02 1.247448559670781947e+02 1.136885423435130917e+02 1.169182008519240554e+02 1.295369467908454340e+02 1.299446414772722846e+02 1.280534979423868265e+02 1.425926768223714305e+02 1.332892570933506420e+02 1.179903857723870715e+02 1.073578923302769965e+02 7.715336076817557398e+01 5.100202788754167926e+01 2.180783867269020604e+01 1.529206523616248070e+01 7.024568196068774917e+00 7.024568196068774917e+00 7.024568196068774917e+00
7.024568196068774917e+00 7.024568196068774917e+00 1.952224053757228006e+01 3.616943357585687124e+01 6.061378367975439119e+01 8.660298895386614504e+01 9.996502057613167835e+01 1.164039780521262060e+02 1.237767489711934275e+02 1.202602880658436248e+02 1.332892570933506420e+02 1.289636488340191818e+02 1.251218140346908712e+02 1.251218140346908712e+02 9.289465020576132304e+01 8.624382716049382225e+01 5.893363690832864421e+01 4.343898614882170506e+01 2.399348434054896018e+01 1.529206523616248070e+01 7.024568196068774917e+00 7.024568196068774917e+00 7.024568196068774917e+00 7.024568196068774917e+00
7.024568196068774917e+00 7.024568196068774917e+00 7.024568196068774917e+00 1.952224053757228006e+01 2.564076020526009003e+01 4.374644586767115584e+01 6.670251966364840257e+01 8.660298895386614504e+01 8.852949245541837797e+01 8.852949245541837797e+01 8.660298895386614504e+01 8.624382716049382225e+01 7.638957475994511981e+01 6.642461713816159374e+01 5.725133355244174282e+01 3.757710325037758992e+01 2.345053716093336860e+01 1.529206523616248070e+01 7.024568196068774917e+00 7.024568196068774917e+00 7.024568196068774917e+00 7.024568196068774917e+00 7.024568196068774917e+00 7.024568196068774917e+00
7.024568196068774917e+00 7.024568196068774917e+00 7.024568196068774917e+00 7.024568196068774917e+00 7.024568196068774917e+00 1.952224053757228006e+01 2.538757626545533697e+01 4.319275956907385705e+01 4.319275956907385705e+01 4.319275956907385705e+01 4.319275956907385705e+01 4.289678390609071812e+01 3.757710325037758992e+01 2.345053716093336860e+01 2.312689743060798264e+01 1.529206523616248070e+01 7.024568196068774917e+00 7.024568196068774917e+00 7.024568196068774917e+00 7.024568196068774917e+00 7.024568196068774917e+00 7.024568196068774917e+00 7.024568196068774917e+00 7.024568196068774917e+00
7.024568196068774917e+00 7.024568196068774917e+00 7.024568196068774917e+00 7.024568196068774917e+00 7.024568196068774917e+00 7.024568196068774917e+00 7.024568196068774917e+00 1.952224053757228006e+01 2.009241578919980498e+01 2.009241578919980498e+01 2.009241578919980498e+01 2.009241578919980498e+01 1.529206523616248070e+01 7.024568196068774917e+00 7.024568196068774917e+00 7.024568196068774917e+00 7.024568196068774917e+00 7.024568196068774917e+00 7.024568196068774917e+00 7.024568196068774917e+00 7.024568196068774917e+00 7.024568196068774917e+00 7.024568196068774917e+00 7.024568196068774917e+00
