1.666666666666666644e-02 1.666666666666666644e-02 1.666666666666666644e-02 1.666666666666666644e-02 1.666666666666666644e-02 2.305555555555555414e-01 5.124999999999999556e-01 5.018518518518517713e-01 1.122638456086819891e+00 1.593096121298760881e+00 4.527777777777777790e-01 5.355555555555555625e-01 1.327083333333333393e+00 1.251851851851851771e+00 1.334259259259259034e+00 2.071984126984126817e+00 2.482175925925925952e+00 2.342361111111110894e+00 2.116666666666666696e+00 2.710802469135801918e+00 1.509920634920634885e+00 1.011829176114890094e+00 2.950617283950617287e-01 1.666666666666666644e-02
1.666666666666666644e-02 1.666666666666666644e-02 1.666666666666666644e-02 1.666666666666666644e-02 1.666666666666666644e-02 2.166666666666667018e-01 3.180555555555555358e-01 7.053571428571429047e-01 1.047377777777777741e+00 8.458333333333335480e-01 8.563271604938270665e-01 7.975308641975307200e-01 1.008641975308641969e+00 1.117333333333333290e+00 9.904761904761905100e-01 1.926574074074073994e+00 1.514814814814814836e+00 2.258842175508842143e+00 1.926574074074073994e+00 2.364010614470736904e+00 1.797171075837742604e+00 1.181415343915344085e+00 2.233796296296295947e-01 2.233796296296295947e-01
1.666666666666666644e-02 1.666666666666666644e-02 1.666666666666666644e-02 1.666666666666666644e-02 1.666666666666666644e-02 1.666666666666666644e-02 3.180555555555555358e-01 8.953124999999999556e-01 1.215740740740740788e+00 2.364010614470736904e+00 1.319135802469135754e+00 1.319135802469135754e+00 1.395601851851851816e+00 1.001688888888888851e+00 1.047377777777777741e+00 1.122638456086819891e+00 8.563271604938270665e-01 1.772447089947089882e+00 1.926574074074073994e+00 2.199652777777777679e+00 2.494190476190476069e+00 1.319135802469135754e+00 3.999999999999999667e-01 2.233796296296295947e-01
1.666666666666666644e-02 1.666666666666666644e-02 1.666666666666666644e-02 1.666666666666666644e-02 1.666666666666666644e-02 1.666666666666666644e-02 3.180555555555555358e-01 1.334705075445816291e+00 9.932098765432098020e-01 1.347441860465116381e+00 1.348148148148148318e+00 2.364010614470736904e+00 1.407870370370370550e+00 1.334705075445816291e+00 1.077333333333333254e+00 1.028435636922344409e+00 1.002160493827160437e+00 5.592283950617283494e+01 1.334705075445816291e+00 2.364010614470736904e+00 2.258842175508842143e+00 1.215740740740740788e+00 3.999999999999999667e-01 5.708333333333333037e-01
1.666666666666666644e-02 1.666666666666666644e-02 1.666666666666666644e-02 1.666666666666666644e-02 1.666666666666666644e-02 1.666666666666666644e-02 3.333333333333333148e-01 1.588888888888889239e+00 2.364010614470736904e+00 2.258842175508842143e+00 1.926574074074073994e+00 1.334705075445816291e+00 1.215740740740740788e+00 1.361805555555555491e+00 1.407870370370370550e+00 1.044444444444444509e+00 5.708333333333333037e-01 2.767351851851851663e+01 8.890611111111113019e+01 4.351527777777777573e+01 1.730833333333333446e+00 1.181415343915344085e+00 3.999999999999999667e-01 2.233796296296295947e-01
1.666666666666666644e-02 1.666666666666666644e-02 1.666666666666666644e-02 1.666666666666666644e-02 1.666666666666666644e-02 2.305555555555555414e-01 3.333333333333333148e-01 9.557870370370369351e-01 1.926574074074073994e+00 1.260817901234567984e+01 7.959932659932658972e+00 1.516583333333332995e+01 1.571111111111111125e+00 1.334705075445816291e+00 1.011625514403292181e+00 2.077222222222222214e+01 1.104680555555555515e+02 1.642177777777777692e+02 1.002238888888888795e+02 2.899136976650563113e+01 1.581797605686494412e+00 9.249382716049382447e-01 9.759259259259259744e-01 5.708333333333333037e-01
1.666666666666666644e-02 1.666666666666666644e-02 1.666666666666666644e-02 1.666666666666666644e-02 1.666666666666666644e-02 2.950617283950617287e-01 1.002160493827160437e+00 9.580000000000000071e+00 5.003305555555555628e+01 1.582504629629629278e+02 1.347114748677248599e+02 2.364010614470736904e+00 1.762523148148148522e+01 2.199652777777777679e+00 8.159722222222220989e-01 1.104680555555555515e+02 1.339872222222222149e+02 1.422757698412698346e+02 2.364010614470736904e+00 1.008641975308641969e+00 1.259569771791994031e+00 1.001688888888888851e+00 3.999999999999999667e-01 2.233796296296295947e-01
1.666666666666666644e-02 1.666666666666666644e-02 1.666666666666666644e-02 1.666666666666666644e-02 1.666666666666666644e-02 3.333333333333333148e-01 8.953124999999999556e-01 8.916666666666664964e-01 9.304429012345678984e+01 1.339872222222222149e+02 1.002238888888888795e+02 1.926574074074073994e+00 1.588888888888889239e+00 1.413728967062300335e+00 5.417777777777777004e+01 1.339881944444444457e+02 1.617827046783625633e+02 9.026851851851851904e+01 1.215740740740740788e+00 1.047377777777777741e+00 1.334705075445816291e+00 9.522222222222221921e-01 8.916666666666664964e-01 1.666666666666666644e-02
1.666666666666666644e-02 1.666666666666666644e-02 1.666666666666666644e-02 1.666666666666666644e-02 1.666666666666666644e-02 3.333333333333333148e-01 1.002160493827160437e+00 1.647916666666666474e+00 5.592283950617283494e+01 1.184148148148148039e+02 1.518744047619047421e+02 1.926574074074073994e+00 1.334705075445816291e+00 1.012277777777777743e+01 9.312499999999998579e+01 1.339872222222222149e+02 1.196486111111110944e+02 2.364010614470736904e+00 1.319135802469135754e+00 1.008193802049021759e+00 1.008193802049021759e+00 5.018518518518517713e-01 5.018518518518517713e-01 3.180555555555555358e-01
1.666666666666666644e-02 1.666666666666666644e-02 1.666666666666666644e-02 1.666666666666666644e-02 1.666666666666666644e-02 3.333333333333333148e-01 1.199999999999999734e+00 1.122638456086819891e+00 7.245611111111109892e+01 1.196152777777777771e+02 1.083944444444444315e+02 8.489527777777777828e+01 5.360240740740739795e+01 6.506404320987654444e+01 1.339881944444444457e+02 1.395343253968253805e+02 9.026851851851851904e+01 1.215740740740740788e+00 9.222222222222222765e-01 8.916666666666664964e-01 9.861111111111110494e-01 8.046296296296295836e-01 8.563271604938270665e-01 2.950617283950617287e-01
1.666666666666666644e-02 1.666666666666666644e-02 1.666666666666666644e-02 1.666666666666666644e-02 1.666666666666666644e-02 1.666666666666666644e-02 2.166666666666667018e-01 9.967592592592592338e-01 1.745370370370370239e+00 1.102327876984126931e+02 1.074109457671957557e+02 1.467947751322751060e+02 1.083944444444444315e+02 1.665316875146816926e+02 1.586879629629629562e+02 1.222588888888888903e+02 2.710802469135801918e+00 1.826565889891252459e+00 1.334705075445816291e+00 1.002160493827160437e+00 6.161111111111110539e-01 1.259569771791994031e+00 2.233796296296295947e-01 2.233796296296295947e-01
1.666666666666666644e-02 1.666666666666666644e-02 1.666666666666666644e-02 1.666666666666666644e-02 1.666666666666666644e-02 1.666666666666666644e-02 3.180555555555555358e-01 1.008641975308641969e+00 8.953124999999999556e-01 1.122691358024691333e+00 2.116666666666666696e+00 1.114528240740740870e+02 1.607631944444444230e+02 1.658153803399442836e+02 1.422757698412698346e+02 2.364010614470736904e+00 1.291264928193499362e+00 1.181415343915344085e+00 1.008641975308641969e+00 1.926574074074073994e+00 1.263333333333333197e+00 7.694444444444444864e-01 3.999999999999999667e-01 1.666666666666666644e-02
1.666666666666666644e-02 1.666666666666666644e-02 1.666666666666666644e-02 1.666666666666666644e-02 1.666666666666666644e-02 1.666666666666666644e-02 2.305555555555555414e-01 7.203703703703703276e-01 3.999999999999999667e-01 5.018518518518517713e-01 1.008641975308641969e+00 2.558371568085498371e+00 1.342162380952381113e+02 1.654347222222222342e+02 1.120229166666666600e+02 1.215740740740740788e+00 1.298518518518518627e+00 1.008641975308641969e+00 9.522222222222221921e-01 1.291264928193499362e+00 4.644444444444443820e-01 2.166666666666667018e-01 2.166666666666667018e-01 1.666666666666666644e-02
1.666666666666666644e-02 1.666666666666666644e-02 1.666666666666666644e-02 1.666666666666666644e-02 1.666666666666666644e-02 2.950617283950617287e-01 3.333333333333333148e-01 7.975308641975307200e-01 5.708333333333333037e-01 5.708333333333333037e-01 1.334705075445816291e+00 1.012277777777777743e+01 1.112895061728394950e+02 1.430461111111110881e+02 6.817026455026454812e+01 1.181415343915344085e+00 4.527777777777777790e-01 7.203703703703703276e-01 7.203703703703703276e-01 5.018518518518517713e-01 3.180555555555555358e-01 1.666666666666666644e-02 1.666666666666666644e-02 1.666666666666666644e-02
1.666666666666666644e-02 1.666666666666666644e-02 1.666666666666666644e-02 1.666666666666666644e-02 1.666666666666666644e-02 3.180555555555555358e-01 6.161111111111110539e-01 2.233796296296295947e-01 2.233796296296295947e-01 1.593096121298760881e+00 8.916666666666664964e-01 5.003305555555555628e+01 1.339872222222222149e+02 1.103284444444444432e+02 1.243055555555555358e+00 3.999999999999999667e-01 3.180555555555555358e-01 7.053571428571429047e-01 8.916666666666664964e-01 8.046296296296295836e-01 3.180555555555555358e-01 1.666666666666666644e-02 1.666666666666666644e-02 1.666666666666666644e-02
1.666666666666666644e-02 1.666666666666666644e-02 1.666666666666666644e-02 1.666666666666666644e-02 1.666666666666666644e-02 3.333333333333333148e-01 1.758950617283950635e+00 1.937435012652403810e+00 1.831547619047618980e+00 1.413728967062300335e+00 5.592283950617283494e+01 1.021799999999999784e+02 1.347114748677248599e+02 2.364010614470736904e+00 1.181415343915344085e+00 4.527777777777777790e-01 3.180555555555555358e-01 9.233796296296297168e-01 9.522222222222221921e-01 2.233796296296295947e-01 3.180555555555555358e-01 1.666666666666666644e-02 1.666666666666666644e-02 1.666666666666666644e-02
1.666666666666666644e-02 1.666666666666666644e-02 1.666666666666666644e-02 1.666666666666666644e-02 1.666666666666666644e-02 3.333333333333333148e-01 1.002160493827160437e+00 1.731742176284811752e+00 1.655555555555555669e+00 8.916666666666664964e-01 1.824884259259259167e+01 1.339872222222222149e+02 1.103284444444444432e+02 1.395601851851851816e+00 1.077333333333333254e+00 8.563271604938270665e-01 2.950617283950617287e-01 7.975308641975307200e-01 3.999999999999999667e-01 8.159722222222220989e-01 1.666666666666666644e-02 1.666666666666666644e-02 1.666666666666666644e-02 1.666666666666666644e-02
1.666666666666666644e-02 1.666666666666666644e-02 1.666666666666666644e-02 1.666666666666666644e-02 1.666666666666666644e-02 3.333333333333333148e-01 1.394753086419753041e+00 1.726851851851851860e+00 1.647916666666666474e+00 1.872098765432098633e+00 5.861777777777778198e+01 1.279343314093313921e+02 2.364010614470736904e+00 2.258842175508842143e+00 1.327083333333333393e+00 1.219907407407407218e+00 1.381172839506172867e+00 1.407870370370370550e+00 4.527777777777777790e-01 3.180555555555555358e-01 2.950617283950617287e-01 2.233796296296295947e-01 1.666666666666666644e-02 1.666666666666666644e-02
1.666666666666666644e-02 1.666666666666666644e-02 1.666666666666666644e-02 1.666666666666666644e-02 1.666666666666666644e-02 3.333333333333333148e-01 1.002160493827160437e+00 2.258842175508842143e+00 1.872098765432098633e+00 4.265041666666666487e+01 1.116025462962962820e+02 1.223629629629629534e+02 1.926574074074073994e+00 1.912082602858722113e+00 9.222222222222222765e-01 1.467777777777777848e+00 1.334705075445816291e+00 1.011625514403292181e+00 3.180555555555555358e-01 2.950617283950617287e-01 1.002160493827160437e+00 2.233796296296295947e-01 3.180555555555555358e-01 1.666666666666666644e-02
1.666666666666666644e-02 1.666666666666666644e-02 1.666666666666666644e-02 1.666666666666666644e-02 1.666666666666666644e-02 2.305555555555555414e-01 7.203703703703703276e-01 1.937435012652403810e+00 2.199652777777777679e+00 9.304429012345678984e+01 1.339872222222222149e+02 1.267109126984126988e+02 1.060277777777777608e+01 1.001688888888888851e+00 1.334705075445816291e+00 8.916666666666664964e-01 1.666666666666666644e-02 4.527777777777777790e-01 2.950617283950617287e-01 1.008641975308641969e+00 1.250846560846560651e+00 1.163447077409162755e+00 5.708333333333333037e-01 1.666666666666666644e-02
1.666666666666666644e-02 1.666666666666666644e-02 1.666666666666666644e-02 1.666666666666666644e-02 2.950617283950617287e-01 3.333333333333333148e-01 1.926574074074073994e+00 1.772447089947089882e+00 2.457111111111111157e+01 1.339881944444444457e+02 1.667187500000000000e+02 8.747277777777776464e+01 7.694444444444444864e-01 7.694444444444444864e-01 5.124999999999999556e-01 3.180555555555555358e-01 4.527777777777777790e-01 4.527777777777777790e-01 3.180555555555555358e-01 1.926574074074073994e+00 1.291264928193499362e+00 3.999999999999999667e-01 2.233796296296295947e-01 1.666666666666666644e-02
1.666666666666666644e-02 1.666666666666666644e-02 1.666666666666666644e-02 1.666666666666666644e-02 2.166666666666667018e-01 1.774999999999999911e+00 2.772144267986027977e+00 1.888412698412698321e+00 5.160388888888887493e+01 1.339872222222222149e+02 2.364010614470736904e+00 1.215740740740740788e+00 1.002160493827160437e+00 7.999999999999999334e-01 2.233796296296295947e-01 3.180555555555555358e-01 2.166666666666667018e-01 2.166666666666667018e-01 1.666666666666666644e-02 2.166666666666667018e-01 2.166666666666667018e-01 2.166666666666667018e-01 1.666666666666666644e-02 1.666666666666666644e-02
1.666666666666666644e-02 1.666666666666666644e-02 1.666666666666666644e-02 1.666666666666666644e-02 1.666666666666666644e-02 3.180555555555555358e-01 2.258842175508842143e+00 1.929285714285713826e+00 8.853777777777776237e+01 1.169166666666666430e+02 2.364010614470736904e+00 2.364010614470736904e+00 1.250846560846560651e+00 2.233796296296295947e-01 2.233796296296295947e-01 1.666666666666666644e-02 1.666666666666666644e-02 1.666666666666666644e-02 1.666666666666666644e-02 1.666666666666666644e-02 1.666666666666666644e-02 1.666666666666666644e-02 1.666666666666666644e-02 1.666666666666666644e-02
1.666666666666666644e-02 1.666666666666666644e-02 1.666666666666666644e-02 1.666666666666666644e-02 1.666666666666666644e-02 3.333333333333333148e-01 1.356275720164608956e+00 1.516759259259259141e+00 1.824884259259259167e+01 1.762523148148148522e+01 1.716546406964733595e+00 1.926574074074073994e+00 1.427469135802468925e+00 1.407870370370370550e+00 2.233796296296295947e-01 1.666666666666666644e-02 1.666666666666666644e-02 1.666666666666666644e-02 1.666666666666666644e-02 1.666666666666666644e-02 1.666666666666666644e-02 1.666666666666666644e-02 1.666666666666666644e-02 1.666666666666666644e-02
