2.305555555555555414e-01 2.305555555555555414e-01 2.305555555555555414e-01 2.305555555555555414e-01 2.233796296296295947e-01 3.180555555555555358e-01 1.598462962962962974e+00 3.117279779779779769e+00 1.502962962962962834e+00 1.588888888888889239e+00 1.682414141414141362e+00 1.215740740740740788e+00 1.588888888888889239e+00 1.299222222222222056e+00 9.237037037037036935e-01 1.447707231040564091e+00 3.180555555555555358e-01 1.215740740740740788e+00 1.193981481481481310e+00 1.731742176284811752e+00 2.233796296296295947e-01 2.233796296296295947e-01 2.233796296296295947e-01 2.233796296296295947e-01
2.305555555555555414e-01 2.305555555555555414e-01 2.305555555555555414e-01 2.305555555555555414e-01 2.233796296296295947e-01 3.180555555555555358e-01 2.063051146384479395e+00 2.122962962962962941e+00 1.674878747795414347e+00 1.341203703703703676e+00 1.689415927773159742e+00 2.329851851851851841e+00 1.999055555555555586e+00 1.173544973544973669e+00 1.447707231040564091e+00 1.386869920675433798e+00 2.233796296296295947e-01 9.426697530864198704e-01 1.257918871252204251e+00 1.283456790123456814e+00 1.427469135802468925e+00 2.233796296296295947e-01 2.233796296296295947e-01 2.305555555555555414e-01
2.305555555555555414e-01 2.305555555555555414e-01 2.305555555555555414e-01 2.305555555555555414e-01 2.233796296296295947e-01 4.187683715461492651e-01 1.588888888888889239e+00 1.937435012652403810e+00 1.302777777777777590e+00 1.572222222222221966e+00 1.567180776014109211e+00 1.215740740740740788e+00 2.384722222222221966e+00 1.829611111111110855e+00 1.319259259259259132e+00 1.358564814814814836e+00 4.976851851851851194e-01 1.722222222222222099e+00 1.538359788359788372e+00 1.467777777777777848e+00 1.824047619047618696e+00 1.077333333333333254e+00 2.233796296296295947e-01 2.305555555555555414e-01
2.305555555555555414e-01 2.305555555555555414e-01 2.305555555555555414e-01 2.305555555555555414e-01 2.305555555555555414e-01 3.180555555555555358e-01 1.008703703703703658e+00 1.215740740740740788e+00 1.194629629629629486e+00 1.789814814814814969e+00 1.843750000000000000e+00 1.794187944298373694e+00 1.547430376112546746e+00 1.674878747795414347e+00 1.417074074074073931e+00 1.215740740740740788e+00 1.239103835978835777e+00 1.229488536155202594e+00 4.976851851851851194e-01 8.729320987654320518e+00 1.337731481481481355e+00 1.502623456790123324e+00 2.233796296296295947e-01 2.233796296296295947e-01
2.233796296296295947e-01 2.305555555555555414e-01 2.233796296296295947e-01 3.180555555555555358e-01 2.233796296296295947e-01 1.215740740740740788e+00 8.227513227513227889e-01 1.447707231040564091e+00 1.632320182873580716e+00 1.502623456790123324e+00 1.797171075837742604e+00 1.386869920675433798e+00 1.541719576719576601e+00 1.495046296296296262e+00 1.125694444444444331e+00 1.215740740740740788e+00 1.386869920675433798e+00 9.904761904761905100e-01 9.580000000000000071e+00 9.175308641975309376e-01 1.258052910052909867e+00 1.447707231040564091e+00 6.250000000000000000e-01 2.233796296296295947e-01
3.180555555555555358e-01 2.233796296296295947e-01 2.233796296296295947e-01 3.180555555555555358e-01 6.161111111111110539e-01 4.187683715461492651e-01 5.708333333333333037e-01 1.242870370370370203e+01 1.215740740740740788e+00 1.613827160493827018e+00 1.731944444444444287e+00 1.139682539682539630e+00 1.447707231040564091e+00 9.249382716049382447e-01 5.708333333333333037e-01 1.669753086419752952e+00 1.447707231040564091e+00 1.413728967062300335e+00 9.580000000000000071e+00 1.513402777777777608e+01 1.215740740740740788e+00 9.249382716049382447e-01 5.708333333333333037e-01 3.180555555555555358e-01
1.257918871252204251e+00 6.161111111111110539e-01 2.233796296296295947e-01 1.215740740740740788e+00 8.563271604938270665e-01 9.175308641975309376e-01 7.966851851851849631e+01 4.707477954144619758e+01 1.243055555555555358e+00 1.337731481481481355e+00 1.417074074074073931e+00 7.999999999999999334e-01 5.708333333333333037e-01 4.187683715461492651e-01 1.271139971139971125e+00 1.669753086419752952e+00 2.122962962962962941e+00 1.447707231040564091e+00 1.447707231040564091e+00 8.890611111111113019e+01 1.215740740740740788e+00 9.282407407407405886e-01 2.233796296296295947e-01 2.233796296296295947e-01
9.175308641975309376e-01 1.367592592592592471e+00 6.161111111111110539e-01 1.257918871252204251e+00 1.197946127946127870e+00 4.083444444444444343e+01 1.066033333333333246e+02 2.364010614470736904e+00 1.608333333333333615e+00 1.749074074074074003e+00 1.337731481481481355e+00 1.057716049382716017e+00 2.364010614470736904e+00 6.161111111111110539e-01 1.447707231040564091e+00 1.447707231040564091e+00 4.340398148148148039e+01 8.462543209876541539e+01 1.519122222222222263e+02 1.667187500000000000e+02 1.502962962962962834e+00 8.249907407407407689e+00 3.180555555555555358e-01 2.233796296296295947e-01
1.008703703703703658e+00 1.731944444444444287e+00 2.494108527131782882e+00 1.669753086419752952e+00 1.345238095238095344e+00 1.117023148148147982e+02 2.364010614470736904e+00 2.422185185185185219e+00 1.613827160493827018e+00 1.588888888888889239e+00 1.239103835978835777e+00 1.229488536155202594e+00 9.175308641975309376e-01 2.449869809203142346e+00 2.122962962962962941e+00 1.447707231040564091e+00 9.304429012345678984e+01 1.424705555555555634e+02 1.673833333333332973e+02 1.395343253968253805e+02 1.367592592592592471e+00 1.030555555555555447e+00 3.180555555555555358e-01 2.305555555555555414e-01
3.180555555555555358e-01 2.305555555555555414e-01 1.928528806584362210e+00 8.811706349206348321e+00 1.447707231040564091e+00 8.890611111111113019e+01 4.201157407407406907e+01 1.502962962962962834e+00 1.613827160493827018e+00 1.502623456790123324e+00 1.647916666666666474e+00 1.447707231040564091e+00 2.041148589065255425e+00 2.119570707070706828e+00 1.012277777777777743e+01 7.274805555555556680e+01 1.324158024691357980e+02 1.669444444444444287e+02 1.664344444444444093e+02 9.026851851851851904e+01 1.243055555555555358e+00 9.237037037037036935e-01 2.233796296296295947e-01 2.305555555555555414e-01
5.708333333333333037e-01 1.749074074074074003e+00 1.386869920675433798e+00 1.447707231040564091e+00 1.116025462962962820e+02 1.347114748677248599e+02 2.364010614470736904e+00 1.571111111111111125e+00 1.259569771791994031e+00 1.516759259259259141e+00 1.495046296296296262e+00 1.447707231040564091e+00 1.796634332745443929e+00 1.447707231040564091e+00 4.340398148148148039e+01 1.453650950292397397e+02 1.673833333333332973e+02 1.674830555555555236e+02 2.364010614470736904e+00 2.014136122110535165e+00 1.547430376112546746e+00 1.077333333333333254e+00 2.233796296296295947e-01 2.305555555555555414e-01
4.187683715461492651e-01 2.364010614470736904e+00 1.467777777777777848e+00 5.592283950617283494e+01 1.339881944444444457e+02 1.185662345679012333e+02 1.242870370370370203e+01 1.613827160493827018e+00 2.364010614470736904e+00 1.689415927773159742e+00 1.447707231040564091e+00 9.010123456790124052e+00 1.447707231040564091e+00 8.451166666666665606e+01 9.304429012345678984e+01 1.669444444444444287e+02 1.665601421833047766e+02 1.185662345679012333e+02 3.410807142857142082e+01 1.077333333333333254e+00 1.259569771791994031e+00 8.635416666666667629e-01 2.233796296296295947e-01 2.233796296296295947e-01
1.502962962962962834e+00 9.426697530864198704e-01 1.613827160493827018e+00 4.265041666666666487e+01 1.655092592592592382e+02 1.002238888888888795e+02 2.240123456790123591e+00 1.209382716049382633e+00 1.572222222222221966e+00 1.447707231040564091e+00 1.447707231040564091e+00 8.451166666666665606e+01 1.021799999999999784e+02 6.163499999999999091e+01 8.378055555555555145e+01 1.242448717948717700e+02 1.479016666666666708e+02 2.364010614470736904e+00 1.722222222222222099e+00 1.319259259259259132e+00 1.196697530864197612e+00 6.250000000000000000e-01 3.180555555555555358e-01 2.233796296296295947e-01
2.342361111111110894e+00 2.384722222222221966e+00 1.386869920675433798e+00 4.976851851851851194e-01 1.471788888888888778e+02 1.633800925925925753e+02 5.360240740740739795e+01 4.504040404040402734e+00 5.916759259259258386e+01 1.338625000000000114e+02 1.342298518518518335e+02 1.218066666666666578e+02 5.441000000000000369e+01 1.903851851851851507e+01 3.759259259259259522e+00 9.282777777777778283e+01 2.364010614470736904e+00 3.026666666666666572e+01 1.125694444444444331e+00 1.516759259259259141e+00 9.249382716049382447e-01 2.233796296296295947e-01 5.708333333333333037e-01 2.305555555555555414e-01
2.208024691358024594e+00 2.364010614470736904e+00 1.345238095238095344e+00 1.480787037037037202e+01 5.592283950617283494e+01 1.659637962962962945e+02 1.518744047619047421e+02 8.890611111111113019e+01 1.147091666666666754e+02 1.289041666666666401e+02 9.282777777777778283e+01 2.364010614470736904e+00 3.117279779779779769e+00 3.759259259259259522e+00 4.702129629629629193e+01 8.768611111111108869e+01 2.364010614470736904e+00 8.651419753086416975e+00 1.691111111111111232e+00 1.044814814814814863e+00 1.125694444444444331e+00 2.233796296296295947e-01 2.233796296296295947e-01 2.305555555555555414e-01
2.364010614470736904e+00 3.010985211463761857e+00 2.122962962962962941e+00 1.447707231040564091e+00 5.148648148148147641e+01 9.700291666666666401e+01 8.357253086419751753e+01 1.547430376112546746e+00 4.313308080808081257e+01 1.547430376112546746e+00 1.722222222222222099e+00 1.598462962962962974e+00 1.483564814814814614e+00 1.447707231040564091e+00 7.167092592592591416e+01 9.512608024691355979e+01 3.932111111111110802e+01 1.538359788359788372e+00 1.393518518518518601e+00 1.502887377173091066e+00 1.689415927773159742e+00 1.030555555555555447e+00 2.233796296296295947e-01 2.233796296296295947e-01
1.335648148148148140e+00 8.635416666666667629e-01 2.186851851851851603e+00 1.547430376112546746e+00 3.419392269253379801e+00 1.547430376112546746e+00 1.843750000000000000e+00 1.194444444444444420e+00 9.282407407407405886e-01 8.563271604938270665e-01 1.071604938271604857e+00 1.209382716049382633e+00 1.447707231040564091e+00 3.759259259259259522e+00 1.021799999999999784e+02 6.463379629629628198e+01 2.721166666666666600e+01 1.632320182873580716e+00 1.094603174603174578e+00 1.413728967062300335e+00 1.571111111111111125e+00 9.237037037037036935e-01 3.180555555555555358e-01 2.233796296296295947e-01
1.057716049382716017e+00 1.502623456790123324e+00 1.077333333333333254e+00 1.275555555555555554e+00 2.364010614470736904e+00 1.749074074074074003e+00 9.282407407407405886e-01 1.044444444444444509e+00 1.250846560846560651e+00 9.249382716049382447e-01 9.426697530864198704e-01 1.938333333333333242e+00 1.796634332745443929e+00 1.447707231040564091e+00 1.196152777777777771e+02 2.364010614470736904e+00 2.240123456790123591e+00 2.364010614470736904e+00 2.208024691358024594e+00 2.167777777777777803e+00 1.613827160493827018e+00 6.037037037037036313e-01 3.180555555555555358e-01 2.305555555555555414e-01
1.259569771791994031e+00 1.613827160493827018e+00 1.125694444444444331e+00 1.206569664902998218e+00 1.283456790123456814e+00 1.669753086419752952e+00 1.030555555555555447e+00 1.335648148148148140e+00 1.588888888888889239e+00 1.483564814814814614e+00 1.502962962962962834e+00 1.613827160493827018e+00 2.122962962962962941e+00 8.167499999999999716e+01 1.279343314093313921e+02 2.364010614470736904e+00 2.810462962962962941e+00 1.588888888888889239e+00 1.741269841269841523e+00 1.674878747795414347e+00 9.237037037037036935e-01 8.635416666666667629e-01 2.233796296296295947e-01 2.305555555555555414e-01
3.180555555555555358e-01 1.239103835978835777e+00 1.283456790123456814e+00 1.745370370370370239e+00 2.342361111111110894e+00 1.674878747795414347e+00 9.237037037037036935e-01 3.180555555555555358e-01 1.586222222222221978e+00 1.613827160493827018e+00 1.547430376112546746e+00 1.239103835978835777e+00 1.447707231040564091e+00 1.324158024691357980e+02 1.300742857142857360e+02 4.351527777777777573e+01 2.014136122110535165e+00 1.613827160493827018e+00 2.364010614470736904e+00 1.215740740740740788e+00 1.020980258466851698e+00 6.161111111111110539e-01 2.233796296296295947e-01 2.305555555555555414e-01
3.180555555555555358e-01 6.250000000000000000e-01 1.335648148148148140e+00 1.613827160493827018e+00 1.740679012345678789e+00 1.215740740740740788e+00 1.057716049382716017e+00 1.547430376112546746e+00 1.243055555555555358e+00 1.447707231040564091e+00 1.571111111111111125e+00 1.483564814814814614e+00 3.759259259259259522e+00 1.599605555555555441e+02 6.463379629629628198e+01 4.334333333333332661e+01 1.547430376112546746e+00 2.364010614470736904e+00 2.012910425778642765e+00 1.538359788359788372e+00 9.237037037037036935e-01 6.250000000000000000e-01 3.180555555555555358e-01 2.305555555555555414e-01
3.180555555555555358e-01 3.180555555555555358e-01 2.305555555555555414e-01 2.305555555555555414e-01 3.180555555555555358e-01 3.180555555555555358e-01 1.320833333333333304e+00 1.647916666666666474e+00 1.483564814814814614e+00 1.572222222222221966e+00 1.613827160493827018e+00 1.467777777777777848e+00 1.447707231040564091e+00 1.291695301783264540e+02 2.364010614470736904e+00 1.193981481481481310e+00 1.722222222222222099e+00 1.588888888888889239e+00 2.364010614470736904e+00 1.215740740740740788e+00 9.249382716049382447e-01 5.708333333333333037e-01 5.708333333333333037e-01 2.305555555555555414e-01
2.233796296296295947e-01 2.305555555555555414e-01 2.305555555555555414e-01 2.305555555555555414e-01 5.708333333333333037e-01 4.187683715461492651e-01 1.269091300602928518e+00 1.447707231040564091e+00 6.037037037037036313e-01 3.180555555555555358e-01 1.613827160493827018e+00 1.588888888888889239e+00 4.976851851851851194e-01 9.282777777777778283e+01 2.364010614470736904e+00 8.651419753086416975e+00 1.283456790123456814e+00 1.772447089947089882e+00 1.335648148148148140e+00 1.674878747795414347e+00 9.237037037037036935e-01 2.233796296296295947e-01 3.180555555555555358e-01 2.305555555555555414e-01
2.305555555555555414e-01 2.305555555555555414e-01 2.305555555555555414e-01 2.305555555555555414e-01 2.305555555555555414e-01 4.187683715461492651e-01 8.911111111111111871e-01 1.447707231040564091e+00 5.708333333333333037e-01 2.305555555555555414e-01 4.976851851851851194e-01 1.745370370370370239e+00 1.797171075837742604e+00 2.342361111111110894e+00 1.843750000000000000e+00 1.181415343915344085e+00 1.722222222222222099e+00 1.427469135802468925e+00 1.358564814814814836e+00 1.302777777777777590e+00 1.250846560846560651e+00 1.386869920675433798e+00 2.233796296296295947e-01 2.233796296296295947e-01
