4.976851851851851194e-01 4.976851851851851194e-01 4.976851851851851194e-01 4.976851851851851194e-01 4.976851851851851194e-01 4.976851851851851194e-01 4.976851851851851194e-01 4.976851851851851194e-01 4.976851851851851194e-01 4.976851851851851194e-01 4.976851851851851194e-01 4.976851851851851194e-01 4.976851851851851194e-01 3.333333333333333148e-01 4.976851851851851194e-01 7.908950617283950768e-01 8.541152263374484077e-01 9.717592592592591005e-01 1.215740740740740788e+00 1.052051214488263886e+00 1.047505668934240353e+00 9.295555555555555793e-01 4.976851851851851194e-01 5.240740740740740256e-01
4.976851851851851194e-01 4.976851851851851194e-01 4.976851851851851194e-01 4.976851851851851194e-01 4.976851851851851194e-01 4.976851851851851194e-01 4.976851851851851194e-01 4.976851851851851194e-01 4.976851851851851194e-01 4.976851851851851194e-01 4.976851851851851194e-01 4.976851851851851194e-01 4.976851851851851194e-01 3.333333333333333148e-01 4.976851851851851194e-01 1.268386243386243173e+00 9.925925925925925819e-01 1.047505668934240353e+00 7.731481481481482509e-01 1.398148148148148140e+00 1.538359788359788372e+00 7.360141093474426022e-01 4.976851851851851194e-01 4.976851851851851194e-01
4.976851851851851194e-01 4.976851851851851194e-01 4.976851851851851194e-01 4.976851851851851194e-01 4.976851851851851194e-01 4.976851851851851194e-01 4.976851851851851194e-01 4.976851851851851194e-01 4.976851851851851194e-01 4.976851851851851194e-01 4.976851851851851194e-01 4.976851851851851194e-01 5.240740740740740256e-01 5.240740740740740256e-01 4.976851851851851194e-01 3.333333333333333148e-01 1.601898148148148016e+00 1.467777777777777848e+00 8.547619047619047228e-01 8.563271604938270665e-01 1.601898148148148016e+00 7.360141093474426022e-01 5.240740740740740256e-01 4.976851851851851194e-01
4.976851851851851194e-01 4.976851851851851194e-01 4.976851851851851194e-01 4.976851851851851194e-01 4.976851851851851194e-01 4.976851851851851194e-01 4.976851851851851194e-01 4.976851851851851194e-01 4.976851851851851194e-01 4.976851851851851194e-01 4.976851851851851194e-01 4.976851851851851194e-01 5.240740740740740256e-01 3.333333333333333148e-01 5.240740740740740256e-01 9.716358024691358342e-01 1.378002244668911080e+00 1.572222222222221966e+00 1.196697530864197612e+00 1.285699588477366317e+00 1.079012345679012386e+00 6.250000000000000000e-01 4.976851851851851194e-01 4.976851851851851194e-01
4.976851851851851194e-01 4.976851851851851194e-01 4.976851851851851194e-01 4.976851851851851194e-01 4.976851851851851194e-01 4.976851851851851194e-01 4.976851851851851194e-01 4.976851851851851194e-01 4.976851851851851194e-01 4.976851851851851194e-01 4.976851851851851194e-01 4.976851851851851194e-01 3.333333333333333148e-01 3.333333333333333148e-01 4.976851851851851194e-01 7.072354497354497838e+00 1.260817901234567984e+01 6.754765079365077440e+01 2.090203703703703653e+01 1.215740740740740788e+00 1.449228395061728181e+00 7.360141093474426022e-01 5.240740740740740256e-01 4.976851851851851194e-01
4.976851851851851194e-01 4.976851851851851194e-01 4.976851851851851194e-01 4.976851851851851194e-01 4.976851851851851194e-01 4.976851851851851194e-01 4.976851851851851194e-01 3.333333333333333148e-01 5.240740740740740256e-01 5.240740740740740256e-01 3.333333333333333148e-01 5.240740740740740256e-01 5.240740740740740256e-01 5.240740740740740256e-01 9.580000000000000071e+00 5.991919879062735532e+01 1.213288888888888835e+02 1.347114748677248599e+02 1.066033333333333246e+02 1.215740740740740788e+00 8.541152263374484077e-01 6.043650793650794384e-01 4.976851851851851194e-01 4.976851851851851194e-01
4.976851851851851194e-01 3.333333333333333148e-01 4.976851851851851194e-01 4.976851851851851194e-01 4.976851851851851194e-01 5.240740740740740256e-01 5.240740740740740256e-01 1.342367724867724910e+01 5.240740740740740256e-01 5.240740740740740256e-01 9.580000000000000071e+00 1.513402777777777608e+01 3.544722222222222285e+01 8.560925925925926094e+01 9.429111111111109267e+01 1.021799999999999784e+02 1.457412203174603178e+02 9.129143518518519329e+01 5.284830246913580964e+01 1.071604938271604857e+00 1.322962962962962896e+00 1.413728967062300335e+00 5.240740740740740256e-01 4.976851851851851194e-01
3.333333333333333148e-01 9.716358024691358342e-01 6.043650793650794384e-01 5.240740740740740256e-01 8.563271604938270665e-01 2.002160493827160437e+00 1.761010623026126876e+00 8.560925925925926094e+01 8.560925925925926094e+01 6.754765079365077440e+01 6.754765079365077440e+01 9.304429012345678984e+01 1.338625000000000114e+02 9.304429012345678984e+01 1.663388888888888744e+02 1.660203325774754433e+02 1.247548611111110972e+02 9.830555555555553937e+00 1.664444444444444615e+00 9.716358024691358342e-01 1.030555555555555447e+00 7.360141093474426022e-01 6.250000000000000000e-01 4.976851851851851194e-01
3.333333333333333148e-01 8.541152263374484077e-01 4.976851851851851194e-01 1.532795548073325964e+00 2.387742504409171129e+00 1.470524691358024327e+00 4.362808730158729986e+01 4.362808730158729986e+01 1.147091666666666754e+02 1.147091666666666754e+02 6.817026455026454812e+01 3.361455026455026029e+01 8.378055555555555145e+01 1.112462962962962791e+02 1.479016666666666708e+02 1.409098677248677234e+02 6.815022927689594212e+01 1.223333333333333162e+00 8.541152263374484077e-01 4.976851851851851194e-01 1.322962962962962896e+00 7.360141093474426022e-01 6.250000000000000000e-01 4.976851851851851194e-01
4.976851851851851194e-01 4.976851851851851194e-01 4.976851851851851194e-01 6.250000000000000000e-01 9.155555555555554559e-01 4.976851851851851194e-01 1.978925925925926066e+01 6.960896825396824283e+01 8.378055555555555145e+01 4.313308080808081257e+01 4.313308080808081257e+01 1.238407407407407490e+01 3.411111111111111427e+00 1.162631944444444230e+02 1.196779365079364936e+02 9.129143518518519329e+01 8.145407407407406097e+00 1.612698412698412298e+00 1.052051214488263886e+00 4.976851851851851194e-01 1.158179012345678771e+00 7.360141093474426022e-01 4.976851851851851194e-01 4.976851851851851194e-01
4.976851851851851194e-01 4.976851851851851194e-01 3.333333333333333148e-01 3.333333333333333148e-01 4.976851851851851194e-01 4.976851851851851194e-01 1.137407407407407423e+00 7.944444444444445086e-01 9.155555555555554559e-01 2.186851851851851603e+00 1.722222222222222099e+00 1.647916666666666474e+00 4.041141975308641321e+01 1.116025462962962820e+02 8.768611111111108869e+01 7.479652777777776862e+01 8.303395061728394921e+00 1.136666666666666492e+00 1.467777777777777848e+00 7.731481481481482509e-01 1.215740740740740788e+00 5.240740740740740256e-01 5.240740740740740256e-01 4.976851851851851194e-01
5.240740740740740256e-01 3.333333333333333148e-01 5.240740740740740256e-01 8.563271604938270665e-01 6.043650793650794384e-01 3.333333333333333148e-01 4.976851851851851194e-01 1.215740740740740788e+00 4.976851851851851194e-01 1.135444444444444256e+00 1.164722222222222214e+00 9.716358024691358342e-01 3.705888888888888744e+01 9.265869923727066748e+01 7.101844877344876750e+01 1.215740740740740788e+00 8.541152263374484077e-01 1.422413055602820942e+00 2.071984126984126817e+00 2.012910425778642765e+00 1.447685185185185075e+00 1.079012345679012386e+00 6.043650793650794384e-01 4.976851851851851194e-01
4.976851851851851194e-01 3.333333333333333148e-01 4.976851851851851194e-01 4.976851851851851194e-01 4.976851851851851194e-01 5.240740740740740256e-01 5.240740740740740256e-01 4.976851851851851194e-01 7.396825396825396082e-01 4.976851851851851194e-01 4.976851851851851194e-01 1.229488536155202594e+00 5.333148148148147527e+01 6.279555555555553781e+01 9.830555555555553937e+00 8.303395061728394921e+00 1.215740740740740788e+00 9.295555555555555793e-01 1.275555555555555554e+00 1.502623456790123324e+00 1.215740740740740788e+00 8.541152263374484077e-01 5.240740740740740256e-01 4.976851851851851194e-01
4.976851851851851194e-01 4.976851851851851194e-01 3.333333333333333148e-01 5.240740740740740256e-01 5.240740740740740256e-01 4.976851851851851194e-01 4.976851851851851194e-01 3.333333333333333148e-01 7.731481481481482509e-01 5.240740740740740256e-01 9.580000000000000071e+00 5.922515873015872501e+01 9.766481481481481808e+01 6.596055555555555827e+01 1.079012345679012386e+00 1.322962962962962896e+00 1.136666666666666492e+00 1.079012345679012386e+00 1.164722222222222214e+00 8.563271604938270665e-01 1.193981481481481310e+00 1.137407407407407423e+00 8.541152263374484077e-01 4.976851851851851194e-01
4.976851851851851194e-01 4.976851851851851194e-01 4.976851851851851194e-01 4.976851851851851194e-01 5.240740740740740256e-01 4.976851851851851194e-01 5.240740740740740256e-01 5.240740740740740256e-01 5.240740740740740256e-01 9.580000000000000071e+00 4.164526455026454954e+01 1.021799999999999784e+02 1.393361111111111086e+02 1.031034391534391403e+02 2.063666666666666316e+01 1.158179012345678771e+00 1.398148148148148140e+00 1.079012345679012386e+00 6.250000000000000000e-01 4.976851851851851194e-01 4.976851851851851194e-01 9.716358024691358342e-01 8.563271604938270665e-01 5.240740740740740256e-01
4.976851851851851194e-01 4.976851851851851194e-01 4.976851851851851194e-01 4.976851851851851194e-01 5.240740740740740256e-01 3.333333333333333148e-01 4.976851851851851194e-01 9.230123456790122916e+00 1.260817901234567984e+01 9.766481481481481808e+01 1.115893518518518306e+02 1.669444444444444287e+02 1.660203325774754433e+02 9.877993109388458493e+01 4.135185185185184764e+01 1.215740740740740788e+00 1.728240740740740522e+00 1.044814814814814863e+00 5.240740740740740256e-01 5.240740740740740256e-01 1.168666666666666520e+00 7.360141093474426022e-01 4.976851851851851194e-01 4.976851851851851194e-01
4.976851851851851194e-01 4.976851851851851194e-01 4.976851851851851194e-01 4.976851851851851194e-01 5.240740740740740256e-01 3.333333333333333148e-01 4.976851851851851194e-01 2.002160493827160437e+00 6.755292929292929216e+01 1.643952601410934733e+02 1.669444444444444287e+02 1.670104166666666572e+02 8.357253086419751753e+01 9.026851851851851904e+01 1.163898148148148159e+01 1.761825396825396739e+00 1.860978835978836177e+00 1.811111111111111116e+00 1.603925925925925755e+00 1.345238095238095344e+00 8.547619047619047228e-01 1.030555555555555447e+00 5.240740740740740256e-01 4.976851851851851194e-01
4.976851851851851194e-01 4.976851851851851194e-01 4.976851851851851194e-01 4.976851851851851194e-01 5.240740740740740256e-01 3.333333333333333148e-01 1.162410847162552940e+00 4.976851851851851194e-01 4.362808730158729986e+01 1.669444444444444287e+02 1.670104166666666572e+02 3.066620370370370452e+01 3.302499999999999769e+00 2.384722222222221966e+00 2.329851851851851841e+00 1.664444444444444615e+00 1.586337448559670849e+00 2.167777777777777803e+00 1.215740740740740788e+00 1.322962962962962896e+00 1.229488536155202594e+00 7.360141093474426022e-01 6.043650793650794384e-01 4.976851851851851194e-01
4.976851851851851194e-01 4.976851851851851194e-01 4.976851851851851194e-01 4.976851851851851194e-01 5.240740740740740256e-01 3.333333333333333148e-01 1.605485903814261706e+00 1.422413055602820942e+00 1.878379629629629477e+01 1.081331481481481376e+02 9.265734126984126817e+01 1.215740740740740788e+00 1.322962962962962896e+00 2.273673275969572138e+00 2.240277777777777590e+00 1.193981481481481310e+00 1.502623456790123324e+00 1.862645502645502216e+00 8.541152263374484077e-01 9.155555555555554559e-01 1.215740740740740788e+00 8.541152263374484077e-01 6.043650793650794384e-01 4.976851851851851194e-01
4.976851851851851194e-01 4.976851851851851194e-01 4.976851851851851194e-01 4.976851851851851194e-01 4.976851851851851194e-01 3.333333333333333148e-01 1.396740740740740616e+00 1.199074074074074181e+00 4.041141975308641321e+01 6.279555555555553781e+01 4.373833333333332263e+01 1.150666666666666504e+00 1.761010623026126876e+00 2.586094104308389596e+00 1.363333333333333286e+00 1.215740740740740788e+00 1.322962962962962896e+00 1.733333333333333171e+00 1.572222222222221966e+00 4.976851851851851194e-01 1.447685185185185075e+00 9.716358024691358342e-01 6.043650793650794384e-01 4.976851851851851194e-01
4.976851851851851194e-01 4.976851851851851194e-01 4.976851851851851194e-01 4.976851851851851194e-01 4.976851851851851194e-01 3.333333333333333148e-01 4.976851851851851194e-01 1.072222222222222188e+00 2.707230985196528650e+01 7.082546296296295907e+01 1.215740740740740788e+00 1.322962962962962896e+00 1.616192838568434986e+00 1.722222222222222099e+00 1.601898148148148016e+00 1.275555555555555554e+00 8.541152263374484077e-01 4.976851851851851194e-01 6.250000000000000000e-01 3.333333333333333148e-01 3.333333333333333148e-01 4.976851851851851194e-01 5.240740740740740256e-01 4.976851851851851194e-01
4.976851851851851194e-01 4.976851851851851194e-01 4.976851851851851194e-01 4.976851851851851194e-01 5.240740740740740256e-01 3.333333333333333148e-01 3.333333333333333148e-01 8.911111111111111871e-01 4.976851851851851194e-01 1.163898148148148159e+01 1.215740740740740788e+00 1.275555555555555554e+00 1.288148148148148264e+00 1.289074074074074039e+00 8.541152263374484077e-01 6.250000000000000000e-01 4.976851851851851194e-01 4.976851851851851194e-01 6.250000000000000000e-01 5.240740740740740256e-01 4.976851851851851194e-01 4.976851851851851194e-01 5.240740740740740256e-01 4.976851851851851194e-01
4.976851851851851194e-01 4.976851851851851194e-01 4.976851851851851194e-01 4.976851851851851194e-01 5.240740740740740256e-01 5.240740740740740256e-01 4.976851851851851194e-01 9.565277777777778212e+00 1.759074074074074190e+01 1.215740740740740788e+00 2.069715608465608092e+00 1.541719576719576601e+00 1.171111111111111214e+00 8.541152263374484077e-01 1.145123456790123173e+00 5.240740740740740256e-01 5.240740740740740256e-01 4.976851851851851194e-01 5.240740740740740256e-01 5.240740740740740256e-01 4.976851851851851194e-01 4.976851851851851194e-01 4.976851851851851194e-01 4.976851851851851194e-01
4.976851851851851194e-01 4.976851851851851194e-01 4.976851851851851194e-01 4.976851851851851194e-01 5.240740740740740256e-01 3.333333333333333148e-01 4.976851851851851194e-01 4.976851851851851194e-01 2.740972222222222143e+00 1.215740740740740788e+00 1.433910052910052801e+00 1.229488536155202594e+00 1.554444444444444517e+00 9.155555555555554559e-01 5.240740740740740256e-01 6.043650793650794384e-01 4.976851851851851194e-01 4.976851851851851194e-01 4.976851851851851194e-01 4.976851851851851194e-01 4.976851851851851194e-01 4.976851851851851194e-01 4.976851851851851194e-01 4.976851851851851194e-01
