2.233796296296295947e-01 2.233796296296295947e-01 2.233796296296295947e-01 2.233796296296295947e-01 2.233796296296295947e-01 4.187683715461492651e-01 9.635802469135802406e-01 1.495046296296296262e+00 1.094603174603174578e+00 2.342361111111110894e+00 1.271139971139971125e+00 1.749074074074074003e+00 9.282407407407405886e-01 7.944444444444445086e-01 4.976851851851851194e-01 4.976851851851851194e-01 1.458055555555555438e+00 1.358564814814814836e+00 1.396296296296296147e+00 1.057716049382716017e+00 1.547430376112546746e+00 1.487160608161161246e+00 1.413728967062300335e+00 4.976851851851851194e-01
2.233796296296295947e-01 2.233796296296295947e-01 2.233796296296295947e-01 2.233796296296295947e-01 2.233796296296295947e-01 2.305555555555555414e-01 4.976851851851851194e-01 2.167777777777777803e+00 2.364010614470736904e+00 1.996402116402116178e+00 1.588888888888889239e+00 1.094603174603174578e+00 1.495046296296296262e+00 6.161111111111110539e-01 1.503633156966490247e+01 1.196697530864197612e+00 1.044814814814814863e+00 1.215740740740740788e+00 1.044814814814814863e+00 1.320833333333333304e+00 1.404382716049382473e+00 1.599851851851851636e+00 1.413728967062300335e+00 2.233796296296295947e-01
2.233796296296295947e-01 2.233796296296295947e-01 2.233796296296295947e-01 2.233796296296295947e-01 2.233796296296295947e-01 3.333333333333333148e-01 8.563271604938270665e-01 8.911111111111111871e-01 1.495046296296296262e+00 2.152160493827160348e+00 1.447707231040564091e+00 1.447707231040564091e+00 7.532200176366842470e+01 6.786018518518518761e+01 8.333472222222222570e+01 8.337160493827160224e+01 6.754765079365077440e+01 3.897222222222222143e+01 2.233796296296295947e-01 1.194444444444444420e+00 1.495046296296296262e+00 1.094603174603174578e+00 1.229488536155202594e+00 2.233796296296295947e-01
2.233796296296295947e-01 2.233796296296295947e-01 2.233796296296295947e-01 2.233796296296295947e-01 2.233796296296295947e-01 3.333333333333333148e-01 1.247074074074074002e+00 1.761010623026126876e+00 1.447707231040564091e+00 1.260817901234567984e+01 8.496148148148147072e+01 1.664827335858585684e+02 1.673590277777777828e+02 1.664827335858585684e+02 1.664827335858585684e+02 1.651266666666666367e+02 1.672672222222222160e+02 1.598765624999999773e+02 1.215740740740740788e+00 1.215740740740740788e+00 1.269091300602928518e+00 1.322962962962962896e+00 1.057716049382716017e+00 2.233796296296295947e-01
2.233796296296295947e-01 2.233796296296295947e-01 2.233796296296295947e-01 2.233796296296295947e-01 4.187683715461492651e-01 4.187683715461492651e-01 1.239103835978835777e+00 1.647916666666666474e+00 4.265041666666666487e+01 1.670534722222221831e+02 1.663011111111111120e+02 1.673486111111110972e+02 1.669444444444444287e+02 1.669444444444444287e+02 1.669390873015872785e+02 1.664344444444444093e+02 1.651807407407407311e+02 1.652917592592592655e+02 8.164282828282827609e+01 1.367592592592592471e+00 1.508518518518518370e+00 1.206569664902998218e+00 9.295555555555555793e-01 2.233796296296295947e-01
2.233796296296295947e-01 2.233796296296295947e-01 2.233796296296295947e-01 2.233796296296295947e-01 2.233796296296295947e-01 4.187683715461492651e-01 1.322962962962962896e+00 1.057716049382716017e+00 1.824884259259259167e+01 1.655116512345678927e+02 1.669390873015872785e+02 1.669444444444444287e+02 1.670104166666666572e+02 1.169428571428571360e+02 7.099309523809525047e+01 8.378055555555555145e+01 1.669444444444444287e+02 1.665627937861964369e+02 4.351527777777777573e+01 2.364010614470736904e+00 1.306142108919886580e+00 1.588888888888889239e+00 7.866666666666666252e-01 4.976851851851851194e-01
2.233796296296295947e-01 2.233796296296295947e-01 2.233796296296295947e-01 2.233796296296295947e-01 2.233796296296295947e-01 4.187683715461492651e-01 7.731481481481482509e-01 1.745370370370370239e+00 2.342361111111110894e+00 1.547430376112546746e+00 4.313308080808081257e+01 4.457944444444444088e+01 4.313308080808081257e+01 1.722222222222222099e+00 3.448783068783068284e+00 3.759259259259259522e+00 1.008379805996472669e+02 1.667187500000000000e+02 2.364010614470736904e+00 1.367592592592592471e+00 1.604526748971193406e+00 7.866666666666666252e-01 8.563271604938270665e-01 2.233796296296295947e-01
2.233796296296295947e-01 2.233796296296295947e-01 2.233796296296295947e-01 2.233796296296295947e-01 2.233796296296295947e-01 4.187683715461492651e-01 4.187683715461492651e-01 1.345238095238095344e+00 2.186851851851851603e+00 1.843750000000000000e+00 1.547430376112546746e+00 2.871251384274640106e+00 2.364010614470736904e+00 1.937435012652403810e+00 3.109876543209876498e+00 1.447707231040564091e+00 1.213288888888888835e+02 1.247548611111110972e+02 4.334333333333332661e+01 1.547430376112546746e+00 1.243055555555555358e+00 7.866666666666666252e-01 2.233796296296295947e-01 2.233796296296295947e-01
2.233796296296295947e-01 2.233796296296295947e-01 2.233796296296295947e-01 2.233796296296295947e-01 2.233796296296295947e-01 2.233796296296295947e-01 4.976851851851851194e-01 1.937435012652403810e+00 2.284645061728394655e+00 7.866666666666666252e-01 1.386869920675433798e+00 2.240123456790123591e+00 3.010985211463761857e+00 1.785969387755102034e+01 1.447707231040564091e+00 1.116340277777777601e+02 1.654347222222222342e+02 2.364010614470736904e+00 1.396296296296296147e+00 1.289074074074074039e+00 1.360740740740740806e+00 2.233796296296295947e-01 4.976851851851851194e-01 2.233796296296295947e-01
2.233796296296295947e-01 2.233796296296295947e-01 2.233796296296295947e-01 2.233796296296295947e-01 2.233796296296295947e-01 2.305555555555555414e-01 4.976851851851851194e-01 1.824047619047618696e+00 1.720591563786008082e+00 1.588888888888889239e+00 1.604526748971193406e+00 1.044814814814814863e+00 1.447707231040564091e+00 4.164526455026454954e+01 1.116340277777777601e+02 1.334435185185185162e+02 1.422757698412698346e+02 1.215740740740740788e+00 1.322962962962962896e+00 1.502962962962962834e+00 1.322962962962962896e+00 8.563271604938270665e-01 2.233796296296295947e-01 2.233796296296295947e-01
2.233796296296295947e-01 2.233796296296295947e-01 2.233796296296295947e-01 2.233796296296295947e-01 2.233796296296295947e-01 4.187683715461492651e-01 4.187683715461492651e-01 1.399239417989417866e+00 1.125694444444444331e+00 1.044814814814814863e+00 1.447707231040564091e+00 5.916759259259258386e+01 1.049751543209876417e+02 1.021799999999999784e+02 1.347114748677248599e+02 1.670104166666666572e+02 9.026851851851851904e+01 1.215740740740740788e+00 1.322962962962962896e+00 1.547430376112546746e+00 1.413728967062300335e+00 2.233796296296295947e-01 2.233796296296295947e-01 2.233796296296295947e-01
2.233796296296295947e-01 2.233796296296295947e-01 2.233796296296295947e-01 2.233796296296295947e-01 2.233796296296295947e-01 2.233796296296295947e-01 9.635802469135802406e-01 1.044444444444444509e+00 1.283456790123456814e+00 1.447707231040564091e+00 9.766481481481481808e+01 1.673486111111110972e+02 1.672672222222222160e+02 1.668590277777777544e+02 1.247548611111110972e+02 8.357253086419751753e+01 1.547430376112546746e+00 1.077333333333333254e+00 9.531893004115224999e-01 1.396296296296296147e+00 1.541719576719576601e+00 1.181415343915344085e+00 1.064814814814814659e+00 2.233796296296295947e-01
2.233796296296295947e-01 2.233796296296295947e-01 2.233796296296295947e-01 2.233796296296295947e-01 2.233796296296295947e-01 4.187683715461492651e-01 1.044814814814814863e+00 1.447707231040564091e+00 9.766481481481481808e+01 1.116340277777777601e+02 1.661877903091061057e+02 1.667187500000000000e+02 1.669390873015872785e+02 1.409098677248677234e+02 2.364010614470736904e+00 1.269091300602928518e+00 1.502623456790123324e+00 7.999999999999999334e-01 7.944444444444445086e-01 4.976851851851851194e-01 1.458055555555555438e+00 7.999999999999999334e-01 2.305555555555555414e-01 2.233796296296295947e-01
2.233796296296295947e-01 2.233796296296295947e-01 4.187683715461492651e-01 2.233796296296295947e-01 2.233796296296295947e-01 4.187683715461492651e-01 3.381444444444444031e+01 1.021799999999999784e+02 1.666627314814814440e+02 1.652917592592592655e+02 1.669444444444444287e+02 1.670104166666666572e+02 8.357253086419751753e+01 4.313308080808081257e+01 2.364010614470736904e+00 1.586222222222221978e+00 1.259569771791994031e+00 9.027160493827161014e-01 1.057716049382716017e+00 4.976851851851851194e-01 1.044814814814814863e+00 1.413728967062300335e+00 2.233796296296295947e-01 2.233796296296295947e-01
1.247074074074074002e+00 1.547430376112546746e+00 1.547430376112546746e+00 1.502623456790123324e+00 2.233796296296295947e-01 8.046296296296295836e-01 9.304429012345678984e+01 1.670534722222221831e+02 1.639518518518518420e+02 1.674830555555555236e+02 9.282777777777778283e+01 1.722222222222222099e+00 2.364010614470736904e+00 2.210322598019629936e+00 2.384722222222221966e+00 1.493530864197530672e+00 7.866666666666666252e-01 1.094603174603174578e+00 9.637511022927689464e-01 1.058981481481481524e+00 8.911111111111111871e-01 1.413728967062300335e+00 2.233796296296295947e-01 2.233796296296295947e-01
1.282098765432098553e+00 1.749074074074074003e+00 1.337731481481481355e+00 1.502623456790123324e+00 1.647916666666666474e+00 1.345238095238095344e+00 1.328463492063492026e+02 1.665143518518518135e+02 1.670104166666666572e+02 2.364010614470736904e+00 1.749074074074074003e+00 1.386869920675433798e+00 2.586094104308389596e+00 2.617407407407407405e+00 1.227283950617283903e+00 1.125694444444444331e+00 1.748009259259259096e+00 7.731481481481482509e-01 1.028435636922344409e+00 1.547430376112546746e+00 1.243055555555555358e+00 7.944444444444445086e-01 2.305555555555555414e-01 2.233796296296295947e-01
1.239103835978835777e+00 1.493530864197530672e+00 1.396296296296296147e+00 1.447707231040564091e+00 1.447707231040564091e+00 3.381444444444444031e+01 1.670534722222221831e+02 1.668590277777777544e+02 1.335180555555555486e+02 5.449444444444444713e+01 3.633641975308641747e+00 1.376587301587301582e+01 1.367738095238095219e+01 1.161116780045351504e+01 1.495046296296296262e+00 1.845679012345678993e+00 2.364010614470736904e+00 1.749074074074074003e+00 1.691111111111111232e+00 1.502623456790123324e+00 1.647916666666666474e+00 1.229488536155202594e+00 4.976851851851851194e-01 2.233796296296295947e-01
1.269091300602928518e+00 7.866666666666666252e-01 1.058981481481481524e+00 1.508518518518518370e+00 1.447707231040564091e+00 1.824884259259259167e+01 1.665143518518518135e+02 1.659309876543209725e+02 1.352483333333333064e+02 6.511226851851851904e+01 6.511226851851851904e+01 5.513388888888888317e+01 7.256084656084655649e+01 8.359050925925924957e+01 8.136349206349204621e+01 2.090203703703703653e+01 2.364010614470736904e+00 1.706677248677248571e+00 1.571111111111111125e+00 1.447707231040564091e+00 1.125694444444444331e+00 8.635416666666667629e-01 2.233796296296295947e-01 2.233796296296295947e-01
1.030555555555555447e+00 1.413728967062300335e+00 1.058981481481481524e+00 1.239103835978835777e+00 1.447707231040564091e+00 4.265041666666666487e+01 1.670354320987654262e+02 1.672672222222222160e+02 1.598765624999999773e+02 1.282733333333333121e+02 1.664827335858585684e+02 1.664827335858585684e+02 1.664827335858585684e+02 1.664827335858585684e+02 1.664827335858585684e+02 1.668590277777777544e+02 4.351527777777777573e+01 2.364010614470736904e+00 1.215740740740740788e+00 1.447707231040564091e+00 1.547430376112546746e+00 1.417074074074073931e+00 2.233796296296295947e-01 2.233796296296295947e-01
1.516759259259259141e+00 8.879629629629629539e-01 1.193981481481481310e+00 1.322962962962962896e+00 1.447707231040564091e+00 1.824884259259259167e+01 1.681461111111111109e+02 1.665627937861964369e+02 1.673486111111110972e+02 1.673486111111110972e+02 1.664827335858585684e+02 1.664827335858585684e+02 1.664415873015872762e+02 1.669444444444444287e+02 1.667413888888889062e+02 1.409098677248677234e+02 4.351527777777777573e+01 2.439153439153439074e+00 1.181415343915344085e+00 2.364010614470736904e+00 1.174176954732510270e+00 1.378002244668911080e+00 8.635416666666667629e-01 2.233796296296295947e-01
1.396296296296296147e+00 1.319259259259259132e+00 7.944444444444445086e-01 6.250000000000000000e-01 1.447707231040564091e+00 5.148648148148147641e+01 1.081331481481481376e+02 1.669444444444444287e+02 1.394761243386243450e+02 1.669444444444444287e+02 1.669444444444444287e+02 1.655116512345678927e+02 1.409098677248677234e+02 1.670104166666666572e+02 1.664344444444444093e+02 9.026851851851851904e+01 1.242870370370370203e+01 6.250000000000000000e-01 7.944444444444445086e-01 9.027160493827161014e-01 1.447707231040564091e+00 7.866666666666666252e-01 8.046296296296295836e-01 2.233796296296295947e-01
4.976851851851851194e-01 6.250000000000000000e-01 1.173544973544973669e+00 4.976851851851851194e-01 4.976851851851851194e-01 4.976851851851851194e-01 1.547430376112546746e+00 1.010622222222222177e+02 8.378055555555555145e+01 8.463796296296294486e+01 9.282777777777778283e+01 8.378055555555555145e+01 8.463796296296294486e+01 1.547430376112546746e+00 1.547430376112546746e+00 1.547430376112546746e+00 6.250000000000000000e-01 2.305555555555555414e-01 2.305555555555555414e-01 4.976851851851851194e-01 4.976851851851851194e-01 8.635416666666667629e-01 2.233796296296295947e-01 4.976851851851851194e-01
2.305555555555555414e-01 2.305555555555555414e-01 2.305555555555555414e-01 2.233796296296295947e-01 2.305555555555555414e-01 2.305555555555555414e-01 1.417314814814814916e+01 1.417314814814814916e+01 2.305555555555555414e-01 1.695444444444444088e+01 6.250000000000000000e-01 2.305555555555555414e-01 2.305555555555555414e-01 2.305555555555555414e-01 2.305555555555555414e-01 2.305555555555555414e-01 2.305555555555555414e-01 2.233796296296295947e-01 2.233796296296295947e-01 2.305555555555555414e-01 2.305555555555555414e-01 4.976851851851851194e-01 2.233796296296295947e-01 2.233796296296295947e-01
2.233796296296295947e-01 2.233796296296295947e-01 2.233796296296295947e-01 2.233796296296295947e-01 2.233796296296295947e-01 2.233796296296295947e-01 2.233796296296295947e-01 2.233796296296295947e-01 2.305555555555555414e-01 2.305555555555555414e-01 2.305555555555555414e-01 2.233796296296295947e-01 2.233796296296295947e-01 2.233796296296295947e-01 2.233796296296295947e-01 2.233796296296295947e-01 2.233796296296295947e-01 2.233796296296295947e-01 2.233796296296295947e-01 2.233796296296295947e-01 2.305555555555555414e-01 2.305555555555555414e-01 2.305555555555555414e-01 2.233796296296295947e-01
