7.279333046507493243e+00 7.279333046507493243e+00 7.279333046507493243e+00 7.279333046507493243e+00 7.279333046507493243e+00 7.279333046507493243e+00 7.279333046507493243e+00 7.279333046507493243e+00 7.279333046507493243e+00 7.279333046507493243e+00 7.279333046507493243e+00 7.279333046507493243e+00 7.279333046507493243e+00 7.279333046507493243e+00 7.279333046507493243e+00 7.279333046507493243e+00 7.279333046507493243e+00 7.279333046507493243e+00 7.279333046507493243e+00 7.279333046507493243e+00 7.279333046507493243e+00 7.279333046507493243e+00 7.279333046507493243e+00 7.279333046507493243e+00
7.279333046507493243e+00 7.279333046507493243e+00 7.279333046507493243e+00 7.279333046507493243e+00 7.279333046507493243e+00 7.279333046507493243e+00 7.279333046507493243e+00 7.279333046507493243e+00 7.279333046507493243e+00 7.279333046507493243e+00 7.279333046507493243e+00 7.279333046507493243e+00 7.279333046507493243e+00 7.279333046507493243e+00 7.279333046507493243e+00 7.279333046507493243e+00 7.279333046507493243e+00 7.279333046507493243e+00 7.279333046507493243e+00 7.279333046507493243e+00 7.279333046507493243e+00 7.279333046507493243e+00 7.279333046507493243e+00 7.279333046507493243e+00
7.279333046507493243e+00 7.279333046507493243e+00 7.279333046507493243e+00 7.279333046507493243e+00 7.279333046507493243e+00 7.279333046507493243e+00 7.279333046507493243e+00 7.279333046507493243e+00 7.279333046507493243e+00 7.279333046507493243e+00 7.279333046507493243e+00 7.279333046507493243e+00 1.611995329491444551e+01 1.919411888613126038e+01 1.942538671651505311e+01 1.942538671651505311e+01 1.651771633869707756e+01 1.850472048031121375e+01 1.482609580391727278e+01 7.279333046507493243e+00 7.279333046507493243e+00 7.279333046507493243e+00 7.279333046507493243e+00 7.279333046507493243e+00
7.279333046507493243e+00 7.279333046507493243e+00 7.279333046507493243e+00 7.279333046507493243e+00 7.279333046507493243e+00 7.279333046507493243e+00 7.279333046507493243e+00 7.279333046507493243e+00 7.279333046507493243e+00 7.279333046507493243e+00 1.760170412594560219e+01 2.002792678135248039e+01 2.371765473980896743e+01 3.474166279646590283e+01 3.750488271298660692e+01 3.750488271298660692e+01 3.750488271298660692e+01 3.305401027996572338e+01 2.426997916939262723e+01 1.482609580391727278e+01 7.279333046507493243e+00 7.279333046507493243e+00 7.279333046507493243e+00 7.279333046507493243e+00
7.279333046507493243e+00 7.279333046507493243e+00 7.279333046507493243e+00 7.279333046507493243e+00 7.279333046507493243e+00 7.279333046507493243e+00 7.279333046507493243e+00 7.279333046507493243e+00 7.279333046507493243e+00 1.825411929492641860e+01 2.404571000652127566e+01 4.300805185581560863e+01 5.765479546463622285e+01 6.110327258475405898e+01 6.110327258475405898e+01 6.578875171467763039e+01 6.578875171467763039e+01 5.712482853223593793e+01 3.842281290197207966e+01 2.498402775545770282e+01 1.482609580391727278e+01 7.279333046507493243e+00 7.279333046507493243e+00 7.279333046507493243e+00
7.279333046507493243e+00 7.279333046507493243e+00 7.279333046507493243e+00 7.279333046507493243e+00 7.279333046507493243e+00 7.279333046507493243e+00 7.279333046507493243e+00 7.279333046507493243e+00 1.537018926065542601e+01 3.091819824438507069e+01 5.378633702688402707e+01 6.737860082304526088e+01 7.031618655692729192e+01 6.861179698216736256e+01 4.528927809015667094e+01 6.079283844588907471e+01 6.978189300411523277e+01 6.578875171467763039e+01 6.522119341563785611e+01 3.338495308124556260e+01 1.469277681763480103e+01 7.279333046507493243e+00 7.279333046507493243e+00 7.279333046507493243e+00
7.279333046507493243e+00 7.279333046507493243e+00 7.279333046507493243e+00 7.279333046507493243e+00 7.279333046507493243e+00 7.279333046507493243e+00 7.279333046507493243e+00 1.760170412594560219e+01 3.091819824438507069e+01 5.657462364836604252e+01 6.737860082304526088e+01 7.207956104252400564e+01 5.830754825680459419e+01 3.657169824359388599e+01 3.539113800769701612e+01 3.280965575224574593e+01 6.357235939643346256e+01 6.978189300411523277e+01 7.207956104252400564e+01 3.338495308124556260e+01 1.767941076972543613e+01 7.279333046507493243e+00 7.279333046507493243e+00 7.279333046507493243e+00
7.279333046507493243e+00 7.279333046507493243e+00 7.279333046507493243e+00 7.279333046507493243e+00 7.279333046507493243e+00 7.279333046507493243e+00 1.476763291604230766e+01 2.713880197201199707e+01 5.217522825888498517e+01 7.504046639231823690e+01 7.260804755372654995e+01 4.869698811564750685e+01 2.988271661635936027e+01 2.140705804235683729e+01 1.424457085337700590e+01 1.877008363456381446e+01 4.585248137712274286e+01 6.737860082304526088e+01 7.059465020576131167e+01 3.439002867403971209e+01 1.469277681763480103e+01 7.279333046507493243e+00 7.279333046507493243e+00 7.279333046507493243e+00
7.279333046507493243e+00 7.279333046507493243e+00 7.279333046507493243e+00 7.279333046507493243e+00 7.279333046507493243e+00 7.279333046507493243e+00 1.866245827890308462e+01 4.113591461339849076e+01 6.737860082304526088e+01 7.207956104252400564e+01 5.583554859447617247e+01 2.887729263264533941e+01 1.646016765763812728e+01 1.566433087618613484e+01 2.115201565917789495e+01 3.732903579790428239e+01 6.006624150732373835e+01 6.380178326474622708e+01 5.583554859447617247e+01 2.294618578497674477e+01 1.646016765763812728e+01 7.279333046507493243e+00 7.279333046507493243e+00 7.279333046507493243e+00
7.279333046507493243e+00 7.279333046507493243e+00 7.279333046507493243e+00 7.279333046507493243e+00 7.279333046507493243e+00 7.279333046507493243e+00 2.909552141811823489e+01 5.608596912743818308e+01 8.162962962962961910e+01 7.059465020576131167e+01 3.845506678011106061e+01 2.523078384648835026e+01 1.806648320193076529e+01 2.241391332554528759e+01 4.300805185581560863e+01 6.901440329218105774e+01 7.504046639231823690e+01 7.260804755372654995e+01 3.628708064153994428e+01 1.900297187047310388e+01 7.279333046507493243e+00 7.279333046507493243e+00 7.279333046507493243e+00 7.279333046507493243e+00
7.279333046507493243e+00 7.279333046507493243e+00 7.279333046507493243e+00 7.279333046507493243e+00 7.279333046507493243e+00 7.279333046507493243e+00 2.950503011837144385e+01 7.064373897707230299e+01 7.371934156378601699e+01 6.472271174599987376e+01 4.600886142858951899e+01 3.191071421865321156e+01 3.474166279646590283e+01 5.205013362328176640e+01 6.901440329218105774e+01 7.504046639231823690e+01 7.260804755372654995e+01 4.250437734375540089e+01 2.690087764218525379e+01 1.529374206662981095e+01 7.279333046507493243e+00 7.279333046507493243e+00 7.279333046507493243e+00 7.279333046507493243e+00
7.279333046507493243e+00 7.279333046507493243e+00 7.279333046507493243e+00 7.279333046507493243e+00 7.279333046507493243e+00 7.279333046507493243e+00 3.225083490362198546e+01 5.608596912743818308e+01 8.135528120713306066e+01 6.869387303970637504e+01 5.712482853223593793e+01 5.765479546463622285e+01 6.110327258475405898e+01 7.894513031550067694e+01 8.162962962962961910e+01 8.105281207133060661e+01 5.909359975495706863e+01 2.690087764218525379e+01 1.646016765763812728e+01 7.279333046507493243e+00 7.279333046507493243e+00 7.279333046507493243e+00 7.279333046507493243e+00 7.279333046507493243e+00
7.279333046507493243e+00 7.279333046507493243e+00 7.279333046507493243e+00 7.279333046507493243e+00 7.279333046507493243e+00 7.279333046507493243e+00 2.611344504006964229e+01 4.507822654535900142e+01 6.835711019661637522e+01 7.522222222222221433e+01 7.031618655692729192e+01 7.031618655692729192e+01 7.371934156378601699e+01 9.709979423868311699e+01 8.693731138545950898e+01 6.909314782154288537e+01 3.293181266742368507e+01 1.646016765763812728e+01 7.279333046507493243e+00 7.279333046507493243e+00 7.279333046507493243e+00 7.279333046507493243e+00 7.279333046507493243e+00 7.279333046507493243e+00
7.279333046507493243e+00 7.279333046507493243e+00 7.279333046507493243e+00 7.279333046507493243e+00 7.279333046507493243e+00 7.279333046507493243e+00 1.735480291812838871e+01 3.301359381880919841e+01 5.262648678252602963e+01 6.229101249175128885e+01 5.698641975308641605e+01 6.079283844588907471e+01 8.135528120713306066e+01 9.487191358024689691e+01 7.967921810699586160e+01 5.193973239162776423e+01 2.180783867269020604e+01 7.279333046507493243e+00 7.279333046507493243e+00 7.279333046507493243e+00 7.279333046507493243e+00 7.279333046507493243e+00 7.279333046507493243e+00 7.279333046507493243e+00
7.279333046507493243e+00 7.279333046507493243e+00 7.279333046507493243e+00 7.279333046507493243e+00 7.279333046507493243e+00 7.279333046507493243e+00 7.279333046507493243e+00 1.812398289381316374e+01 2.564606696175901490e+01 3.640923691654276695e+01 3.640923691654276695e+01 5.608596912743818308e+01 8.135528120713306066e+01 8.105281207133060661e+01 6.909314782154288537e+01 3.293181266742368507e+01 1.646016765763812728e+01 7.279333046507493243e+00 7.279333046507493243e+00 7.279333046507493243e+00 7.279333046507493243e+00 7.279333046507493243e+00 7.279333046507493243e+00 7.279333046507493243e+00
7.279333046507493243e+00 7.279333046507493243e+00 7.279333046507493243e+00 7.279333046507493243e+00 7.279333046507493243e+00 7.279333046507493243e+00 7.279333046507493243e+00 7.279333046507493243e+00 7.279333046507493243e+00 1.779930743660186110e+01 4.213701735044165275e+01 6.006624150732373835e+01 8.162962962962961910e+01 7.260804755372654995e+01 4.643403392657284456e+01 2.180783867269020604e+01 7.279333046507493243e+00 7.279333046507493243e+00 7.279333046507493243e+00 7.279333046507493243e+00 7.279333046507493243e+00 7.279333046507493243e+00 7.279333046507493243e+00 7.279333046507493243e+00
7.279333046507493243e+00 7.279333046507493243e+00 7.279333046507493243e+00 7.279333046507493243e+00 7.279333046507493243e+00 7.279333046507493243e+00 7.279333046507493243e+00 7.279333046507493243e+00 7.279333046507493243e+00 2.358260046738265814e+01 5.109393031165355836e+01 7.504046639231823690e+01 8.105281207133060661e+01 5.583554859447617247e+01 2.690087764218525379e+01 1.529374206662981095e+01 7.279333046507493243e+00 7.279333046507493243e+00 7.279333046507493243e+00 7.279333046507493243e+00 7.279333046507493243e+00 7.279333046507493243e+00 7.279333046507493243e+00 7.279333046507493243e+00
7.279333046507493243e+00 7.279333046507493243e+00 7.279333046507493243e+00 7.279333046507493243e+00 7.279333046507493243e+00 7.279333046507493243e+00 7.279333046507493243e+00 7.279333046507493243e+00 1.537018926065542601e+01 3.907114278146590891e+01 6.737860082304526088e+01 8.162962962962961910e+01 6.543850022862369542e+01 3.293181266742368507e+01 1.646016765763812728e+01 7.279333046507493243e+00 7.279333046507493243e+00 7.279333046507493243e+00 7.279333046507493243e+00 7.279333046507493243e+00 7.279333046507493243e+00 7.279333046507493243e+00 7.279333046507493243e+00 7.279333046507493243e+00
7.279333046507493243e+00 7.279333046507493243e+00 7.279333046507493243e+00 7.279333046507493243e+00 7.279333046507493243e+00 7.279333046507493243e+00 7.279333046507493243e+00 1.476763291604230766e+01 2.713880197201199707e+01 6.006624150732373835e+01 8.162962962962961910e+01 7.260804755372654995e+01 3.845506678011106061e+01 1.671242865570548020e+01 7.279333046507493243e+00 7.279333046507493243e+00 7.279333046507493243e+00 1.806648320193076529e+01 1.482609580391727278e+01 1.482609580391727278e+01 7.279333046507493243e+00 7.279333046507493243e+00 7.279333046507493243e+00 7.279333046507493243e+00
7.279333046507493243e+00 7.279333046507493243e+00 7.279333046507493243e+00 7.279333046507493243e+00 7.279333046507493243e+00 7.279333046507493243e+00 7.279333046507493243e+00 2.358260046738265814e+01 5.337129471595616792e+01 7.504046639231823690e+01 7.260804755372654995e+01 5.583554859447617247e+01 2.180783867269020604e+01 7.279333046507493243e+00 7.279333046507493243e+00 7.279333046507493243e+00 1.621630985189982255e+01 2.115201565917789495e+01 2.935643607171385128e+01 2.371765473980896743e+01 1.701135014338716189e+01 1.482609580391727278e+01 7.279333046507493243e+00 7.279333046507493243e+00
7.279333046507493243e+00 7.279333046507493243e+00 7.279333046507493243e+00 7.279333046507493243e+00 7.279333046507493243e+00 7.279333046507493243e+00 1.537018926065542601e+01 3.907114278146590891e+01 7.573758573388204240e+01 8.162962962962961910e+01 5.830754825680459419e+01 3.345422434075372564e+01 1.646016765763812728e+01 7.279333046507493243e+00 7.279333046507493243e+00 7.279333046507493243e+00 1.812398289381316374e+01 3.111753339219974990e+01 4.963503674816156064e+01 4.265259028870138991e+01 1.990147091541635049e+01 1.701135014338716189e+01 7.279333046507493243e+00 7.279333046507493243e+00
7.279333046507493243e+00 7.279333046507493243e+00 7.279333046507493243e+00 7.279333046507493243e+00 7.279333046507493243e+00 1.476763291604230766e+01 2.274280449603832466e+01 5.109393031165355836e+01 8.162962962962961910e+01 6.909314782154288537e+01 3.628708064153994428e+01 1.646016765763812728e+01 7.279333046507493243e+00 7.279333046507493243e+00 7.279333046507493243e+00 7.279333046507493243e+00 1.621630985189982255e+01 2.944425699259104690e+01 5.038408779149520456e+01 3.934951308836674855e+01 3.934951308836674855e+01 1.900297187047310388e+01 7.279333046507493243e+00 7.279333046507493243e+00
7.279333046507493243e+00 7.279333046507493243e+00 7.279333046507493243e+00 7.279333046507493243e+00 7.279333046507493243e+00 1.621630985189982255e+01 2.618694552731947667e+01 5.165619570187470799e+01 6.260699588477367428e+01 4.608124808058472155e+01 2.180783867269020604e+01 7.279333046507493243e+00 7.279333046507493243e+00 7.279333046507493243e+00 7.279333046507493243e+00 7.279333046507493243e+00 1.549336933939985883e+01 2.539143083069208018e+01 2.564606696175901490e+01 3.070907901872586976e+01 2.140705804235683729e+01 1.646016765763812728e+01 7.279333046507493243e+00 7.279333046507493243e+00
7.279333046507493243e+00 7.279333046507493243e+00 7.279333046507493243e+00 7.279333046507493243e+00 7.279333046507493243e+00 1.621630985189982255e+01 2.611344504006964229e+01 5.038408779149520456e+01 4.342955571672371917e+01 2.690087764218525379e+01 1.646016765763812728e+01 7.279333046507493243e+00 7.279333046507493243e+00 7.279333046507493243e+00 7.279333046507493243e+00 7.279333046507493243e+00 7.279333046507493243e+00 7.279333046507493243e+00 7.279333046507493243e+00 1.662287146269396132e+01 1.646016765763812728e+01 7.279333046507493243e+00 7.279333046507493243e+00 7.279333046507493243e+00
