7.426251381504084037e+00 7.426251381504084037e+00 7.426251381504084037e+00 7.426251381504084037e+00 7.426251381504084037e+00 7.426251381504084037e+00 7.426251381504084037e+00 7.426251381504084037e+00 7.426251381504084037e+00 7.426251381504084037e+00 7.426251381504084037e+00 7.426251381504084037e+00 7.426251381504084037e+00 7.426251381504084037e+00 7.426251381504084037e+00 7.426251381504084037e+00 7.426251381504084037e+00 7.426251381504084037e+00 7.426251381504084037e+00 1.536644408465288159e+01 1.620064095406635474e+01 1.542564031743381037e+01 7.426251381504084037e+00 7.426251381504084037e+00
7.426251381504084037e+00 7.426251381504084037e+00 7.426251381504084037e+00 7.426251381504084037e+00 7.426251381504084037e+00 7.426251381504084037e+00 7.426251381504084037e+00 7.426251381504084037e+00 7.426251381504084037e+00 7.426251381504084037e+00 7.426251381504084037e+00 7.426251381504084037e+00 7.426251381504084037e+00 7.426251381504084037e+00 7.426251381504084037e+00 7.426251381504084037e+00 7.426251381504084037e+00 7.426251381504084037e+00 2.237801418182261415e+01 3.195030390095496386e+01 3.212857292811559518e+01 2.446977533690731121e+01 1.753732852000297626e+01 7.426251381504084037e+00
7.426251381504084037e+00 7.426251381504084037e+00 7.426251381504084037e+00 7.426251381504084037e+00 7.426251381504084037e+00 7.426251381504084037e+00 7.426251381504084037e+00 7.426251381504084037e+00 7.426251381504084037e+00 7.426251381504084037e+00 7.426251381504084037e+00 7.426251381504084037e+00 7.426251381504084037e+00 7.426251381504084037e+00 7.426251381504084037e+00 7.426251381504084037e+00 7.426251381504084037e+00 1.725902660996344196e+01 4.023819126811319080e+01 6.673230793085501489e+01 5.964434504284208316e+01 3.702688252160496063e+01 2.102480048375337418e+01 7.426251381504084037e+00
7.426251381504084037e+00 7.426251381504084037e+00 7.426251381504084037e+00 7.426251381504084037e+00 7.426251381504084037e+00 7.426251381504084037e+00 7.426251381504084037e+00 7.426251381504084037e+00 1.542564031743381037e+01 1.542564031743381037e+01 1.860749699067328322e+01 1.620064095406635474e+01 7.426251381504084037e+00 7.426251381504084037e+00 7.426251381504084037e+00 7.426251381504084037e+00 1.536644408465288159e+01 3.052755407946058597e+01 6.601200274348421715e+01 8.729972565157750353e+01 8.097668038408778557e+01 4.190648706127593925e+01 1.767941076972543613e+01 7.426251381504084037e+00
7.426251381504084037e+00 7.426251381504084037e+00 7.426251381504084037e+00 7.426251381504084037e+00 7.426251381504084037e+00 7.426251381504084037e+00 7.426251381504084037e+00 7.426251381504084037e+00 2.099427377928225980e+01 3.195030390095496386e+01 3.303597284249860166e+01 2.102480048375337418e+01 1.753732852000297626e+01 7.426251381504084037e+00 7.426251381504084037e+00 7.426251381504084037e+00 2.099427377928225980e+01 5.321882128523468225e+01 9.201490626428898167e+01 9.524502743484224254e+01 7.407315957933241179e+01 3.535404019171138401e+01 1.676015217898211063e+01 7.426251381504084037e+00
7.426251381504084037e+00 7.426251381504084037e+00 7.426251381504084037e+00 7.426251381504084037e+00 7.426251381504084037e+00 7.426251381504084037e+00 7.426251381504084037e+00 1.865943671806297033e+01 4.023819126811319080e+01 6.673230793085501489e+01 6.533058984910836386e+01 4.157768823068507658e+01 1.767941076972543613e+01 7.426251381504084037e+00 7.426251381504084037e+00 1.616804231605852848e+01 3.603111914687237061e+01 7.620615324319027195e+01 9.672222222222222854e+01 9.066488340192043438e+01 5.534601522068988544e+01 2.266610193403023743e+01 7.426251381504084037e+00 7.426251381504084037e+00
7.426251381504084037e+00 7.426251381504084037e+00 7.426251381504084037e+00 7.426251381504084037e+00 7.426251381504084037e+00 7.426251381504084037e+00 1.536644408465288159e+01 3.495855997300495233e+01 6.765614997713763046e+01 8.729972565157750353e+01 8.097668038408778557e+01 4.246824381762698408e+01 1.767941076972543613e+01 7.426251381504084037e+00 7.426251381504084037e+00 2.099427377928225980e+01 5.366911290508929966e+01 9.201490626428898167e+01 9.782304526748970375e+01 6.908454361884312789e+01 3.560756949547240424e+01 1.676015217898211063e+01 7.426251381504084037e+00 7.426251381504084037e+00
7.426251381504084037e+00 7.426251381504084037e+00 7.426251381504084037e+00 7.426251381504084037e+00 7.426251381504084037e+00 1.536644408465288159e+01 2.757451486769324944e+01 5.488897166039448194e+01 8.910562414266117059e+01 1.030144032921810577e+02 7.407315957933241179e+01 3.777362286470579278e+01 1.992631647759299085e+01 7.426251381504084037e+00 1.725902660996344196e+01 3.495855997300495233e+01 7.397256515775033847e+01 9.309876543209877298e+01 8.985819615912208747e+01 5.192506887587781961e+01 2.266610193403023743e+01 7.426251381504084037e+00 7.426251381504084037e+00 7.426251381504084037e+00
7.426251381504084037e+00 7.426251381504084037e+00 7.426251381504084037e+00 7.426251381504084037e+00 7.426251381504084037e+00 2.099427377928225980e+01 5.017521227182123766e+01 8.606172839506172068e+01 1.018155006858710436e+02 9.246742112482851894e+01 5.956105451954832830e+01 2.527558463340416139e+01 7.426251381504084037e+00 7.426251381504084037e+00 2.628542722377049401e+01 5.321882128523468225e+01 8.791015089163236951e+01 9.782304526748970375e+01 6.908454361884312789e+01 3.560756949547240424e+01 1.676015217898211063e+01 7.426251381504084037e+00 7.426251381504084037e+00 7.426251381504084037e+00
7.426251381504084037e+00 7.426251381504084037e+00 7.426251381504084037e+00 7.426251381504084037e+00 1.725902660996344196e+01 4.149734807366593969e+01 8.046398297632865138e+01 9.309876543209877298e+01 9.246742112482851894e+01 5.956105451954832830e+01 3.152162423155168369e+01 1.676015217898211063e+01 7.426251381504084037e+00 1.725902660996344196e+01 4.037343005158501796e+01 7.397256515775033847e+01 9.284773662551441475e+01 8.531618655692729192e+01 5.534601522068988544e+01 2.266610193403023743e+01 7.426251381504084037e+00 7.426251381504084037e+00 7.426251381504084037e+00 7.426251381504084037e+00
7.426251381504084037e+00 7.426251381504084037e+00 7.426251381504084037e+00 1.616804231605852848e+01 3.052755407946058597e+01 6.601200274348421715e+01 8.729972565157750353e+01 9.456790123456788422e+01 6.794473602247801125e+01 3.821542117354929502e+01 1.676015217898211063e+01 7.426251381504084037e+00 7.426251381504084037e+00 2.297699181176892935e+01 6.069929123156392592e+01 9.201490626428898167e+01 9.782304526748970375e+01 6.908454361884312789e+01 3.535404019171138401e+01 1.676015217898211063e+01 7.426251381504084037e+00 7.426251381504084037e+00 7.426251381504084037e+00 7.426251381504084037e+00
7.426251381504084037e+00 7.426251381504084037e+00 7.426251381504084037e+00 1.725902660996344196e+01 4.618880315574367046e+01 8.809465020576129746e+01 1.125466392318244147e+02 1.010514403292181100e+02 6.468689986282578275e+01 3.004060820335756077e+01 2.372379033959119354e+01 1.942538671651505311e+01 2.452735951941813752e+01 5.217522825888498517e+01 8.046398297632865138e+01 1.101539516724701855e+02 1.010514403292181100e+02 6.605967078189300423e+01 2.812359192262097451e+01 7.426251381504084037e+00 7.426251381504084037e+00 7.426251381504084037e+00 7.426251381504084037e+00 7.426251381504084037e+00
7.426251381504084037e+00 7.426251381504084037e+00 7.426251381504084037e+00 2.909992120427229523e+01 6.132627583806844029e+01 1.065068587105624118e+02 1.217772804775573974e+02 1.129259259259259238e+02 7.158197217323143491e+01 5.901853995765583960e+01 5.901853995765583960e+01 5.417023366445015142e+01 6.469821673525376582e+01 8.203251028806582212e+01 1.106755342482922799e+02 1.282696720289312964e+02 1.039239907897315192e+02 6.272456561499771510e+01 2.724869002377934279e+01 7.426251381504084037e+00 7.426251381504084037e+00 7.426251381504084037e+00 7.426251381504084037e+00 7.426251381504084037e+00
7.426251381504084037e+00 7.426251381504084037e+00 1.570523678367409026e+01 3.234882794983647614e+01 7.604170096021947245e+01 1.237266392318244215e+02 1.387742408117099160e+02 1.201568513619439642e+02 1.131816238324384614e+02 1.079341904545232182e+02 1.079341904545232182e+02 1.079341904545232182e+02 1.131816238324384614e+02 1.199465273265467999e+02 1.287520537096488908e+02 1.207021394302744000e+02 1.019765824025083134e+02 6.470910986520736685e+01 2.618662095429978010e+01 7.426251381504084037e+00 7.426251381504084037e+00 7.426251381504084037e+00 7.426251381504084037e+00 7.426251381504084037e+00
7.426251381504084037e+00 7.426251381504084037e+00 1.570523678367409026e+01 2.847176946833245381e+01 6.919890260631001411e+01 1.014372427983539069e+02 1.260191128901827398e+02 1.389767750151711994e+02 1.202602880658436248e+02 1.242848651120255994e+02 1.242848651120255994e+02 1.294188379808747698e+02 1.294188379808747698e+02 1.400300895054696184e+02 1.281556813988098043e+02 1.025100137174211312e+02 6.994293552812069947e+01 4.608124808058472155e+01 2.209229417599317813e+01 7.426251381504084037e+00 7.426251381504084037e+00 7.426251381504084037e+00 7.426251381504084037e+00 7.426251381504084037e+00
7.426251381504084037e+00 7.426251381504084037e+00 7.426251381504084037e+00 2.540599705928844543e+01 4.507822654535900142e+01 8.119890260631001411e+01 9.301112510847958958e+01 1.134736491801009208e+02 1.134736491801009208e+02 1.134736491801009208e+02 1.134736491801009208e+02 1.230875028729750937e+02 1.398126886145404342e+02 1.274603686590123033e+02 1.017129401005944231e+02 6.994293552812069947e+01 4.288383783853080899e+01 2.398021065759323989e+01 1.676015217898211063e+01 7.426251381504084037e+00 7.426251381504084037e+00 7.426251381504084037e+00 7.426251381504084037e+00 7.426251381504084037e+00
7.426251381504084037e+00 7.426251381504084037e+00 7.426251381504084037e+00 1.808348637107370749e+01 2.440210239994764763e+01 4.197959719048100879e+01 4.824027868754518522e+01 5.620876547976547499e+01 5.620876547976547499e+01 5.977374578527690119e+01 6.979329859483252108e+01 9.692218792866941612e+01 1.142994787379972621e+02 1.073646126633455964e+02 8.139835390946501548e+01 3.821542117354929502e+01 1.925639360740902006e+01 7.426251381504084037e+00 7.426251381504084037e+00 7.426251381504084037e+00 7.426251381504084037e+00 7.426251381504084037e+00 7.426251381504084037e+00 7.426251381504084037e+00
7.426251381504084037e+00 7.426251381504084037e+00 7.426251381504084037e+00 7.426251381504084037e+00 1.548842048535814442e+01 1.756306565631185990e+01 1.756306565631185990e+01 2.344262535794354463e+01 2.344262535794354463e+01 3.109786994746944444e+01 5.757852815821794934e+01 8.390765595583857817e+01 1.126965020576131593e+02 9.066488340192043438e+01 5.192506887587781961e+01 2.117528999346950513e+01 7.426251381504084037e+00 7.426251381504084037e+00 7.426251381504084037e+00 7.426251381504084037e+00 7.426251381504084037e+00 7.426251381504084037e+00 7.426251381504084037e+00 7.426251381504084037e+00
7.426251381504084037e+00 7.426251381504084037e+00 7.426251381504084037e+00 7.426251381504084037e+00 7.426251381504084037e+00 7.426251381504084037e+00 7.426251381504084037e+00 7.426251381504084037e+00 1.570523678367409026e+01 2.979832274725451668e+01 6.888271604938270798e+01 1.044135802469135825e+02 1.084021947873799689e+02 6.908454361884312789e+01 3.560756949547240424e+01 1.676015217898211063e+01 7.426251381504084037e+00 7.426251381504084037e+00 7.426251381504084037e+00 7.426251381504084037e+00 7.426251381504084037e+00 7.426251381504084037e+00 7.426251381504084037e+00 7.426251381504084037e+00
7.426251381504084037e+00 7.426251381504084037e+00 7.426251381504084037e+00 7.426251381504084037e+00 7.426251381504084037e+00 7.426251381504084037e+00 7.426251381504084037e+00 7.426251381504084037e+00 1.751255976566988792e+01 4.037343005158501796e+01 8.056310013717421725e+01 1.029622770919067136e+02 9.066488340192043438e+01 4.916966488401205027e+01 2.117528999346950513e+01 7.426251381504084037e+00 7.426251381504084037e+00 7.426251381504084037e+00 7.426251381504084037e+00 7.426251381504084037e+00 7.426251381504084037e+00 7.426251381504084037e+00 7.426251381504084037e+00 7.426251381504084037e+00
7.426251381504084037e+00 7.426251381504084037e+00 7.426251381504084037e+00 7.426251381504084037e+00 7.426251381504084037e+00 7.426251381504084037e+00 7.426251381504084037e+00 7.426251381504084037e+00 1.822137877446506238e+01 4.604842237627698864e+01 8.721980795610426185e+01 9.596159122085049376e+01 7.099933470507545508e+01 3.293181266742368507e+01 1.676015217898211063e+01 7.426251381504084037e+00 7.426251381504084037e+00 7.426251381504084037e+00 7.426251381504084037e+00 7.426251381504084037e+00 7.426251381504084037e+00 7.426251381504084037e+00 7.426251381504084037e+00 7.426251381504084037e+00
7.426251381504084037e+00 7.426251381504084037e+00 7.426251381504084037e+00 7.426251381504084037e+00 7.426251381504084037e+00 7.426251381504084037e+00 7.426251381504084037e+00 7.426251381504084037e+00 1.806356576579594275e+01 3.778307003521245377e+01 5.614128943758572632e+01 6.203437437936752730e+01 4.643403392657284456e+01 1.750247246159151260e+01 7.426251381504084037e+00 7.426251381504084037e+00 7.426251381504084037e+00 7.426251381504084037e+00 7.426251381504084037e+00 7.426251381504084037e+00 7.426251381504084037e+00 7.426251381504084037e+00 7.426251381504084037e+00 7.426251381504084037e+00
7.426251381504084037e+00 7.426251381504084037e+00 7.426251381504084037e+00 7.426251381504084037e+00 7.426251381504084037e+00 7.426251381504084037e+00 7.426251381504084037e+00 7.426251381504084037e+00 1.735289479435479620e+01 1.808348637107370749e+01 3.190663671661160095e+01 3.026537339717443231e+01 2.074184273730458727e+01 7.426251381504084037e+00 7.426251381504084037e+00 7.426251381504084037e+00 7.426251381504084037e+00 7.426251381504084037e+00 7.426251381504084037e+00 7.426251381504084037e+00 7.426251381504084037e+00 7.426251381504084037e+00 7.426251381504084037e+00 7.426251381504084037e+00
7.426251381504084037e+00 7.426251381504084037e+00 7.426251381504084037e+00 7.426251381504084037e+00 7.426251381504084037e+00 7.426251381504084037e+00 7.426251381504084037e+00 7.426251381504084037e+00 7.426251381504084037e+00 1.548842048535814442e+01 1.756306565631185990e+01 1.676015217898211063e+01 7.426251381504084037e+00 7.426251381504084037e+00 7.426251381504084037e+00 7.426251381504084037e+00 7.426251381504084037e+00 7.426251381504084037e+00 7.426251381504084037e+00 7.426251381504084037e+00 7.426251381504084037e+00 7.426251381504084037e+00 7.426251381504084037e+00 7.426251381504084037e+00
