1.666666666666666644e-02 1.666666666666666644e-02 1.666666666666666644e-02 1.666666666666666644e-02 1.666666666666666644e-02 3.333333333333333148e-01 1.036728395061728314e+00 1.094603174603174578e+00 1.413728967062300335e+00 2.710802469135801918e+00 2.683544973544973455e+00 2.494190476190476069e+00 1.461111111111111027e+00 2.233796296296295947e-01 1.036728395061728314e+00 1.334705075445816291e+00 2.240123456790123591e+00 1.829611111111110855e+00 2.210322598019629936e+00 1.466666666666666341e+00 1.316983402813226567e+00 2.233796296296295947e-01 1.666666666666666644e-02 1.666666666666666644e-02
1.666666666666666644e-02 1.666666666666666644e-02 1.666666666666666644e-02 1.666666666666666644e-02 1.666666666666666644e-02 3.174603174603174982e-01 3.333333333333333148e-01 1.766049382716049054e+00 1.347441860465116381e+00 1.345238095238095344e+00 1.926574074074073994e+00 2.152160493827160348e+00 1.399845679012345689e+00 1.334705075445816291e+00 1.334705075445816291e+00 2.167777777777777803e+00 2.385538720538720625e+00 1.926574074074073994e+00 2.258842175508842143e+00 2.006327160493827311e+00 1.319135802469135754e+00 2.233796296296295947e-01 2.233796296296295947e-01 1.666666666666666644e-02
1.666666666666666644e-02 1.666666666666666644e-02 1.666666666666666644e-02 1.666666666666666644e-02 1.666666666666666644e-02 1.215740740740740788e+00 1.334705075445816291e+00 8.916666666666664964e-01 1.796634332745443929e+00 1.260817901234567984e+01 6.724333333333332519e+01 6.786018518518518761e+01 6.754765079365077440e+01 5.360240740740739795e+01 1.926574074074073994e+00 2.364010614470736904e+00 2.258842175508842143e+00 1.926574074074073994e+00 2.167777777777777803e+00 1.926574074074073994e+00 1.367592592592592471e+00 1.678162962962962634e+00 2.233796296296295947e-01 1.666666666666666644e-02
1.666666666666666644e-02 1.666666666666666644e-02 1.666666666666666644e-02 1.666666666666666644e-02 1.666666666666666644e-02 5.355555555555555625e-01 9.557870370370369351e-01 1.682414141414141362e+00 8.916666666666664964e-01 1.104680555555555515e+02 1.324158024691357980e+02 1.645389991181657763e+02 1.646679111111110956e+02 1.582504629629629278e+02 1.645389991181657763e+02 1.926574074074073994e+00 2.028246913580246780e+00 2.710802469135801918e+00 2.329851851851851841e+00 2.710802469135801918e+00 1.912082602858722113e+00 1.094603174603174578e+00 4.527777777777777790e-01 1.666666666666666644e-02
1.666666666666666644e-02 1.666666666666666644e-02 1.666666666666666644e-02 1.666666666666666644e-02 1.666666666666666644e-02 3.333333333333333148e-01 1.478024691358024434e+01 8.573487654320986806e+00 1.021799999999999784e+02 1.578115740740740591e+02 1.638772486772486729e+02 1.670104166666666572e+02 1.665574999999999761e+02 1.638772486772486729e+02 1.467947751322751060e+02 1.111894444444444332e+02 1.926574074074073994e+00 2.364010614470736904e+00 1.926574074074073994e+00 1.319135802469135754e+00 1.273749055177626488e+00 9.522222222222221921e-01 5.708333333333333037e-01 1.666666666666666644e-02
1.666666666666666644e-02 2.233796296296295947e-01 5.124999999999999556e-01 3.174603174603174982e-01 1.036728395061728314e+00 1.036728395061728314e+00 7.975308641975307200e-01 8.462543209876541539e+01 1.642177777777777692e+02 1.073468148148147918e+02 8.438819444444443718e+01 8.438819444444443718e+01 6.717396604938271309e+01 8.378055555555555145e+01 1.525500000000000114e+02 1.434819444444444230e+02 6.511226851851851904e+01 1.926574074074073994e+00 2.240123456790123591e+00 1.215740740740740788e+00 9.222222222222222765e-01 1.265661375661375709e+00 2.103703703703704020e-01 1.666666666666666644e-02
1.036728395061728314e+00 2.233796296296295947e-01 2.233796296296295947e-01 1.327083333333333393e+00 9.682539682539681447e-01 7.975308641975307200e-01 8.916666666666664964e-01 1.641434567901234516e+02 1.667101783337248548e+02 2.364010614470736904e+00 1.319135802469135754e+00 1.319135802469135754e+00 1.647916666666666474e+00 1.316983402813226567e+00 4.209444444444444144e+01 7.981848148148148425e+01 1.487416666666666742e+02 1.666627314814814440e+02 1.926574074074073994e+00 1.367592592592592471e+00 1.204320987654320829e+00 1.357407407407407396e+00 5.708333333333333037e-01 1.666666666666666644e-02
9.282407407407405886e-01 2.233796296296295947e-01 3.180555555555555358e-01 1.036728395061728314e+00 1.215740740740740788e+00 1.199074074074074181e+00 8.319453703703702274e+01 1.648150305137844214e+02 1.345476851851851734e+02 6.717732538699081601e+01 1.215740740740740788e+00 1.586222222222221978e+00 1.337731481481481355e+00 1.467777777777777848e+00 2.342361111111110894e+00 4.209444444444444144e+01 1.472003968253968083e+02 1.658153803399442836e+02 1.667101783337248548e+02 1.926574074074073994e+00 1.258052910052909867e+00 2.233796296296295947e-01 2.233796296296295947e-01 1.666666666666666644e-02
1.334705075445816291e+00 1.002160493827160437e+00 5.708333333333333037e-01 6.978395061728394078e-01 1.258052910052909867e+00 1.501657848324514877e+00 5.148648148148147641e+01 1.654347222222222342e+02 9.026851851851851904e+01 5.449444444444444713e+01 1.926574074074073994e+00 1.215740740740740788e+00 1.334705075445816291e+00 1.502623456790123324e+00 1.843750000000000000e+00 1.122691358024691333e+00 4.209444444444444144e+01 1.242448717948717700e+02 1.408096296296295975e+02 1.926574074074073994e+00 1.926574074074073994e+00 1.588888888888889239e+00 2.233796296296295947e-01 1.666666666666666644e-02
1.388555555555555543e+00 1.122691358024691333e+00 1.036728395061728314e+00 1.926574074074073994e+00 1.567180776014109211e+00 1.467777777777777848e+00 1.007038756613756618e+02 1.231874999999999858e+02 1.319814814814814419e+01 1.148888888888888848e+00 9.249382716049382447e-01 8.022222222222221699e-01 2.305555555555555414e-01 1.319135802469135754e+00 8.635416666666667629e-01 1.343333333333333268e+00 5.124999999999999556e-01 5.592283950617283494e+01 1.656681481481481342e+02 1.598765624999999773e+02 4.339722222222222570e+01 1.333333333333333259e+00 1.413728967062300335e+00 1.666666666666666644e-02
9.249382716049382447e-01 9.531893004115224999e-01 1.215740740740740788e+00 1.036728395061728314e+00 1.044814814814814863e+00 4.265041666666666487e+01 1.660214947089947088e+02 1.667101783337248548e+02 1.215740740740740788e+00 1.412499999999999867e+00 1.413728967062300335e+00 8.022222222222221699e-01 5.124999999999999556e-01 8.022222222222221699e-01 5.124999999999999556e-01 5.708333333333333037e-01 8.046296296296295836e-01 5.148648148148147641e+01 1.242448717948717700e+02 1.416694444444444514e+02 1.926574074074073994e+00 1.333333333333333259e+00 1.413728967062300335e+00 1.666666666666666644e-02
9.282407407407405886e-01 7.694444444444444864e-01 5.124999999999999556e-01 9.175308641975309376e-01 1.588888888888889239e+00 5.592283950617283494e+01 1.654347222222222342e+02 1.403844444444444264e+02 2.364010614470736904e+00 2.258842175508842143e+00 1.474603174603174249e+00 4.527777777777777790e-01 4.527777777777777790e-01 2.166666666666667018e-01 3.180555555555555358e-01 5.708333333333333037e-01 8.916666666666664964e-01 1.841512345679012119e+00 5.592283950617283494e+01 1.196152777777777771e+02 1.926574074074073994e+00 8.458333333333335480e-01 2.103703703703704020e-01 1.666666666666666644e-02
1.077333333333333254e+00 7.999999999999999334e-01 4.866666666666666918e-01 3.180555555555555358e-01 5.124999999999999556e-01 4.265041666666666487e+01 1.654347222222222342e+02 9.026851851851851904e+01 1.926574074074073994e+00 2.810462962962962941e+00 2.364010614470736904e+00 1.347441860465116381e+00 1.002160493827160437e+00 2.233796296296295947e-01 3.174603174603174982e-01 3.333333333333333148e-01 1.726851851851851860e+00 1.647916666666666474e+00 1.824884259259259167e+01 8.890611111111113019e+01 1.215740740740740788e+00 8.458333333333335480e-01 3.180555555555555358e-01 1.666666666666666644e-02
1.596481481481481612e+00 8.916666666666664964e-01 3.174603174603174982e-01 1.215740740740740788e+00 3.333333333333333148e-01 5.592283950617283494e+01 1.196152777777777771e+02 1.518744047619047421e+02 1.367592592592592471e+00 2.772144267986027977e+00 2.710802469135801918e+00 2.116666666666666696e+00 1.360740740740740806e+00 6.043650793650794384e-01 8.563271604938270665e-01 1.926574074074073994e+00 9.635802469135802406e-01 1.772447089947089882e+00 4.265041666666666487e+01 1.231874999999999858e+02 1.215740740740740788e+00 9.078333333333333144e+00 3.180555555555555358e-01 1.666666666666666644e-02
4.527777777777777790e-01 4.866666666666666918e-01 2.233796296296295947e-01 9.233796296296297168e-01 3.333333333333333148e-01 5.592283950617283494e+01 1.639962654320987383e+02 1.155824074074074019e+02 2.364010614470736904e+00 1.361805555555555491e+00 1.388555555555555543e+00 1.122691358024691333e+00 4.644444444444443820e-01 4.866666666666666918e-01 1.319135802469135754e+00 1.206569664902998218e+00 1.283456790123456814e+00 5.916759259259258386e+01 1.324158024691357980e+02 1.231874999999999858e+02 1.215740740740740788e+00 9.078333333333333144e+00 1.666666666666666644e-02 1.666666666666666644e-02
3.180555555555555358e-01 2.305555555555555414e-01 5.355555555555555625e-01 8.563271604938270665e-01 7.975308641975307200e-01 8.319453703703702274e+01 1.639962654320987383e+02 1.663881944444444230e+02 8.164282828282827609e+01 1.826565889891252459e+00 6.977777777777777191e-01 3.180555555555555358e-01 1.215740740740740788e+00 8.563271604938270665e-01 9.932098765432098020e-01 8.916666666666664964e-01 4.164526455026454954e+01 1.116025462962962820e+02 1.337590277777777885e+02 9.703459259259258829e+01 1.243055555555555358e+00 4.527777777777777790e-01 1.666666666666666644e-02 1.666666666666666644e-02
2.233796296296295947e-01 4.527777777777777790e-01 2.166666666666667018e-01 4.866666666666666918e-01 7.908950617283950768e-01 5.592283950617283494e+01 1.661877903091061057e+02 1.668590277777777544e+02 4.351527777777777573e+01 1.785422222222222022e+00 9.329365079365078417e-01 5.708333333333333037e-01 1.036728395061728314e+00 1.319135802469135754e+00 1.454130291005291120e+00 8.916666666666664964e-01 1.021799999999999784e+02 1.347114748677248599e+02 9.700291666666666401e+01 5.284830246913580964e+01 1.367592592592592471e+00 6.977777777777777191e-01 1.666666666666666644e-02 1.666666666666666644e-02
2.233796296296295947e-01 2.233796296296295947e-01 1.666666666666666644e-02 1.666666666666666644e-02 2.305555555555555414e-01 4.209444444444444144e+01 1.370486111111111143e+02 1.459972222222222058e+02 1.926574074074073994e+00 2.364010614470736904e+00 1.461111111111111027e+00 1.036728395061728314e+00 7.975308641975307200e-01 8.916666666666664964e-01 4.973564814814815094e+01 1.665316875146816926e+02 1.642177777777777692e+02 1.222588888888888903e+02 2.364010614470736904e+00 3.169615730357818251e+01 1.250846560846560651e+00 2.233796296296295947e-01 1.666666666666666644e-02 1.666666666666666644e-02
1.360740740740740806e+00 7.999999999999999334e-01 3.180555555555555358e-01 3.174603174603174982e-01 8.563271604938270665e-01 1.002160493827160437e+00 5.592283950617283494e+01 1.656681481481481342e+02 1.570562499999999773e+02 1.926574074074073994e+00 2.136888888888888616e+01 1.224691358024691201e+00 2.526464646464646080e+01 5.688366666666665594e+01 1.670534722222221831e+02 1.671354629629629471e+02 1.638772486772486729e+02 8.747277777777776464e+01 1.926574074074073994e+00 1.843750000000000000e+00 1.596481481481481612e+00 4.527777777777777790e-01 1.666666666666666644e-02 1.666666666666666644e-02
7.694444444444444864e-01 1.265661375661375709e+00 3.180555555555555358e-01 1.319135802469135754e+00 1.502623456790123324e+00 1.647916666666666474e+00 4.209444444444444144e+01 1.471788888888888778e+02 1.674256018518518090e+02 1.672672222222222160e+02 8.489527777777777828e+01 6.754765079365077440e+01 1.007890211640211646e+02 1.213288888888888835e+02 1.430461111111110881e+02 1.011344444444444406e+02 8.438819444444443718e+01 1.291264928193499362e+00 1.428240740740740700e+00 1.294444444444444509e+00 1.599851851851851636e+00 5.708333333333333037e-01 1.666666666666666644e-02 1.666666666666666644e-02
9.522222222222221921e-01 4.527777777777777790e-01 3.180555555555555358e-01 1.334705075445816291e+00 8.916666666666664964e-01 6.250000000000000000e-01 3.180555555555555358e-01 4.209444444444444144e+01 1.242448717948717700e+02 1.665574999999999761e+02 1.665574999999999761e+02 1.159054526748971057e+02 1.147091666666666754e+02 1.289041666666666401e+02 7.627407407407407902e+01 1.716546406964733595e+00 1.294444444444444509e+00 1.215740740740740788e+00 1.077333333333333254e+00 1.306142108919886580e+00 2.103703703703704020e-01 2.103703703703704020e-01 1.666666666666666644e-02 1.666666666666666644e-02
2.103703703703704020e-01 2.103703703703704020e-01 2.166666666666667018e-01 2.166666666666667018e-01 3.180555555555555358e-01 1.666666666666666644e-02 2.166666666666667018e-01 2.166666666666667018e-01 8.635416666666667629e-01 8.457333333333333769e+01 8.378055555555555145e+01 4.641898148148146674e+01 4.313308080808081257e+01 1.509920634920634885e+00 2.103703703703704020e-01 2.103703703703704020e-01 2.166666666666667018e-01 2.166666666666667018e-01 2.103703703703704020e-01 2.103703703703704020e-01 1.666666666666666644e-02 1.666666666666666644e-02 1.666666666666666644e-02 1.666666666666666644e-02
1.666666666666666644e-02 1.666666666666666644e-02 1.666666666666666644e-02 1.666666666666666644e-02 1.666666666666666644e-02 1.666666666666666644e-02 1.666666666666666644e-02 1.666666666666666644e-02 1.666666666666666644e-02 1.666666666666666644e-02 1.666666666666666644e-02 1.666666666666666644e-02 1.666666666666666644e-02 1.666666666666666644e-02 1.666666666666666644e-02 1.666666666666666644e-02 1.666666666666666644e-02 1.666666666666666644e-02 1.666666666666666644e-02 1.666666666666666644e-02 1.666666666666666644e-02 1.666666666666666644e-02 1.666666666666666644e-02 1.666666666666666644e-02
1.666666666666666644e-02 1.666666666666666644e-02 1.666666666666666644e-02 1.666666666666666644e-02 1.666666666666666644e-02 1.666666666666666644e-02 1.666666666666666644e-02 1.666666666666666644e-02 1.666666666666666644e-02 1.666666666666666644e-02 1.666666666666666644e-02 1.666666666666666644e-02 1.666666666666666644e-02 1.666666666666666644e-02 1.666666666666666644e-02 1.666666666666666644e-02 1.666666666666666644e-02 1.666666666666666644e-02 1.666666666666666644e-02 1.666666666666666644e-02 1.666666666666666644e-02 1.666666666666666644e-02 1.666666666666666644e-02 1.666666666666666644e-02
