2.305555555555555414e-01 2.305555555555555414e-01 2.305555555555555414e-01 2.305555555555555414e-01 2.305555555555555414e-01 2.305555555555555414e-01 2.364010614470736904e+00 6.242798353909463360e-01 1.345238095238095344e+00 2.233796296296295947e-01 2.364010614470736904e+00 4.014550264550264536e-01 2.233796296296295947e-01 2.233796296296295947e-01 1.071604938271604857e+00 3.962962962962963132e-01 7.944444444444445086e-01 3.333333333333333148e-01 1.044444444444444509e+00 2.449869809203142346e+00 8.541152263374484077e-01 3.962962962962963132e-01 2.305555555555555414e-01 2.305555555555555414e-01
2.305555555555555414e-01 2.305555555555555414e-01 2.305555555555555414e-01 2.305555555555555414e-01 2.305555555555555414e-01 2.305555555555555414e-01 3.333333333333333148e-01 8.911111111111111871e-01 1.719929453262786456e+00 2.488888888888888484e+00 1.950185185185185244e+00 1.719929453262786456e+00 2.233796296296295947e-01 2.233796296296295947e-01 1.215740740740740788e+00 7.908950617283950768e-01 6.043650793650794384e-01 3.333333333333333148e-01 8.635416666666667629e-01 1.259569771791994031e+00 1.135444444444444256e+00 3.962962962962963132e-01 2.233796296296295947e-01 2.305555555555555414e-01
2.305555555555555414e-01 2.305555555555555414e-01 2.305555555555555414e-01 2.305555555555555414e-01 2.305555555555555414e-01 2.233796296296295947e-01 3.333333333333333148e-01 2.586094104308389596e+00 2.384722222222221966e+00 3.347376033057851252e+00 1.839720332577475359e+00 1.604526748971193406e+00 1.950185185185185244e+00 1.306142108919886580e+00 6.252116402116402405e+00 7.731481481481482509e-01 7.759259259259259078e-01 7.759259259259259078e-01 1.044814814814814863e+00 1.196697530864197612e+00 1.044814814814814863e+00 1.164722222222222214e+00 2.233796296296295947e-01 2.233796296296295947e-01
2.305555555555555414e-01 2.305555555555555414e-01 2.305555555555555414e-01 2.305555555555555414e-01 2.305555555555555414e-01 2.233796296296295947e-01 2.305555555555555414e-01 4.976851851851851194e-01 1.937435012652403810e+00 1.287089740925463843e+01 6.107240935672514581e+01 6.754765079365077440e+01 8.471985386747290647e+01 8.333472222222222570e+01 6.754765079365077440e+01 8.337160493827160224e+01 8.497153439153439081e+01 9.739768518518519613e+01 8.359050925925924957e+01 6.754765079365077440e+01 3.390592592592592780e+01 8.879629629629629539e-01 2.233796296296295947e-01 2.233796296296295947e-01
2.305555555555555414e-01 2.305555555555555414e-01 2.305555555555555414e-01 2.305555555555555414e-01 2.305555555555555414e-01 2.233796296296295947e-01 3.333333333333333148e-01 8.474074074074072760e-01 1.058981481481481524e+00 3.381444444444444031e+01 1.668837962962962820e+02 1.670376485788113428e+02 1.673590277777777828e+02 1.673590277777777828e+02 1.660203325774754433e+02 1.342298518518518335e+02 9.304429012345678984e+01 1.668837962962962820e+02 1.663388888888888744e+02 1.660203325774754433e+02 4.351527777777777573e+01 1.438000000000000078e+01 2.233796296296295947e-01 2.233796296296295947e-01
2.305555555555555414e-01 2.305555555555555414e-01 2.305555555555555414e-01 2.305555555555555414e-01 2.305555555555555414e-01 2.305555555555555414e-01 3.333333333333333148e-01 3.333333333333333148e-01 1.345238095238095344e+00 5.068925925925925213e+01 1.669444444444444287e+02 1.669444444444444287e+02 1.669444444444444287e+02 1.670104166666666572e+02 1.169428571428571360e+02 9.282777777777778283e+01 8.378055555555555145e+01 1.669444444444444287e+02 1.669444444444444287e+02 1.666722222222221887e+02 1.175187530062529930e+02 1.502962962962962834e+00 3.962962962962963132e-01 2.233796296296295947e-01
2.305555555555555414e-01 2.305555555555555414e-01 2.305555555555555414e-01 2.305555555555555414e-01 2.305555555555555414e-01 2.305555555555555414e-01 3.333333333333333148e-01 1.322962962962962896e+00 1.719929453262786456e+00 2.071984126984126817e+00 6.139626984126982734e+01 9.282777777777778283e+01 8.472817460317459393e+01 4.313308080808081257e+01 3.361455026455026029e+01 1.903851851851851507e+01 8.371444444444443889e+01 1.669444444444444287e+02 1.652520870076425297e+02 1.662283835880490130e+02 9.026851851851851904e+01 1.181415343915344085e+00 3.962962962962963132e-01 2.233796296296295947e-01
2.305555555555555414e-01 2.305555555555555414e-01 2.305555555555555414e-01 2.305555555555555414e-01 2.305555555555555414e-01 2.305555555555555414e-01 2.305555555555555414e-01 1.396296296296296147e+00 1.731742176284811752e+00 1.722222222222222099e+00 2.258484848484848317e+00 2.236941137566137883e+00 2.387742504409171129e+00 3.347376033057851252e+00 2.387742504409171129e+00 3.544722222222222285e+01 9.429111111111109267e+01 1.116340277777777601e+02 1.669444444444444287e+02 1.409098677248677234e+02 1.215740740740740788e+00 1.069537037037036953e+00 1.010877148204866405e+00 4.976851851851851194e-01
2.305555555555555414e-01 2.305555555555555414e-01 2.305555555555555414e-01 2.305555555555555414e-01 2.305555555555555414e-01 2.305555555555555414e-01 2.305555555555555414e-01 2.305555555555555414e-01 1.725925925925925641e+00 1.470524691358024327e+00 2.387742504409171129e+00 2.152160493827160348e+00 1.950185185185185244e+00 5.997296296296295992e+01 4.340398148148148039e+01 9.304429012345678984e+01 1.402849999999999966e+02 1.469382804232804176e+02 1.422757698412698346e+02 9.265734126984126817e+01 1.215740740740740788e+00 8.541152263374484077e-01 2.233796296296295947e-01 2.233796296296295947e-01
2.305555555555555414e-01 2.305555555555555414e-01 2.305555555555555414e-01 2.305555555555555414e-01 2.305555555555555414e-01 2.305555555555555414e-01 2.233796296296295947e-01 2.305555555555555414e-01 3.333333333333333148e-01 1.544603174603174622e+01 1.260817901234567984e+01 7.966851851851849631e+01 9.429111111111109267e+01 1.021799999999999784e+02 1.672235185185184889e+02 1.660203325774754433e+02 1.661673280423280517e+02 1.660203325774754433e+02 9.265734126984126817e+01 2.364010614470736904e+00 3.374814814814815378e+01 1.322962962962962896e+00 3.962962962962963132e-01 2.305555555555555414e-01
2.305555555555555414e-01 2.305555555555555414e-01 2.305555555555555414e-01 2.305555555555555414e-01 2.305555555555555414e-01 2.233796296296295947e-01 3.333333333333333148e-01 6.043650793650794384e-01 7.759259259259259078e-01 4.265041666666666487e+01 1.324158024691357980e+02 1.668837962962962820e+02 1.670376485788113428e+02 1.668837962962962820e+02 1.673590277777777828e+02 1.667187500000000000e+02 1.669144444444444275e+02 8.357253086419751753e+01 2.364010614470736904e+00 2.210322598019629936e+00 1.797171075837742604e+00 1.077333333333333254e+00 6.043650793650794384e-01 2.305555555555555414e-01
2.305555555555555414e-01 2.305555555555555414e-01 2.305555555555555414e-01 2.305555555555555414e-01 2.305555555555555414e-01 2.233796296296295947e-01 3.333333333333333148e-01 1.464074074074074305e+00 1.206569664902998218e+00 5.068925925925925213e+01 1.669444444444444287e+02 1.670104166666666572e+02 1.670104166666666572e+02 1.669444444444444287e+02 1.666722222222221887e+02 1.554491390513320255e+02 1.335180555555555486e+02 1.319814814814814419e+01 1.493530864197530672e+00 1.396296296296296147e+00 1.587962962962962798e+00 1.467777777777777848e+00 2.233796296296295947e-01 2.305555555555555414e-01
2.305555555555555414e-01 2.305555555555555414e-01 2.305555555555555414e-01 2.305555555555555414e-01 2.305555555555555414e-01 2.233796296296295947e-01 3.333333333333333148e-01 1.997060005742175903e+00 1.189275786234420806e+01 1.836686507936508406e+01 6.004697971781304489e+01 9.282777777777778283e+01 4.313308080808081257e+01 8.378055555555555145e+01 1.669444444444444287e+02 1.416694444444444514e+02 1.031034391534391403e+02 1.215740740740740788e+00 8.474074074074072760e-01 7.859259259259256947e-01 1.396740740740740616e+00 1.322962962962962896e+00 6.043650793650794384e-01 2.305555555555555414e-01
2.305555555555555414e-01 2.305555555555555414e-01 2.305555555555555414e-01 2.233796296296295947e-01 3.333333333333333148e-01 2.233796296296295947e-01 2.364010614470736904e+00 8.911111111111111871e-01 1.719929453262786456e+00 1.668341597997034187e+00 1.722222222222222099e+00 1.968888888888888689e+00 8.541152263374484077e-01 1.987777777777777644e+00 8.378055555555555145e+01 1.543527777777777601e+02 1.411644444444444275e+02 1.215740740740740788e+00 1.396296296296296147e+00 1.206569664902998218e+00 7.759259259259259078e-01 8.541152263374484077e-01 3.962962962962963132e-01 2.305555555555555414e-01
2.305555555555555414e-01 2.233796296296295947e-01 2.305555555555555414e-01 2.305555555555555414e-01 3.333333333333333148e-01 2.233796296296295947e-01 2.233796296296295947e-01 4.976851851851851194e-01 1.502887377173091066e+00 1.643456790123456912e+00 8.541152263374484077e-01 1.470524691358024327e+00 1.502962962962962834e+00 2.384722222222221966e+00 4.976851851851851194e-01 8.882044444444444764e+01 1.196152777777777771e+02 1.215740740740740788e+00 1.322962962962962896e+00 1.601898148148148016e+00 8.541152263374484077e-01 8.541152263374484077e-01 4.976851851851851194e-01 2.305555555555555414e-01
2.233796296296295947e-01 4.976851851851851194e-01 4.014550264550264536e-01 7.731481481481482509e-01 1.164722222222222214e+00 1.044814814814814863e+00 2.364010614470736904e+00 2.364010614470736904e+00 2.329851851851851841e+00 1.396296296296296147e+00 1.516759259259259141e+00 7.759259259259259078e-01 2.329851851851851841e+00 2.384722222222221966e+00 1.647916666666666474e+00 5.160388888888887493e+01 1.196152777777777771e+02 1.215740740740740788e+00 1.588888888888889239e+00 1.733333333333333171e+00 1.258052910052909867e+00 8.879629629629629539e-01 2.233796296296295947e-01 2.233796296296295947e-01
4.976851851851851194e-01 2.090203703703703653e+01 3.381444444444444031e+01 2.806691358024691496e+01 3.897222222222222143e+01 2.235978835978835733e+01 2.233796296296295947e-01 2.449869809203142346e+00 1.215740740740740788e+00 1.500164983164983257e+00 1.275555555555555554e+00 1.541358024691358075e+00 1.626156966490299727e+00 1.322962962962962896e+00 1.719929453262786456e+00 7.245611111111109892e+01 9.512608024691355979e+01 1.215740740740740788e+00 1.322962962962962896e+00 1.335648148148148140e+00 4.976851851851851194e-01 1.075228475228474867e+00 3.962962962962963132e-01 2.233796296296295947e-01
4.976851851851851194e-01 3.333333333333333148e-01 4.265041666666666487e+01 1.507513888888888971e+02 1.128432539682539471e+02 9.550509259259257533e+01 3.897222222222222143e+01 2.131812169312168770e+00 1.866208112874779390e+00 1.508518518518518370e+00 1.761010623026126876e+00 1.733333333333333171e+00 1.306142108919886580e+00 1.950185185185185244e+00 1.719929453262786456e+00 9.282777777777778283e+01 2.364010614470736904e+00 1.502962962962962834e+00 1.322962962962962896e+00 8.635416666666667629e-01 7.859259259259256947e-01 2.305555555555555414e-01 4.014550264550264536e-01 4.976851851851851194e-01
8.563271604938270665e-01 8.911111111111111871e-01 5.160388888888887493e+01 1.663388888888888744e+02 1.660203325774754433e+02 1.660203325774754433e+02 1.598765624999999773e+02 1.352483333333333064e+02 1.490443057964796836e+01 9.230123456790122916e+00 1.719929453262786456e+00 7.959932659932658972e+00 1.513402777777777608e+01 4.401333333333333542e+01 1.878379629629629477e+01 3.138734567901234485e+01 1.830277777777777670e+00 1.345740740740740682e+00 1.075228475228474867e+00 6.250000000000000000e-01 6.043650793650794384e-01 4.014550264550264536e-01 2.233796296296295947e-01 2.233796296296295947e-01
7.908950617283950768e-01 1.862645502645502216e+00 6.283472222222221859e+01 1.669444444444444287e+02 1.664344444444444093e+02 1.668837962962962820e+02 1.660203325774754433e+02 1.598765624999999773e+02 1.282733333333333121e+02 9.550509259259257533e+01 1.030847222222222257e+02 8.451166666666665606e+01 1.352483333333333064e+02 9.512608024691355979e+01 2.364010614470736904e+00 1.674878747795414347e+00 1.601898148148148016e+00 1.761010623026126876e+00 1.010877148204866405e+00 7.759259259259259078e-01 2.305555555555555414e-01 2.233796296296295947e-01 2.233796296296295947e-01 2.233796296296295947e-01
1.072222222222222188e+00 1.862645502645502216e+00 8.635416666666667629e-01 8.378055555555555145e+01 1.242448717948717700e+02 1.669444444444444287e+02 1.668837962962962820e+02 1.673590277777777828e+02 1.593988888888888766e+02 1.669749999999999943e+02 1.668590277777777544e+02 1.660203325774754433e+02 9.282777777777778283e+01 6.279555555555553781e+01 1.215740740740740788e+00 1.193981481481481310e+00 8.541152263374484077e-01 9.155555555555554559e-01 2.233796296296295947e-01 2.233796296296295947e-01 2.305555555555555414e-01 2.305555555555555414e-01 3.962962962962963132e-01 2.305555555555555414e-01
4.976851851851851194e-01 6.250000000000000000e-01 2.305555555555555414e-01 2.305555555555555414e-01 4.209444444444444144e+01 8.378055555555555145e+01 1.669444444444444287e+02 1.669444444444444287e+02 1.669444444444444287e+02 1.670104166666666572e+02 1.409098677248677234e+02 9.265734126984126817e+01 3.157930946131733663e+01 6.250000000000000000e-01 7.859259259259256947e-01 2.305555555555555414e-01 7.759259259259259078e-01 2.305555555555555414e-01 2.305555555555555414e-01 3.962962962962963132e-01 2.305555555555555414e-01 2.305555555555555414e-01 2.305555555555555414e-01 2.305555555555555414e-01
2.305555555555555414e-01 2.305555555555555414e-01 2.233796296296295947e-01 2.305555555555555414e-01 1.417314814814814916e+01 2.305555555555555414e-01 1.745370370370370239e+00 8.472817460317459393e+01 4.313308080808081257e+01 4.313308080808081257e+01 4.313308080808081257e+01 1.722222222222222099e+00 8.541152263374484077e-01 3.962962962962963132e-01 2.305555555555555414e-01 2.305555555555555414e-01 2.305555555555555414e-01 2.305555555555555414e-01 2.305555555555555414e-01 2.305555555555555414e-01 2.305555555555555414e-01 2.305555555555555414e-01 2.305555555555555414e-01 2.305555555555555414e-01
2.305555555555555414e-01 2.305555555555555414e-01 2.305555555555555414e-01 2.305555555555555414e-01 2.305555555555555414e-01 2.305555555555555414e-01 4.976851851851851194e-01 8.635416666666667629e-01 1.968888888888888689e+00 8.541152263374484077e-01 1.164722222222222214e+00 9.027160493827161014e-01 6.250000000000000000e-01 3.962962962962963132e-01 2.233796296296295947e-01 2.305555555555555414e-01 2.305555555555555414e-01 2.305555555555555414e-01 2.305555555555555414e-01 2.305555555555555414e-01 2.305555555555555414e-01 2.305555555555555414e-01 2.305555555555555414e-01 2.305555555555555414e-01
