7.287959311953128960e+00 7.287959311953128960e+00 7.287959311953128960e+00 7.287959311953128960e+00 7.287959311953128960e+00 7.287959311953128960e+00 7.287959311953128960e+00 7.287959311953128960e+00 7.287959311953128960e+00 7.287959311953128960e+00 7.287959311953128960e+00 7.287959311953128960e+00 7.287959311953128960e+00 7.287959311953128960e+00 7.287959311953128960e+00 7.287959311953128960e+00 7.287959311953128960e+00 7.287959311953128960e+00 7.287959311953128960e+00 7.287959311953128960e+00 7.287959311953128960e+00 7.287959311953128960e+00 7.287959311953128960e+00 7.287959311953128960e+00
7.287959311953128960e+00 7.287959311953128960e+00 7.287959311953128960e+00 7.287959311953128960e+00 7.287959311953128960e+00 7.287959311953128960e+00 7.287959311953128960e+00 7.287959311953128960e+00 7.287959311953128960e+00 7.287959311953128960e+00 7.287959311953128960e+00 7.287959311953128960e+00 7.287959311953128960e+00 7.287959311953128960e+00 7.287959311953128960e+00 7.287959311953128960e+00 7.287959311953128960e+00 7.287959311953128960e+00 7.287959311953128960e+00 7.287959311953128960e+00 7.287959311953128960e+00 7.287959311953128960e+00 7.287959311953128960e+00 7.287959311953128960e+00
7.287959311953128960e+00 7.287959311953128960e+00 7.287959311953128960e+00 7.287959311953128960e+00 7.287959311953128960e+00 7.287959311953128960e+00 7.287959311953128960e+00 7.287959311953128960e+00 7.287959311953128960e+00 7.287959311953128960e+00 7.287959311953128960e+00 7.287959311953128960e+00 7.287959311953128960e+00 7.287959311953128960e+00 7.287959311953128960e+00 7.287959311953128960e+00 7.287959311953128960e+00 7.287959311953128960e+00 7.287959311953128960e+00 7.287959311953128960e+00 7.287959311953128960e+00 7.287959311953128960e+00 7.287959311953128960e+00 7.287959311953128960e+00
7.287959311953128960e+00 7.287959311953128960e+00 7.287959311953128960e+00 7.287959311953128960e+00 7.287959311953128960e+00 7.287959311953128960e+00 7.287959311953128960e+00 7.287959311953128960e+00 7.287959311953128960e+00 7.287959311953128960e+00 7.287959311953128960e+00 7.287959311953128960e+00 1.476763291604230766e+01 1.806648320193076529e+01 1.651771633869707756e+01 1.651771633869707756e+01 2.286983124888926611e+01 1.651771633869707756e+01 1.850472048031121375e+01 1.482609580391727278e+01 7.287959311953128960e+00 7.287959311953128960e+00 7.287959311953128960e+00 7.287959311953128960e+00
7.287959311953128960e+00 7.287959311953128960e+00 7.287959311953128960e+00 7.287959311953128960e+00 7.287959311953128960e+00 7.287959311953128960e+00 7.287959311953128960e+00 7.287959311953128960e+00 7.287959311953128960e+00 7.287959311953128960e+00 2.002792678135248039e+01 2.547739968804783572e+01 3.191071421865321156e+01 3.975326256311313955e+01 3.975326256311313955e+01 3.975326256311313955e+01 3.975326256311313955e+01 3.975326256311313955e+01 3.748305581373016082e+01 2.876797649530015377e+01 2.286983124888926611e+01 1.482609580391727278e+01 7.287959311953128960e+00 7.287959311953128960e+00
7.287959311953128960e+00 7.287959311953128960e+00 7.287959311953128960e+00 7.287959311953128960e+00 7.287959311953128960e+00 7.287959311953128960e+00 7.287959311953128960e+00 1.476763291604230766e+01 2.002792678135248039e+01 2.241391332554528759e+01 4.393202407600913517e+01 4.839029048352988127e+01 6.625637860082304087e+01 7.646433470507544428e+01 7.646433470507544428e+01 6.579492455418380814e+01 6.579492455418380814e+01 6.579492455418380814e+01 6.579492455418380814e+01 5.020135902242806480e+01 5.020135902242806480e+01 2.606999441621970703e+01 1.701135014338716189e+01 1.482609580391727278e+01
7.287959311953128960e+00 7.287959311953128960e+00 7.287959311953128960e+00 7.287959311953128960e+00 1.476763291604230766e+01 2.002792678135248039e+01 2.547739968804783572e+01 3.191071421865321156e+01 4.393202407600913517e+01 5.657462364836604252e+01 7.646433470507544428e+01 6.743827160493826511e+01 7.532990397805214400e+01 7.209533607681754575e+01 6.229101249175128885e+01 6.229101249175128885e+01 6.229101249175128885e+01 6.854526748971193228e+01 6.229101249175128885e+01 6.579492455418380814e+01 6.579492455418380814e+01 5.020135902242806480e+01 3.842281290197207966e+01 1.991267205162880316e+01
7.287959311953128960e+00 7.287959311953128960e+00 7.287959311953128960e+00 1.760170412594560219e+01 2.405932086956873306e+01 4.393202407600913517e+01 5.455794223194553183e+01 6.625637860082304087e+01 8.299382716049382225e+01 8.911522633744854716e+01 9.782304526748970375e+01 7.209533607681754575e+01 6.642461713816159374e+01 5.042213094932779427e+01 4.485200174030142506e+01 3.787741836230033243e+01 3.787741836230033243e+01 3.787741836230033243e+01 4.319275956907385705e+01 5.262648678252602963e+01 6.579492455418380814e+01 9.237722908093277852e+01 6.522119341563785611e+01 3.480417224645047725e+01
7.287959311953128960e+00 7.287959311953128960e+00 1.760170412594560219e+01 2.757707151278816227e+01 5.545493993496727114e+01 7.646433470507544428e+01 8.753086419753086034e+01 8.828806584362139631e+01 9.747187928669410439e+01 1.050084590763603103e+02 8.254663923182441465e+01 6.380178326474622708e+01 4.105847018823775585e+01 4.105847018823775585e+01 1.906883936076403785e+01 1.906883936076403785e+01 1.906883936076403785e+01 1.906883936076403785e+01 1.906883936076403785e+01 3.281387792405921999e+01 6.341942507715587851e+01 9.036104252400549797e+01 7.380246913580246826e+01 3.877448563056967146e+01
7.287959311953128960e+00 7.287959311953128960e+00 1.866245827890308462e+01 4.988742470673495433e+01 7.894513031550067694e+01 8.403155006858712284e+01 9.487191358024689691e+01 9.048765432098764450e+01 9.996502057613167835e+01 9.654142661179697882e+01 9.654142661179697882e+01 6.522119341563785611e+01 5.020135902242806480e+01 3.975326256311313955e+01 3.748305581373016082e+01 3.748305581373016082e+01 3.748305581373016082e+01 3.748305581373016082e+01 2.905032951729389623e+01 1.812398289381316374e+01 5.233097751030665279e+01 6.836076817558297591e+01 7.380246913580246826e+01 4.576902381174030410e+01
7.287959311953128960e+00 1.476763291604230766e+01 3.324200207758470782e+01 6.981714366303828001e+01 9.524502743484224254e+01 7.259862825788751195e+01 6.642461713816159374e+01 5.466031703136664532e+01 6.465569272976679827e+01 6.854526748971193228e+01 8.403155006858712284e+01 8.403155006858712284e+01 6.380178326474622708e+01 6.579492455418380814e+01 6.579492455418380814e+01 6.380178326474622708e+01 4.757887517146775735e+01 4.757887517146775735e+01 2.905032951729389623e+01 2.905032951729389623e+01 4.585248137712274286e+01 7.410327258475405188e+01 7.380246913580246826e+01 4.189159184999738983e+01
7.287959311953128960e+00 1.537018926065542601e+01 4.225076855439497336e+01 7.410327258475405188e+01 9.036104252400549797e+01 6.398355869096609183e+01 3.167978516569866798e+01 2.566575242926034051e+01 4.079736116485732822e+01 5.262648678252602963e+01 5.262648678252602963e+01 6.229101249175128885e+01 6.229101249175128885e+01 6.229101249175128885e+01 5.512139917695473201e+01 5.512139917695473201e+01 4.495690746523896308e+01 3.244600761957130430e+01 3.210176563900958513e+01 2.198782661814020756e+01 5.050146964760886448e+01 7.410327258475405188e+01 7.380246913580246826e+01 4.189159184999738983e+01
7.287959311953128960e+00 1.735480291812838871e+01 5.050146964760886448e+01 7.410327258475405188e+01 8.105281207133060661e+01 5.119774474395527619e+01 2.232595862294462208e+01 7.287959311953128960e+00 1.952224053757228006e+01 1.952224053757228006e+01 2.765738465711870475e+01 2.765738465711870475e+01 3.165706539873205827e+01 3.284868251335912959e+01 3.787741836230033243e+01 2.778556530248916800e+01 2.765738465711870475e+01 2.162872038415328646e+01 2.130568746343476860e+01 4.213701735044165275e+01 6.046676981782638904e+01 7.532990397805214400e+01 7.097949245541838081e+01 3.553786756329366625e+01
7.287959311953128960e+00 1.735480291812838871e+01 5.179674292398672719e+01 9.355315500685870234e+01 7.380246913580246826e+01 4.965247075881021743e+01 1.689294342438423158e+01 7.287959311953128960e+00 7.287959311953128960e+00 7.287959311953128960e+00 7.287959311953128960e+00 7.287959311953128960e+00 7.287959311953128960e+00 1.454885269973632056e+01 7.287959311953128960e+00 1.529206523616248070e+01 7.287959311953128960e+00 1.779709313962422712e+01 3.045617182361404218e+01 5.545493993496727114e+01 7.410327258475405188e+01 8.105281207133060661e+01 4.750157916632387156e+01 2.180783867269020604e+01
7.287959311953128960e+00 1.735480291812838871e+01 5.179674292398672719e+01 9.355315500685870234e+01 7.380246913580246826e+01 4.576902381174030410e+01 1.818316502860892214e+01 7.287959311953128960e+00 7.287959311953128960e+00 7.287959311953128960e+00 7.287959311953128960e+00 7.287959311953128960e+00 7.287959311953128960e+00 7.287959311953128960e+00 7.287959311953128960e+00 7.287959311953128960e+00 1.760170412594560219e+01 2.405932086956873306e+01 5.545493993496727114e+01 7.894513031550067694e+01 8.105281207133060661e+01 5.583554859447617247e+01 3.293181266742368507e+01 1.529206523616248070e+01
7.287959311953128960e+00 1.735480291812838871e+01 5.179674292398672719e+01 7.954080932784636104e+01 8.105281207133060661e+01 4.595699719597212862e+01 1.860442098956449897e+01 7.287959311953128960e+00 7.287959311953128960e+00 7.287959311953128960e+00 7.287959311953128960e+00 7.287959311953128960e+00 7.287959311953128960e+00 7.287959311953128960e+00 7.287959311953128960e+00 2.002792678135248039e+01 3.153265917716634448e+01 5.378633702688402707e+01 7.894513031550067694e+01 8.403155006858712284e+01 7.171947873799723538e+01 3.888192770857749991e+01 1.712652645170138399e+01 7.287959311953128960e+00
7.287959311953128960e+00 1.735480291812838871e+01 5.233097751030665279e+01 7.954080932784636104e+01 9.943758573388201683e+01 6.677661832752539794e+01 3.480417224645047725e+01 1.482609580391727278e+01 7.287959311953128960e+00 7.287959311953128960e+00 7.287959311953128960e+00 7.287959311953128960e+00 7.287959311953128960e+00 1.806648320193076529e+01 2.241391332554528759e+01 4.423656094012645212e+01 5.657462364836604252e+01 7.894513031550067694e+01 8.403155006858712284e+01 7.120004572473709459e+01 4.468981592128912439e+01 2.180783867269020604e+01 7.287959311953128960e+00 7.287959311953128960e+00
7.287959311953128960e+00 1.621630985189982255e+01 2.944425699259104690e+01 6.341942507715587851e+01 9.036104252400549797e+01 7.773137901070613509e+01 4.444213220133603670e+01 2.876797649530015377e+01 2.286983124888926611e+01 1.850472048031121375e+01 1.806648320193076529e+01 1.806648320193076529e+01 2.547739968804783572e+01 3.474166279646590283e+01 5.223754031809587417e+01 7.646433470507544428e+01 6.743827160493826511e+01 7.209533607681754575e+01 5.957010600700847647e+01 4.342955571672371917e+01 2.528084933536221612e+01 1.529206523616248070e+01 7.287959311953128960e+00 7.287959311953128960e+00
7.287959311953128960e+00 7.287959311953128960e+00 2.611344504006964229e+01 4.724348590460153474e+01 7.974371284865111420e+01 8.403155006858712284e+01 6.869387303970637504e+01 5.020135902242806480e+01 5.020135902242806480e+01 3.975326256311313955e+01 3.975326256311313955e+01 3.975326256311313955e+01 4.839029048352988127e+01 7.270034469417186074e+01 6.743827160493826511e+01 7.532990397805214400e+01 7.209533607681754575e+01 5.100202788754167926e+01 2.913746614513075173e+01 1.529206523616248070e+01 7.287959311953128960e+00 7.287959311953128960e+00 7.287959311953128960e+00 7.287959311953128960e+00
7.287959311953128960e+00 7.287959311953128960e+00 1.621630985189982255e+01 2.611344504006964229e+01 4.507822654535900142e+01 7.168449931412894216e+01 6.854526748971193228e+01 7.532990397805214400e+01 6.579492455418380814e+01 6.579492455418380814e+01 6.579492455418380814e+01 6.579492455418380814e+01 6.579492455418380814e+01 7.209533607681754575e+01 7.209533607681754575e+01 6.203437437936752730e+01 4.342955571672371917e+01 2.528084933536221612e+01 1.529206523616248070e+01 7.287959311953128960e+00 7.287959311953128960e+00 7.287959311953128960e+00 7.287959311953128960e+00 7.287959311953128960e+00
7.287959311953128960e+00 7.287959311953128960e+00 7.287959311953128960e+00 1.621630985189982255e+01 2.566575242926034051e+01 4.079736116485732822e+01 5.262648678252602963e+01 6.465569272976679827e+01 6.854526748971193228e+01 6.854526748971193228e+01 6.854526748971193228e+01 6.854526748971193228e+01 5.512139917695473201e+01 4.511205033307955148e+01 3.900679509161268044e+01 2.778556530248916800e+01 1.529206523616248070e+01 1.529206523616248070e+01 7.287959311953128960e+00 7.287959311953128960e+00 7.287959311953128960e+00 7.287959311953128960e+00 7.287959311953128960e+00 7.287959311953128960e+00
7.287959311953128960e+00 7.287959311953128960e+00 7.287959311953128960e+00 7.287959311953128960e+00 7.287959311953128960e+00 1.952224053757228006e+01 2.566575242926034051e+01 3.640923691654276695e+01 3.787741836230033243e+01 3.787741836230033243e+01 3.787741836230033243e+01 3.787741836230033243e+01 2.929956936900185127e+01 2.345053716093336860e+01 1.529206523616248070e+01 1.529206523616248070e+01 7.287959311953128960e+00 7.287959311953128960e+00 7.287959311953128960e+00 7.287959311953128960e+00 7.287959311953128960e+00 7.287959311953128960e+00 7.287959311953128960e+00 7.287959311953128960e+00
7.287959311953128960e+00 7.287959311953128960e+00 7.287959311953128960e+00 7.287959311953128960e+00 7.287959311953128960e+00 7.287959311953128960e+00 7.287959311953128960e+00 1.770808605930956503e+01 1.770808605930956503e+01 1.770808605930956503e+01 1.770808605930956503e+01 1.770808605930956503e+01 1.529206523616248070e+01 7.287959311953128960e+00 7.287959311953128960e+00 7.287959311953128960e+00 7.287959311953128960e+00 7.287959311953128960e+00 7.287959311953128960e+00 7.287959311953128960e+00 7.287959311953128960e+00 7.287959311953128960e+00 7.287959311953128960e+00 7.287959311953128960e+00
7.287959311953128960e+00 7.287959311953128960e+00 7.287959311953128960e+00 7.287959311953128960e+00 7.287959311953128960e+00 7.287959311953128960e+00 7.287959311953128960e+00 7.287959311953128960e+00 7.287959311953128960e+00 7.287959311953128960e+00 7.287959311953128960e+00 7.287959311953128960e+00 7.287959311953128960e+00 7.287959311953128960e+00 7.287959311953128960e+00 7.287959311953128960e+00 7.287959311953128960e+00 7.287959311953128960e+00 7.287959311953128960e+00 7.287959311953128960e+00 7.287959311953128960e+00 7.287959311953128960e+00 7.287959311953128960e+00 7.287959311953128960e+00
