8.245660052986567123e+00 8.245660052986567123e+00 8.245660052986567123e+00 8.245660052986567123e+00 8.245660052986567123e+00 8.245660052986567123e+00 8.245660052986567123e+00 8.245660052986567123e+00 8.245660052986567123e+00 8.245660052986567123e+00 8.245660052986567123e+00 8.245660052986567123e+00 8.245660052986567123e+00 8.245660052986567123e+00 8.245660052986567123e+00 8.245660052986567123e+00 8.245660052986567123e+00 8.245660052986567123e+00 8.245660052986567123e+00 8.245660052986567123e+00 8.245660052986567123e+00 8.245660052986567123e+00 8.245660052986567123e+00 8.245660052986567123e+00
8.245660052986567123e+00 8.245660052986567123e+00 8.245660052986567123e+00 8.245660052986567123e+00 8.245660052986567123e+00 8.245660052986567123e+00 8.245660052986567123e+00 8.245660052986567123e+00 8.245660052986567123e+00 8.245660052986567123e+00 8.245660052986567123e+00 8.245660052986567123e+00 8.245660052986567123e+00 8.245660052986567123e+00 8.245660052986567123e+00 8.245660052986567123e+00 8.245660052986567123e+00 8.245660052986567123e+00 8.245660052986567123e+00 8.245660052986567123e+00 8.245660052986567123e+00 8.245660052986567123e+00 8.245660052986567123e+00 8.245660052986567123e+00
8.245660052986567123e+00 8.245660052986567123e+00 8.245660052986567123e+00 8.245660052986567123e+00 8.245660052986567123e+00 8.245660052986567123e+00 8.245660052986567123e+00 8.245660052986567123e+00 2.431314381757672649e+01 2.410981403578364990e+01 2.410981403578364990e+01 2.431314381757672649e+01 2.033712847404395063e+01 1.608683566790203656e+01 8.245660052986567123e+00 8.245660052986567123e+00 8.245660052986567123e+00 8.245660052986567123e+00 8.245660052986567123e+00 8.245660052986567123e+00 8.245660052986567123e+00 8.245660052986567123e+00 8.245660052986567123e+00 8.245660052986567123e+00
8.245660052986567123e+00 8.245660052986567123e+00 8.245660052986567123e+00 8.245660052986567123e+00 8.245660052986567123e+00 8.245660052986567123e+00 8.245660052986567123e+00 2.834727822231098315e+01 5.089581672755950592e+01 4.947081229043899953e+01 5.045486150586440033e+01 5.045486150586440033e+01 3.764793824895061647e+01 3.382946321189185568e+01 2.991092093532101615e+01 2.636229498419514528e+01 2.033712847404395063e+01 8.245660052986567123e+00 8.245660052986567123e+00 8.245660052986567123e+00 8.245660052986567123e+00 8.245660052986567123e+00 8.245660052986567123e+00 8.245660052986567123e+00
8.245660052986567123e+00 8.245660052986567123e+00 8.245660052986567123e+00 8.245660052986567123e+00 8.245660052986567123e+00 8.245660052986567123e+00 1.817873002202034272e+01 3.730558286837639770e+01 8.159670781893004232e+01 1.093725904266839848e+02 1.132679203751555121e+02 1.132679203751555121e+02 8.546570644718792664e+01 7.267112482853222843e+01 7.267112482853222843e+01 5.045486150586440033e+01 2.636229498419514528e+01 2.033712847404395063e+01 8.245660052986567123e+00 8.245660052986567123e+00 8.245660052986567123e+00 8.245660052986567123e+00 8.245660052986567123e+00 8.245660052986567123e+00
8.245660052986567123e+00 8.245660052986567123e+00 8.245660052986567123e+00 8.245660052986567123e+00 8.245660052986567123e+00 8.245660052986567123e+00 2.194142799581111092e+01 6.043730320682460899e+01 1.041882770281047783e+02 1.433345750089966657e+02 1.390599744344432054e+02 1.390599744344432054e+02 1.254298065121651575e+02 1.132679203751555121e+02 1.132679203751555121e+02 1.093725904266839848e+02 7.267112482853222843e+01 3.833550597303674579e+01 2.033712847404395063e+01 8.245660052986567123e+00 8.245660052986567123e+00 8.245660052986567123e+00 8.245660052986567123e+00 8.245660052986567123e+00
8.245660052986567123e+00 8.245660052986567123e+00 8.245660052986567123e+00 8.245660052986567123e+00 8.245660052986567123e+00 8.245660052986567123e+00 3.020102216825687691e+01 6.598885069921814761e+01 1.195347166269583141e+02 1.375409621447308268e+02 1.453154003377026413e+02 1.559381572412528385e+02 1.559381572412528385e+02 1.559381572412528385e+02 1.475670639748956035e+02 1.254298065121651575e+02 1.129259259259259238e+02 5.579042120858375142e+01 2.814671113337187691e+01 2.033712847404395063e+01 8.245660052986567123e+00 8.245660052986567123e+00 8.245660052986567123e+00 8.245660052986567123e+00
8.245660052986567123e+00 8.245660052986567123e+00 8.245660052986567123e+00 8.245660052986567123e+00 8.245660052986567123e+00 8.245660052986567123e+00 2.685227721688251279e+01 3.633824994977553757e+01 8.657878492527615322e+01 1.024030121800177966e+02 1.271645729550213133e+02 1.219489903340032555e+02 1.428637643491444749e+02 1.453154003377026413e+02 1.453154003377026413e+02 1.559381572412528385e+02 1.208830589849108321e+02 8.949039780521260923e+01 4.862344953889018484e+01 2.033712847404395063e+01 8.245660052986567123e+00 8.245660052986567123e+00 8.245660052986567123e+00 8.245660052986567123e+00
8.245660052986567123e+00 8.245660052986567123e+00 8.245660052986567123e+00 8.245660052986567123e+00 8.245660052986567123e+00 8.245660052986567123e+00 8.245660052986567123e+00 2.685227721688251279e+01 4.079736116485732822e+01 7.196513488797438640e+01 8.230041152263373760e+01 9.138669410150890826e+01 9.787668995438158959e+01 1.024030121800177966e+02 1.375409621447308268e+02 1.453154003377026413e+02 1.420124150456531709e+02 1.084785678586999182e+02 5.579042120858375142e+01 2.794432208319638988e+01 8.245660052986567123e+00 8.245660052986567123e+00 8.245660052986567123e+00 8.245660052986567123e+00
8.245660052986567123e+00 8.245660052986567123e+00 8.245660052986567123e+00 8.245660052986567123e+00 8.245660052986567123e+00 8.245660052986567123e+00 8.245660052986567123e+00 8.245660052986567123e+00 2.685227721688251279e+01 2.524070114320933200e+01 3.788300505453227629e+01 4.318634321385260222e+01 5.502611505947168524e+01 8.657878492527615322e+01 1.195347166269583141e+02 1.375409621447308268e+02 1.420124150456531709e+02 1.084785678586999182e+02 5.579042120858375142e+01 2.794432208319638988e+01 8.245660052986567123e+00 8.245660052986567123e+00 8.245660052986567123e+00 8.245660052986567123e+00
8.245660052986567123e+00 8.245660052986567123e+00 8.245660052986567123e+00 8.245660052986567123e+00 8.245660052986567123e+00 8.245660052986567123e+00 8.245660052986567123e+00 8.245660052986567123e+00 8.245660052986567123e+00 8.245660052986567123e+00 1.977667351396477713e+01 2.134869669425384942e+01 3.578780171531723653e+01 5.729467605017791243e+01 1.041882770281047783e+02 1.375409621447308268e+02 1.420124150456531709e+02 1.110819771219607901e+02 6.517524005486967553e+01 2.794432208319638988e+01 8.245660052986567123e+00 8.245660052986567123e+00 8.245660052986567123e+00 8.245660052986567123e+00
8.245660052986567123e+00 8.245660052986567123e+00 8.245660052986567123e+00 8.245660052986567123e+00 8.245660052986567123e+00 8.245660052986567123e+00 8.245660052986567123e+00 8.245660052986567123e+00 8.245660052986567123e+00 8.245660052986567123e+00 8.245660052986567123e+00 1.817873002202034272e+01 3.730558286837639770e+01 7.512688614540465437e+01 1.210365797896661917e+02 1.433345750089966657e+02 1.318988175370317322e+02 9.681264385242943149e+01 4.862344953889018484e+01 1.992624156391646295e+01 8.245660052986567123e+00 8.245660052986567123e+00 8.245660052986567123e+00 8.245660052986567123e+00
8.245660052986567123e+00 8.245660052986567123e+00 8.245660052986567123e+00 8.245660052986567123e+00 8.245660052986567123e+00 8.245660052986567123e+00 8.245660052986567123e+00 8.245660052986567123e+00 8.245660052986567123e+00 8.245660052986567123e+00 8.245660052986567123e+00 1.817873002202034272e+01 5.546981804790873127e+01 9.905754097177097606e+01 1.305304088754121210e+02 1.361794102894090486e+02 1.223229514114504326e+02 8.620736168267031019e+01 3.811209447679147644e+01 1.759693003698882308e+01 8.245660052986567123e+00 8.245660052986567123e+00 8.245660052986567123e+00 8.245660052986567123e+00
8.245660052986567123e+00 8.245660052986567123e+00 8.245660052986567123e+00 8.245660052986567123e+00 8.245660052986567123e+00 8.245660052986567123e+00 8.245660052986567123e+00 8.245660052986567123e+00 8.245660052986567123e+00 8.245660052986567123e+00 1.817873002202034272e+01 3.730558286837639770e+01 8.600880658436213366e+01 1.210365797896661917e+02 1.433345750089966657e+02 1.318988175370317322e+02 1.110819771219607901e+02 6.517524005486967553e+01 2.794432208319638988e+01 8.245660052986567123e+00 8.245660052986567123e+00 8.245660052986567123e+00 8.245660052986567123e+00 8.245660052986567123e+00
8.245660052986567123e+00 8.245660052986567123e+00 8.245660052986567123e+00 8.245660052986567123e+00 8.245660052986567123e+00 8.245660052986567123e+00 8.245660052986567123e+00 8.245660052986567123e+00 8.245660052986567123e+00 1.817873002202034272e+01 2.736552508678408202e+01 5.729467605017791243e+01 1.043662551440328912e+02 1.313548711746108495e+02 1.420124150456531709e+02 1.150065807522922370e+02 8.620736168267031019e+01 3.811209447679147644e+01 1.759693003698882308e+01 8.245660052986567123e+00 8.245660052986567123e+00 8.245660052986567123e+00 8.245660052986567123e+00 8.245660052986567123e+00
8.245660052986567123e+00 8.245660052986567123e+00 8.245660052986567123e+00 8.245660052986567123e+00 8.245660052986567123e+00 8.245660052986567123e+00 8.245660052986567123e+00 8.245660052986567123e+00 8.245660052986567123e+00 2.099801196795292313e+01 5.546981804790873127e+01 8.600880658436213366e+01 1.305304088754121210e+02 1.433345750089966657e+02 1.318988175370317322e+02 9.681264385242943149e+01 6.007557481176289116e+01 2.794432208319638988e+01 8.245660052986567123e+00 8.245660052986567123e+00 8.245660052986567123e+00 8.245660052986567123e+00 8.245660052986567123e+00 8.245660052986567123e+00
8.245660052986567123e+00 8.245660052986567123e+00 8.245660052986567123e+00 8.245660052986567123e+00 8.245660052986567123e+00 8.245660052986567123e+00 8.245660052986567123e+00 8.245660052986567123e+00 1.817873002202034272e+01 3.858803204707659518e+01 8.600880658436213366e+01 1.210365797896661917e+02 1.433345750089966657e+02 1.318988175370317322e+02 1.015606310013717319e+02 6.517524005486967553e+01 3.811209447679147644e+01 1.759693003698882308e+01 8.245660052986567123e+00 8.245660052986567123e+00 8.245660052986567123e+00 8.245660052986567123e+00 8.245660052986567123e+00 8.245660052986567123e+00
8.245660052986567123e+00 8.245660052986567123e+00 8.245660052986567123e+00 8.245660052986567123e+00 8.245660052986567123e+00 8.245660052986567123e+00 8.245660052986567123e+00 8.245660052986567123e+00 2.736552508678408202e+01 6.043730320682460899e+01 1.043662551440328912e+02 1.305304088754121210e+02 1.361794102894090486e+02 1.150065807522922370e+02 7.715336076817557398e+01 4.250602008082322669e+01 2.089390869764498504e+01 8.245660052986567123e+00 8.245660052986567123e+00 8.245660052986567123e+00 8.245660052986567123e+00 8.245660052986567123e+00 8.245660052986567123e+00 8.245660052986567123e+00
8.245660052986567123e+00 8.245660052986567123e+00 8.245660052986567123e+00 8.245660052986567123e+00 8.245660052986567123e+00 8.245660052986567123e+00 8.245660052986567123e+00 1.817873002202034272e+01 5.089581672755950592e+01 8.600880658436213366e+01 1.210365797896661917e+02 1.361794102894090486e+02 1.274374894712776296e+02 9.681264385242943149e+01 4.589658121703868687e+01 2.089390869764498504e+01 8.245660052986567123e+00 8.245660052986567123e+00 8.245660052986567123e+00 8.245660052986567123e+00 8.245660052986567123e+00 8.245660052986567123e+00 8.245660052986567123e+00 8.245660052986567123e+00
8.245660052986567123e+00 8.245660052986567123e+00 8.245660052986567123e+00 8.245660052986567123e+00 8.245660052986567123e+00 8.245660052986567123e+00 1.817873002202034272e+01 2.736552508678408202e+01 8.159670781893004232e+01 1.043662551440328912e+02 1.313548711746108495e+02 1.318988175370317322e+02 1.015606310013717319e+02 6.007557481176289116e+01 2.794432208319638988e+01 1.759693003698882308e+01 8.245660052986567123e+00 8.245660052986567123e+00 8.245660052986567123e+00 8.245660052986567123e+00 8.245660052986567123e+00 8.245660052986567123e+00 8.245660052986567123e+00 8.245660052986567123e+00
8.245660052986567123e+00 8.245660052986567123e+00 8.245660052986567123e+00 8.245660052986567123e+00 8.245660052986567123e+00 8.245660052986567123e+00 1.817873002202034272e+01 5.546981804790873127e+01 8.600880658436213366e+01 1.305304088754121210e+02 1.318988175370317322e+02 1.150065807522922370e+02 7.715336076817557398e+01 3.811209447679147644e+01 1.759693003698882308e+01 8.245660052986567123e+00 8.245660052986567123e+00 8.245660052986567123e+00 8.245660052986567123e+00 8.245660052986567123e+00 8.245660052986567123e+00 8.245660052986567123e+00 8.245660052986567123e+00 8.245660052986567123e+00
8.245660052986567123e+00 8.245660052986567123e+00 8.245660052986567123e+00 8.245660052986567123e+00 8.245660052986567123e+00 8.245660052986567123e+00 2.909103298145165795e+01 6.598885069921814761e+01 1.171671696387745669e+02 1.313548711746108495e+02 1.150065807522922370e+02 7.715336076817557398e+01 3.660626217622777290e+01 2.089390869764498504e+01 8.245660052986567123e+00 8.245660052986567123e+00 8.245660052986567123e+00 8.245660052986567123e+00 8.245660052986567123e+00 8.245660052986567123e+00 8.245660052986567123e+00 8.245660052986567123e+00 8.245660052986567123e+00 8.245660052986567123e+00
8.245660052986567123e+00 8.245660052986567123e+00 8.245660052986567123e+00 8.245660052986567123e+00 8.245660052986567123e+00 8.245660052986567123e+00 3.020102216825687691e+01 6.598885069921814761e+01 1.011934156378600704e+02 1.073454985199624474e+02 7.715336076817557398e+01 4.379497455093283520e+01 2.089390869764498504e+01 8.245660052986567123e+00 8.245660052986567123e+00 8.245660052986567123e+00 8.245660052986567123e+00 8.245660052986567123e+00 8.245660052986567123e+00 8.245660052986567123e+00 8.245660052986567123e+00 8.245660052986567123e+00 8.245660052986567123e+00 8.245660052986567123e+00
8.245660052986567123e+00 8.245660052986567123e+00 8.245660052986567123e+00 8.245660052986567123e+00 8.245660052986567123e+00 8.245660052986567123e+00 3.020102216825687691e+01 5.502611505947168524e+01 8.657878492527615322e+01 7.086714677640604521e+01 4.379497455093283520e+01 2.854594226477535557e+01 8.245660052986567123e+00 8.245660052986567123e+00 8.245660052986567123e+00 8.245660052986567123e+00 8.245660052986567123e+00 8.245660052986567123e+00 8.245660052986567123e+00 8.245660052986567123e+00 8.245660052986567123e+00 8.245660052986567123e+00 8.245660052986567123e+00 8.245660052986567123e+00
