1.540740740740740522e+00 1.447936507936507855e+00 2.161604938271604937e+00 1.454333333333333256e+00 1.484832451499118022e+00 1.341527725700953910e+00 1.540740740740740522e+00 1.484832451499118022e+00 1.540740740740740522e+00 2.330738587424634023e+00 3.030243104473873572e+00 1.341527725700953910e+00 1.258756465145494108e+00 1.540740740740740522e+00 1.258756465145494108e+00 1.258756465145494108e+00 1.258756465145494108e+00 1.258756465145494108e+00 1.258756465145494108e+00 1.258756465145494108e+00 1.258756465145494108e+00 1.258756465145494108e+00 1.258756465145494108e+00 1.258756465145494108e+00
1.341527725700953910e+00 1.258756465145494108e+00 1.484832451499118022e+00 1.482194572395111543e+00 1.540740740740740522e+00 1.454333333333333256e+00 1.447936507936507855e+00 1.422593375616631350e+00 1.075555555555555598e+00 1.733173372708256332e+00 1.656691358024691585e+00 1.903654257185695586e+00 1.795370370370370061e+00 1.684900352733685880e+00 1.540740740740740522e+00 1.258756465145494108e+00 1.258756465145494108e+00 1.258756465145494108e+00 1.258756465145494108e+00 1.258756465145494108e+00 1.258756465145494108e+00 1.258756465145494108e+00 1.258756465145494108e+00 1.258756465145494108e+00
1.258756465145494108e+00 1.087037037037037024e+00 1.422593375616631350e+00 1.341527725700953910e+00 1.656691358024691585e+00 1.273888888888888626e+00 1.087037037037037024e+00 1.422593375616631350e+00 1.696296296296296191e+00 2.514651618223046281e+00 2.091651651651651456e+00 1.795370370370370061e+00 1.540740740740740522e+00 1.482194572395111543e+00 1.427397397397397238e+00 1.258756465145494108e+00 1.258756465145494108e+00 1.258756465145494108e+00 1.258756465145494108e+00 1.258756465145494108e+00 1.258756465145494108e+00 1.258756465145494108e+00 1.258756465145494108e+00 1.258756465145494108e+00
1.087037037037037024e+00 1.422593375616631350e+00 1.926666666666666528e+00 1.427397397397397238e+00 1.341527725700953910e+00 1.258756465145494108e+00 1.422593375616631350e+00 2.748765432098765782e+00 1.701190476190476142e+00 1.540740740740740522e+00 1.733173372708256332e+00 1.795370370370370061e+00 1.656691358024691585e+00 1.540740740740740522e+00 1.341527725700953910e+00 1.258756465145494108e+00 1.258756465145494108e+00 1.258756465145494108e+00 1.258756465145494108e+00 1.258756465145494108e+00 1.258756465145494108e+00 1.258756465145494108e+00 1.258756465145494108e+00 1.258756465145494108e+00
2.122962962962962941e+00 1.926666666666666528e+00 1.422593375616631350e+00 1.336496850545952064e+01 4.373898953301127079e+01 2.513471552216057781e+00 4.373898953301127079e+01 2.513471552216057781e+00 1.422593375616631350e+00 1.422593375616631350e+00 2.276249999999999929e+01 1.422593375616631350e+00 1.422593375616631350e+00 1.341527725700953910e+00 1.258756465145494108e+00 6.503968253968254176e-01 1.258756465145494108e+00 1.258756465145494108e+00 1.258756465145494108e+00 1.258756465145494108e+00 1.258756465145494108e+00 1.258756465145494108e+00 1.258756465145494108e+00 1.258756465145494108e+00
2.091651651651651456e+00 1.926666666666666528e+00 4.039603174603174551e+01 7.037345679012344135e+01 8.437423658352228983e+01 7.037345679012344135e+01 8.437423658352228983e+01 7.037345679012344135e+01 8.437423658352228983e+01 7.037345679012344135e+01 8.188333333333332575e+01 7.037345679012344135e+01 8.437423658352228983e+01 1.490443057964796836e+01 1.490443057964796836e+01 1.422593375616631350e+00 1.341527725700953910e+00 1.258756465145494108e+00 1.087037037037037024e+00 1.087037037037037024e+00 1.258756465145494108e+00 1.258756465145494108e+00 1.258756465145494108e+00 1.258756465145494108e+00
2.560370370370370630e+00 1.666444444444444528e+01 3.007777777777777573e+01 1.364297407407407263e+02 1.257018518518518562e+02 1.635762755102040842e+02 1.635762755102040842e+02 1.461621957671957546e+02 1.635762755102040842e+02 1.635762755102040842e+02 1.461621957671957546e+02 1.663605158730158564e+02 1.662766666666666424e+02 1.668759259259259125e+02 1.111283950617283836e+02 1.091807407407407453e+02 1.459333333333333016e+01 1.341527725700953910e+00 1.384777777777777530e+01 1.610317460317460370e+00 1.341527725700953910e+00 1.258756465145494108e+00 1.258756465145494108e+00 1.258756465145494108e+00
2.122962962962962941e+00 8.291212121212121033e+00 4.233386831275719686e+01 4.844009523809523188e+01 4.313308080808081257e+01 4.313308080808081257e+01 4.313308080808081257e+01 4.313308080808081257e+01 4.313308080808081257e+01 7.930499999999999261e+01 4.233386831275719686e+01 1.471409259259259272e+02 1.471409259259259272e+02 1.471409259259259272e+02 1.656622222222222263e+02 1.663605158730158564e+02 1.091807407407407453e+02 2.282555555555555316e+01 3.340229767023786156e+00 3.030243104473873572e+00 2.161604938271604937e+00 1.540740740740740522e+00 1.540740740740740522e+00 1.258756465145494108e+00
2.122962962962962941e+00 1.540740740740740522e+00 2.748765432098765782e+00 1.540740740740740522e+00 1.276481481481481772e+01 2.037517687953734669e+00 1.903654257185695586e+00 1.795370370370370061e+00 1.878981481481481808e+01 2.748765432098765782e+00 1.540740740740740522e+00 4.233386831275719686e+01 4.233386831275719686e+01 4.844009523809523188e+01 1.204436507936507752e+02 1.657319444444444230e+02 1.656622222222222263e+02 8.404876543209876161e+01 1.656691358024691585e+00 1.540740740740740522e+00 1.701190476190476142e+00 1.795370370370370061e+00 1.258756465145494108e+00 1.258756465145494108e+00
1.656691358024691585e+00 2.122962962962962941e+00 1.447936507936507855e+00 1.701190476190476142e+00 1.635244740945223985e+00 1.258756465145494108e+00 2.748765432098765782e+00 2.501666666666666483e+00 1.890272814928251721e+00 1.341527725700953910e+00 1.540740740740740522e+00 1.276481481481481772e+01 1.903654257185695586e+00 1.795370370370370061e+00 3.486229629629629301e+01 1.204436507936507752e+02 1.531594444444444321e+02 8.404876543209876161e+01 1.573440687063875298e+00 1.482194572395111543e+00 1.645767195767195767e+00 1.903654257185695586e+00 1.341527725700953910e+00 1.258756465145494108e+00
1.540740740740740522e+00 1.635244740945223985e+00 1.427397397397397238e+00 1.075555555555555598e+00 1.341527725700953910e+00 2.513471552216057781e+00 1.926666666666666528e+00 2.514651618223046281e+00 1.926666666666666528e+00 1.795370370370370061e+00 2.161604938271604937e+00 1.540740740740740522e+00 1.573440687063875298e+00 1.258756465145494108e+00 3.316206349206348847e+01 1.668759259259259125e+02 1.596643682940515987e+02 8.404876543209876161e+01 7.007222222222222463e+00 1.341527725700953910e+00 1.454333333333333256e+00 1.484832451499118022e+00 1.341527725700953910e+00 1.258756465145494108e+00
1.795370370370370061e+00 1.733173372708256332e+00 1.422593375616631350e+00 1.540740740740740522e+00 1.573440687063875298e+00 1.258756465145494108e+00 2.501666666666666483e+00 1.890272814928251721e+00 2.748765432098765782e+00 1.656691358024691585e+00 1.341527725700953910e+00 1.273888888888888626e+00 1.258756465145494108e+00 1.087037037037037024e+00 3.381444444444444031e+01 1.668759259259259125e+02 1.635762755102040842e+02 1.124960648148148010e+02 3.340229767023786156e+00 2.000220458553791492e+00 2.000220458553791492e+00 1.422593375616631350e+00 1.258756465145494108e+00 1.258756465145494108e+00
2.161604938271604937e+00 1.795370370370370061e+00 1.482194572395111543e+00 1.258756465145494108e+00 7.194444444444444420e-01 2.748765432098765782e+00 1.422593375616631350e+00 1.374497354497354440e+00 2.513471552216057781e+00 1.422593375616631350e+00 1.926666666666666528e+00 1.341527725700953910e+00 1.341527725700953910e+00 1.635244740945223985e+00 1.666444444444444528e+01 1.630382098765432204e+02 1.559323551125876577e+02 8.404876543209876161e+01 2.161604938271604937e+00 2.748765432098765782e+00 1.903654257185695586e+00 1.903654257185695586e+00 1.341527725700953910e+00 1.258756465145494108e+00
1.484832451499118022e+00 1.273888888888888626e+00 1.482194572395111543e+00 1.540740740740740522e+00 1.422593375616631350e+00 1.903654257185695586e+00 1.795370370370370061e+00 2.161604938271604937e+00 2.748765432098765782e+00 1.374497354497354440e+00 1.258756465145494108e+00 1.422593375616631350e+00 1.926666666666666528e+00 1.635244740945223985e+00 8.726507936507935881e+01 1.638473332869209855e+02 1.356336566725455555e+02 5.310231481481481097e+01 1.656691358024691585e+00 2.560370370370370630e+00 1.540740740740740522e+00 1.540740740740740522e+00 1.540740740740740522e+00 1.258756465145494108e+00
1.087037037037037024e+00 1.484832451499118022e+00 1.341527725700953910e+00 1.258756465145494108e+00 1.484832451499118022e+00 1.258756465145494108e+00 1.635244740945223985e+00 1.447936507936507855e+00 1.795370370370370061e+00 2.091651651651651456e+00 2.748765432098765782e+00 1.374497354497354440e+00 1.926666666666666528e+00 7.194444444444444420e-01 7.959111111111110404e+01 1.356336566725455555e+02 1.006681022107378567e+02 2.858694413198350492e+00 1.656691358024691585e+00 2.122962962962962941e+00 1.341527725700953910e+00 1.540740740740740522e+00 1.258756465145494108e+00 1.258756465145494108e+00
1.087037037037037024e+00 1.258756465145494108e+00 1.258756465145494108e+00 1.258756465145494108e+00 1.258756465145494108e+00 1.087037037037037024e+00 1.258756465145494108e+00 1.733173372708256332e+00 1.684900352733685880e+00 1.273888888888888626e+00 1.427397397397397238e+00 1.484832451499118022e+00 1.327726486614546353e+01 3.381444444444444031e+01 1.668759259259259125e+02 1.532981481481481296e+02 1.124960648148148010e+02 2.858694413198350492e+00 1.656691358024691585e+00 1.540740740740740522e+00 1.635244740945223985e+00 1.635244740945223985e+00 1.258756465145494108e+00 1.258756465145494108e+00
1.258756465145494108e+00 1.258756465145494108e+00 1.258756465145494108e+00 1.258756465145494108e+00 1.087037037037037024e+00 1.087037037037037024e+00 1.162410847162552940e+00 1.422593375616631350e+00 1.273888888888888626e+00 1.258756465145494108e+00 1.427397397397397238e+00 1.484832451499118022e+00 2.560370370370370630e+00 7.959111111111110404e+01 1.169166666666666430e+02 1.356336566725455555e+02 9.915000000000000568e+01 1.656691358024691585e+00 1.273888888888888626e+00 1.454333333333333256e+00 1.540740740740740522e+00 6.503968253968254176e-01 7.194444444444444420e-01 1.258756465145494108e+00
1.258756465145494108e+00 1.258756465145494108e+00 1.258756465145494108e+00 1.258756465145494108e+00 1.258756465145494108e+00 1.087037037037037024e+00 1.273888888888888626e+00 1.447936507936507855e+00 1.341527725700953910e+00 1.540740740740740522e+00 7.194444444444444420e-01 1.494944444444444365e+01 1.526888888888889007e+01 1.668759259259259125e+02 1.596643682940515987e+02 1.006681022107378567e+02 4.177166666666666828e+01 1.482194572395111543e+00 1.258756465145494108e+00 1.341527725700953910e+00 1.540740740740740522e+00 7.194444444444444420e-01 1.087037037037037024e+00 1.258756465145494108e+00
1.258756465145494108e+00 1.258756465145494108e+00 1.258756465145494108e+00 1.258756465145494108e+00 1.258756465145494108e+00 1.087037037037037024e+00 1.484832451499118022e+00 1.656691358024691585e+00 1.684900352733685880e+00 1.273888888888888626e+00 7.194444444444444420e-01 1.090515873015873005e+01 6.152999999999999403e+01 1.663605158730158564e+02 1.356336566725455555e+02 1.124960648148148010e+02 7.007222222222222463e+00 1.273888888888888626e+00 1.447936507936507855e+00 2.000220458553791492e+00 1.540740740740740522e+00 1.258756465145494108e+00 7.194444444444444420e-01 1.258756465145494108e+00
1.258756465145494108e+00 1.258756465145494108e+00 1.258756465145494108e+00 1.258756465145494108e+00 1.258756465145494108e+00 1.087037037037037024e+00 1.087037037037037024e+00 1.162410847162552940e+00 1.510077519379845024e+00 1.341527725700953910e+00 1.540740740740740522e+00 1.075555555555555598e+00 8.726507936507935881e+01 1.471409259259259272e+02 1.356336566725455555e+02 9.915000000000000568e+01 1.656691358024691585e+00 1.341527725700953910e+00 1.795370370370370061e+00 1.795370370370370061e+00 2.122962962962962941e+00 1.341527725700953910e+00 1.540740740740740522e+00 1.258756465145494108e+00
1.258756465145494108e+00 1.258756465145494108e+00 1.258756465145494108e+00 1.258756465145494108e+00 1.087037037037037024e+00 6.503968253968254176e-01 1.087037037037037024e+00 1.259523809523809490e+00 2.161604938271604937e+00 1.656691358024691585e+00 1.684900352733685880e+00 1.427397397397397238e+00 8.210467116883117455e+01 1.561278659611992907e+02 1.333426719576719393e+02 2.858694413198350492e+00 1.273888888888888626e+00 1.258756465145494108e+00 1.540740740740740522e+00 1.635244740945223985e+00 1.341527725700953910e+00 1.540740740740740522e+00 1.087037037037037024e+00 1.258756465145494108e+00
1.258756465145494108e+00 1.258756465145494108e+00 1.258756465145494108e+00 1.258756465145494108e+00 1.258756465145494108e+00 7.194444444444444420e-01 1.273888888888888626e+00 1.447936507936507855e+00 1.540740740740740522e+00 1.684900352733685880e+00 1.635244740945223985e+00 4.039603174603174551e+01 1.354120370370370381e+02 1.356336566725455555e+02 6.778555555555554690e+01 1.656691358024691585e+00 1.341527725700953910e+00 1.258756465145494108e+00 1.258756465145494108e+00 1.258756465145494108e+00 1.273888888888888626e+00 1.273888888888888626e+00 1.087037037037037024e+00 1.258756465145494108e+00
1.258756465145494108e+00 1.258756465145494108e+00 1.258756465145494108e+00 1.258756465145494108e+00 1.258756465145494108e+00 7.194444444444444420e-01 7.194444444444444420e-01 1.422593375616631350e+00 1.926666666666666528e+00 1.926666666666666528e+00 1.526888888888889007e+01 8.210467116883117455e+01 1.504072434274719683e+02 1.333426719576719393e+02 7.007222222222222463e+00 1.273888888888888626e+00 1.087037037037037024e+00 1.258756465145494108e+00 1.258756465145494108e+00 1.087037037037037024e+00 1.258756465145494108e+00 1.258756465145494108e+00 1.087037037037037024e+00 1.258756465145494108e+00
1.258756465145494108e+00 1.258756465145494108e+00 1.258756465145494108e+00 1.258756465145494108e+00 1.258756465145494108e+00 1.087037037037037024e+00 1.087037037037037024e+00 1.422593375616631350e+00 1.341527725700953910e+00 1.427397397397397238e+00 3.316206349206348847e+01 1.471409259259259272e+02 9.731730599647266899e+01 6.778555555555554690e+01 1.341527725700953910e+00 1.258756465145494108e+00 1.258756465145494108e+00 7.194444444444444420e-01 1.258756465145494108e+00 1.258756465145494108e+00 1.258756465145494108e+00 1.258756465145494108e+00 1.258756465145494108e+00 1.258756465145494108e+00
