8.853444815704236248e+00 8.853444815704236248e+00 8.853444815704236248e+00 8.853444815704236248e+00 8.853444815704236248e+00 8.853444815704236248e+00 8.853444815704236248e+00 8.853444815704236248e+00 8.853444815704236248e+00 8.853444815704236248e+00 8.853444815704236248e+00 8.853444815704236248e+00 8.853444815704236248e+00 8.853444815704236248e+00 8.853444815704236248e+00 8.853444815704236248e+00 8.853444815704236248e+00 8.853444815704236248e+00 8.853444815704236248e+00 8.853444815704236248e+00 8.853444815704236248e+00 8.853444815704236248e+00 8.853444815704236248e+00 8.853444815704236248e+00
8.853444815704236248e+00 8.853444815704236248e+00 8.853444815704236248e+00 8.853444815704236248e+00 8.853444815704236248e+00 8.853444815704236248e+00 8.853444815704236248e+00 8.853444815704236248e+00 8.853444815704236248e+00 8.853444815704236248e+00 8.853444815704236248e+00 8.853444815704236248e+00 8.853444815704236248e+00 8.853444815704236248e+00 1.674625342646569592e+01 1.674625342646569592e+01 1.674625342646569592e+01 2.421883822181166579e+01 1.674625342646569592e+01 1.674625342646569592e+01 8.853444815704236248e+00 8.853444815704236248e+00 8.853444815704236248e+00 8.853444815704236248e+00
8.853444815704236248e+00 8.853444815704236248e+00 8.853444815704236248e+00 8.853444815704236248e+00 8.853444815704236248e+00 8.853444815704236248e+00 8.853444815704236248e+00 8.853444815704236248e+00 8.853444815704236248e+00 8.853444815704236248e+00 2.603085408504649934e+01 2.902132816260067116e+01 2.991092093532101615e+01 3.456377028890728553e+01 3.456377028890728553e+01 3.456377028890728553e+01 3.759218681829955955e+01 4.017202667846540720e+01 3.759218681829955955e+01 2.636229498419514528e+01 2.027265295269202383e+01 8.853444815704236248e+00 8.853444815704236248e+00 8.853444815704236248e+00
8.853444815704236248e+00 8.853444815704236248e+00 8.853444815704236248e+00 8.853444815704236248e+00 8.853444815704236248e+00 8.853444815704236248e+00 8.853444815704236248e+00 8.853444815704236248e+00 2.603085408504649934e+01 2.902132816260067116e+01 4.017202667846540720e+01 6.370946502057612548e+01 7.261179698216734835e+01 7.261179698216734835e+01 7.261179698216734835e+01 8.306543209876544154e+01 1.060037722908093087e+02 1.060037722908093087e+02 7.963786008230451330e+01 5.159330165735603657e+01 2.827272521324375987e+01 2.027265295269202383e+01 8.853444815704236248e+00 8.853444815704236248e+00
8.853444815704236248e+00 8.853444815704236248e+00 8.853444815704236248e+00 8.853444815704236248e+00 8.853444815704236248e+00 8.853444815704236248e+00 2.603085408504649934e+01 2.902132816260067116e+01 4.017202667846540720e+01 7.261179698216734835e+01 9.225925925925926663e+01 1.060037722908093087e+02 1.139687928669410013e+02 1.139687928669410013e+02 1.139687928669410013e+02 1.188148148148148380e+02 1.203120713305898590e+02 1.203120713305898590e+02 1.135274348422496473e+02 7.963786008230451330e+01 5.159330165735603657e+01 2.027265295269202383e+01 8.853444815704236248e+00 8.853444815704236248e+00
8.853444815704236248e+00 8.853444815704236248e+00 8.853444815704236248e+00 8.853444815704236248e+00 8.853444815704236248e+00 2.603085408504649934e+01 3.878257092304327358e+01 6.370946502057612548e+01 9.225925925925926663e+01 1.123235025148605359e+02 1.188148148148148380e+02 1.227513717421124966e+02 1.466640397805212501e+02 1.190205761316872497e+02 1.190205761316872497e+02 1.190205761316872497e+02 1.313311934156378413e+02 1.466640397805212501e+02 1.285381801554641186e+02 1.096344307270233145e+02 7.963786008230451330e+01 4.447048766426113531e+01 2.027265295269202383e+01 8.853444815704236248e+00
8.853444815704236248e+00 8.853444815704236248e+00 8.853444815704236248e+00 8.853444815704236248e+00 2.603085408504649934e+01 3.878257092304327358e+01 6.370946502057612548e+01 1.123235025148605359e+02 1.188148148148148380e+02 1.227513717421124966e+02 1.313311934156378413e+02 1.313311934156378413e+02 1.166291723822588295e+02 1.166291723822588295e+02 1.009711934156378561e+02 1.117872427983539012e+02 1.131172839506172778e+02 1.244780521262002537e+02 1.244780521262002537e+02 1.256025377229080817e+02 9.563511659807954857e+01 5.159330165735603657e+01 2.827272521324375987e+01 8.853444815704236248e+00
8.853444815704236248e+00 8.853444815704236248e+00 8.853444815704236248e+00 8.853444815704236248e+00 2.834727822231098315e+01 6.590576131687242878e+01 1.123235025148605359e+02 1.188148148148148380e+02 1.466640397805212501e+02 1.181220850480109590e+02 1.069790809327846262e+02 8.464951989026062051e+01 7.613971193415638083e+01 7.196513488797438640e+01 5.685733882030177710e+01 7.196513488797438640e+01 1.117872427983539012e+02 1.238351989026062796e+02 1.227513717421124966e+02 1.285381801554641186e+02 1.069790809327846262e+02 5.159330165735603657e+01 3.334204230069862973e+01 8.853444815704236248e+00
8.853444815704236248e+00 8.853444815704236248e+00 8.853444815704236248e+00 2.603085408504649934e+01 3.935400516795866110e+01 8.600880658436213366e+01 1.238351989026062796e+02 1.466640397805212501e+02 1.181220850480109590e+02 8.464951989026062051e+01 6.487048468221308894e+01 4.344217311783066293e+01 3.286613586211009164e+01 2.872955944747504020e+01 5.475788751714677005e+01 8.600880658436213366e+01 1.123235025148605359e+02 1.188148148148148380e+02 1.313311934156378413e+02 1.069790809327846262e+02 8.628257887517145264e+01 4.382189968328646756e+01 2.399348434054896018e+01 8.853444815704236248e+00
8.853444815704236248e+00 8.853444815704236248e+00 8.853444815704236248e+00 2.603085408504649934e+01 5.612482853223593793e+01 1.117872427983539012e+02 1.542823750734861505e+02 1.355153909465020092e+02 1.069790809327846262e+02 6.487048468221308894e+01 2.851968406009774526e+01 1.766973954006184755e+01 2.834727822231098315e+01 4.293228932369768813e+01 8.306543209876544154e+01 1.123235025148605359e+02 1.188148148148148380e+02 1.181220850480109590e+02 1.009711934156378561e+02 7.613971193415638083e+01 4.382189968328646756e+01 2.399348434054896018e+01 8.853444815704236248e+00 8.853444815704236248e+00
8.853444815704236248e+00 8.853444815704236248e+00 8.853444815704236248e+00 2.603085408504649934e+01 5.612482853223593793e+01 1.117872427983539012e+02 1.542823750734861505e+02 1.355153909465020092e+02 1.096344307270233145e+02 5.159330165735603657e+01 2.991092093532101615e+01 2.902132816260067116e+01 6.370946502057612548e+01 8.600880658436213366e+01 1.123235025148605359e+02 1.188148148148148380e+02 1.181220850480109590e+02 9.662444444444443548e+01 6.487048468221308894e+01 4.344217311783066293e+01 2.399348434054896018e+01 8.853444815704236248e+00 8.853444815704236248e+00 8.853444815704236248e+00
8.853444815704236248e+00 8.853444815704236248e+00 8.853444815704236248e+00 1.865469026565782329e+01 3.602712770075518733e+01 8.600880658436213366e+01 1.244780521262002537e+02 1.390968267032464212e+02 1.256025377229080817e+02 9.066255144032919588e+01 7.963786008230451330e+01 7.261179698216734835e+01 8.600880658436213366e+01 1.123235025148605359e+02 1.466640397805212501e+02 1.181220850480109590e+02 9.908436213991768682e+01 4.382189968328646756e+01 2.399348434054896018e+01 2.136550308229728046e+01 8.853444815704236248e+00 8.853444815704236248e+00 8.853444815704236248e+00 8.853444815704236248e+00
8.853444815704236248e+00 8.853444815704236248e+00 8.853444815704236248e+00 8.853444815704236248e+00 3.298205188486242889e+01 5.367739119590971342e+01 1.117872427983539012e+02 1.244780521262002537e+02 1.390968267032464212e+02 1.256025377229080817e+02 1.135274348422496473e+02 1.060037722908093087e+02 1.188148148148148380e+02 1.466640397805212501e+02 1.313311934156378413e+02 9.662444444444443548e+01 6.487048468221308894e+01 2.399348434054896018e+01 8.853444815704236248e+00 8.853444815704236248e+00 8.853444815704236248e+00 8.853444815704236248e+00 8.853444815704236248e+00 8.853444815704236248e+00
8.853444815704236248e+00 8.853444815704236248e+00 8.853444815704236248e+00 8.853444815704236248e+00 2.527086273964069107e+01 4.079736116485732822e+01 7.196513488797438640e+01 1.117872427983539012e+02 1.244780521262002537e+02 1.542823750734861505e+02 1.390968267032464212e+02 1.542823750734861505e+02 1.542823750734861505e+02 1.313311934156378413e+02 1.069790809327846262e+02 6.487048468221308894e+01 2.851968406009774526e+01 8.853444815704236248e+00 8.853444815704236248e+00 8.853444815704236248e+00 8.853444815704236248e+00 8.853444815704236248e+00 8.853444815704236248e+00 8.853444815704236248e+00
8.853444815704236248e+00 8.853444815704236248e+00 8.853444815704236248e+00 8.853444815704236248e+00 8.853444815704236248e+00 2.163230133665103239e+01 4.079736116485732822e+01 7.240315500685871086e+01 1.117872427983539012e+02 1.244780521262002537e+02 1.542823750734861505e+02 1.542823750734861505e+02 1.466640397805212501e+02 1.355153909465020092e+02 8.464951989026062051e+01 4.382189968328646756e+01 8.853444815704236248e+00 8.853444815704236248e+00 8.853444815704236248e+00 8.853444815704236248e+00 8.853444815704236248e+00 8.853444815704236248e+00 8.853444815704236248e+00 8.853444815704236248e+00
8.853444815704236248e+00 8.853444815704236248e+00 8.853444815704236248e+00 8.853444815704236248e+00 8.853444815704236248e+00 8.853444815704236248e+00 2.527086273964069107e+01 4.079736116485732822e+01 7.196513488797438640e+01 1.117872427983539012e+02 1.542823750734861505e+02 1.542823750734861505e+02 1.542823750734861505e+02 1.355153909465020092e+02 7.346536351165980250e+01 5.159330165735603657e+01 2.027265295269202383e+01 8.853444815704236248e+00 8.853444815704236248e+00 8.853444815704236248e+00 8.853444815704236248e+00 8.853444815704236248e+00 8.853444815704236248e+00 8.853444815704236248e+00
8.853444815704236248e+00 8.853444815704236248e+00 8.853444815704236248e+00 8.853444815704236248e+00 8.853444815704236248e+00 8.853444815704236248e+00 8.853444815704236248e+00 2.201831375121766499e+01 5.612482853223593793e+01 1.117872427983539012e+02 1.238351989026062796e+02 1.542823750734861505e+02 1.542823750734861505e+02 1.390968267032464212e+02 1.096344307270233145e+02 5.159330165735603657e+01 2.027265295269202383e+01 2.027265295269202383e+01 8.853444815704236248e+00 8.853444815704236248e+00 8.853444815704236248e+00 8.853444815704236248e+00 8.853444815704236248e+00 8.853444815704236248e+00
8.853444815704236248e+00 8.853444815704236248e+00 8.853444815704236248e+00 8.853444815704236248e+00 8.853444815704236248e+00 8.853444815704236248e+00 8.853444815704236248e+00 1.865469026565782329e+01 3.602712770075518733e+01 9.316872427983538785e+01 1.238351989026062796e+02 1.542823750734861505e+02 1.542823750734861505e+02 1.390968267032464212e+02 1.256025377229080817e+02 9.066255144032919588e+01 4.963162760183693223e+01 2.027265295269202383e+01 8.853444815704236248e+00 8.853444815704236248e+00 8.853444815704236248e+00 8.853444815704236248e+00 8.853444815704236248e+00 8.853444815704236248e+00
8.853444815704236248e+00 8.853444815704236248e+00 8.853444815704236248e+00 8.853444815704236248e+00 8.853444815704236248e+00 8.853444815704236248e+00 8.853444815704236248e+00 1.865469026565782329e+01 3.878257092304327358e+01 8.600880658436213366e+01 1.238351989026062796e+02 1.542823750734861505e+02 1.542823750734861505e+02 1.542823750734861505e+02 1.390968267032464212e+02 1.129259259259259238e+02 7.963786008230451330e+01 2.827272521324375987e+01 2.027265295269202383e+01 8.853444815704236248e+00 8.853444815704236248e+00 8.853444815704236248e+00 8.853444815704236248e+00 8.853444815704236248e+00
8.853444815704236248e+00 8.853444815704236248e+00 8.853444815704236248e+00 8.853444815704236248e+00 8.853444815704236248e+00 8.853444815704236248e+00 8.853444815704236248e+00 1.865469026565782329e+01 3.878257092304327358e+01 8.848065843621398585e+01 1.238351989026062796e+02 1.542823750734861505e+02 1.542823750734861505e+02 1.542823750734861505e+02 1.542823750734861505e+02 1.355153909465020092e+02 9.066255144032919588e+01 5.159330165735603657e+01 8.853444815704236248e+00 8.853444815704236248e+00 8.853444815704236248e+00 8.853444815704236248e+00 8.853444815704236248e+00 8.853444815704236248e+00
8.853444815704236248e+00 8.853444815704236248e+00 8.853444815704236248e+00 8.853444815704236248e+00 8.853444815704236248e+00 8.853444815704236248e+00 8.853444815704236248e+00 8.853444815704236248e+00 3.298205188486242889e+01 8.600880658436213366e+01 1.117872427983539012e+02 1.542823750734861505e+02 1.542823750734861505e+02 1.542823750734861505e+02 1.466640397805212501e+02 1.313311934156378413e+02 7.346536351165980250e+01 2.851968406009774526e+01 8.853444815704236248e+00 8.853444815704236248e+00 8.853444815704236248e+00 8.853444815704236248e+00 8.853444815704236248e+00 8.853444815704236248e+00
8.853444815704236248e+00 8.853444815704236248e+00 8.853444815704236248e+00 8.853444815704236248e+00 8.853444815704236248e+00 8.853444815704236248e+00 8.853444815704236248e+00 8.853444815704236248e+00 3.602712770075518733e+01 6.069264428142581380e+01 1.009711934156378561e+02 1.190205761316872497e+02 1.466640397805212501e+02 1.466640397805212501e+02 1.313311934156378413e+02 1.069790809327846262e+02 6.487048468221308894e+01 2.851968406009774526e+01 8.853444815704236248e+00 8.853444815704236248e+00 8.853444815704236248e+00 8.853444815704236248e+00 8.853444815704236248e+00 8.853444815704236248e+00
8.853444815704236248e+00 8.853444815704236248e+00 8.853444815704236248e+00 8.853444815704236248e+00 8.853444815704236248e+00 8.853444815704236248e+00 8.853444815704236248e+00 8.853444815704236248e+00 8.853444815704236248e+00 4.079736116485732822e+01 6.069264428142581380e+01 8.652983539094650212e+01 1.009711934156378561e+02 1.166291723822588295e+02 9.662444444444443548e+01 6.487048468221308894e+01 4.382189968328646756e+01 2.092453823332375862e+01 8.853444815704236248e+00 8.853444815704236248e+00 8.853444815704236248e+00 8.853444815704236248e+00 8.853444815704236248e+00 8.853444815704236248e+00
8.853444815704236248e+00 8.853444815704236248e+00 8.853444815704236248e+00 8.853444815704236248e+00 8.853444815704236248e+00 8.853444815704236248e+00 8.853444815704236248e+00 8.853444815704236248e+00 8.853444815704236248e+00 8.853444815704236248e+00 2.527086273964069107e+01 4.318634321385260222e+01 4.194232846173014906e+01 4.095204049914090660e+01 4.344217311783066293e+01 3.286613586211009164e+01 2.399348434054896018e+01 8.853444815704236248e+00 8.853444815704236248e+00 8.853444815704236248e+00 8.853444815704236248e+00 8.853444815704236248e+00 8.853444815704236248e+00 8.853444815704236248e+00
