7.445513272179084652e+00 7.445513272179084652e+00 7.445513272179084652e+00 7.445513272179084652e+00 7.445513272179084652e+00 7.445513272179084652e+00 7.445513272179084652e+00 7.445513272179084652e+00 1.566433087618613484e+01 2.243872735801935292e+01 3.206535088241992781e+01 4.259783197384565057e+01 5.057571528748987078e+01 4.218362422988232652e+01 3.795647426314754114e+01 2.410741190047124860e+01 1.620064095406635474e+01 7.445513272179084652e+00 7.445513272179084652e+00 7.445513272179084652e+00 7.445513272179084652e+00 7.445513272179084652e+00 7.445513272179084652e+00 7.445513272179084652e+00
7.445513272179084652e+00 7.445513272179084652e+00 7.445513272179084652e+00 7.445513272179084652e+00 7.445513272179084652e+00 7.445513272179084652e+00 7.445513272179084652e+00 1.536644408465288159e+01 2.243872735801935292e+01 4.672688536713653207e+01 7.143375160604358598e+01 8.583237311385458668e+01 8.668587105624142453e+01 8.480246913580248247e+01 8.480246913580248247e+01 5.045486150586440033e+01 3.129983531457513379e+01 1.620064095406635474e+01 7.445513272179084652e+00 7.445513272179084652e+00 7.445513272179084652e+00 7.445513272179084652e+00 7.445513272179084652e+00 7.445513272179084652e+00
7.445513272179084652e+00 7.445513272179084652e+00 7.445513272179084652e+00 7.445513272179084652e+00 7.445513272179084652e+00 7.445513272179084652e+00 7.445513272179084652e+00 2.077346980975777058e+01 5.017521227182123766e+01 7.577942386831276167e+01 9.817009602194788442e+01 1.138089849108367702e+02 1.202602880658436248e+02 1.202602880658436248e+02 9.825857338820300413e+01 9.059048623731834482e+01 5.424776025078222119e+01 2.102480048375337418e+01 7.445513272179084652e+00 7.445513272179084652e+00 7.445513272179084652e+00 7.445513272179084652e+00 7.445513272179084652e+00 7.445513272179084652e+00
7.445513272179084652e+00 7.445513272179084652e+00 7.445513272179084652e+00 7.445513272179084652e+00 7.445513272179084652e+00 7.445513272179084652e+00 7.445513272179084652e+00 2.805112519771158119e+01 6.184776025078220840e+01 9.309876543209877298e+01 9.487740054869682638e+01 1.021107681755829901e+02 8.893209876543210157e+01 1.127777777777777715e+02 1.185740740740740620e+02 1.145637860082304371e+02 7.845884773662551481e+01 3.702688252160496063e+01 1.859816713901803453e+01 7.445513272179084652e+00 7.445513272179084652e+00 7.445513272179084652e+00 7.445513272179084652e+00 7.445513272179084652e+00
7.445513272179084652e+00 7.445513272179084652e+00 7.445513272179084652e+00 7.445513272179084652e+00 7.445513272179084652e+00 7.445513272179084652e+00 7.445513272179084652e+00 2.503939830098938302e+01 5.532619727336003024e+01 6.159337045250642007e+01 6.203437437936752730e+01 5.832559758212818934e+01 5.466031703136664532e+01 6.670251966364840257e+01 9.881069958847734824e+01 1.185740740740740620e+02 1.007199841166702754e+02 6.677661832752539794e+01 2.545819392467762299e+01 7.445513272179084652e+00 7.445513272179084652e+00 7.445513272179084652e+00 7.445513272179084652e+00 7.445513272179084652e+00
7.445513272179084652e+00 7.445513272179084652e+00 7.445513272179084652e+00 7.445513272179084652e+00 7.445513272179084652e+00 7.445513272179084652e+00 7.445513272179084652e+00 2.440210239994764763e+01 3.332520800471893097e+01 4.092589622723062348e+01 3.199676521048284528e+01 2.567704038727073979e+01 2.609428008709174662e+01 3.617037011480529429e+01 7.508641975308643168e+01 9.923182441700960510e+01 1.174956585252881638e+02 8.026268861454046544e+01 3.401219089517807248e+01 1.698931668238460091e+01 7.445513272179084652e+00 7.445513272179084652e+00 7.445513272179084652e+00 7.445513272179084652e+00
7.445513272179084652e+00 7.445513272179084652e+00 7.445513272179084652e+00 7.445513272179084652e+00 7.445513272179084652e+00 7.445513272179084652e+00 7.445513272179084652e+00 7.445513272179084652e+00 1.548842048535814442e+01 1.935359504699464495e+01 1.935359504699464495e+01 7.445513272179084652e+00 7.445513272179084652e+00 2.395463874957814099e+01 6.125475835470467700e+01 1.054617363089585211e+02 1.120816186556927221e+02 8.309853680841334267e+01 4.190648706127593925e+01 1.493540074329668066e+01 7.445513272179084652e+00 7.445513272179084652e+00 7.445513272179084652e+00 7.445513272179084652e+00
7.445513272179084652e+00 7.445513272179084652e+00 7.445513272179084652e+00 7.445513272179084652e+00 7.445513272179084652e+00 7.445513272179084652e+00 7.445513272179084652e+00 7.445513272179084652e+00 7.445513272179084652e+00 7.445513272179084652e+00 7.445513272179084652e+00 1.536644408465288159e+01 1.616804231605852848e+01 3.185330990851822008e+01 7.125867890682704342e+01 1.045836762688614385e+02 9.910013717421125534e+01 7.592352537722906902e+01 3.554061104163553608e+01 1.644475427065106743e+01 7.445513272179084652e+00 7.445513272179084652e+00 7.445513272179084652e+00 7.445513272179084652e+00
7.445513272179084652e+00 7.445513272179084652e+00 7.445513272179084652e+00 7.445513272179084652e+00 7.445513272179084652e+00 7.445513272179084652e+00 7.445513272179084652e+00 7.445513272179084652e+00 7.445513272179084652e+00 1.566433087618613484e+01 1.536644408465288159e+01 3.206535088241992781e+01 3.873946965454670988e+01 5.598945548640289616e+01 8.602194787379971785e+01 1.125697873799725528e+02 9.380075445816186175e+01 6.314865145636510135e+01 2.550558854943460929e+01 7.445513272179084652e+00 7.445513272179084652e+00 7.445513272179084652e+00 7.445513272179084652e+00 7.445513272179084652e+00
7.445513272179084652e+00 7.445513272179084652e+00 7.445513272179084652e+00 7.445513272179084652e+00 7.445513272179084652e+00 7.445513272179084652e+00 7.445513272179084652e+00 7.445513272179084652e+00 7.445513272179084652e+00 1.725902660996344196e+01 3.495855997300495233e+01 5.657680549321327135e+01 8.583237311385458668e+01 1.029917334488484641e+02 1.061073388203017771e+02 1.050709876543209873e+02 7.983744855967078990e+01 3.952200886966677729e+01 1.901474512077659540e+01 7.445513272179084652e+00 7.445513272179084652e+00 7.445513272179084652e+00 7.445513272179084652e+00 7.445513272179084652e+00
7.445513272179084652e+00 7.445513272179084652e+00 7.445513272179084652e+00 7.445513272179084652e+00 7.445513272179084652e+00 7.445513272179084652e+00 7.445513272179084652e+00 7.445513272179084652e+00 7.445513272179084652e+00 2.196424913866394490e+01 5.081771063529541266e+01 8.948422496570644569e+01 1.071848422496570521e+02 1.320309718354280619e+02 1.313893157713601454e+02 1.139518518518518420e+02 6.908454361884312789e+01 2.891394978647216973e+01 1.425461216854372992e+01 7.445513272179084652e+00 7.445513272179084652e+00 7.445513272179084652e+00 7.445513272179084652e+00 7.445513272179084652e+00
7.445513272179084652e+00 7.445513272179084652e+00 7.445513272179084652e+00 7.445513272179084652e+00 7.445513272179084652e+00 7.445513272179084652e+00 7.445513272179084652e+00 7.445513272179084652e+00 7.445513272179084652e+00 2.395463874957814099e+01 3.665876307273937584e+01 8.445012069203856697e+01 1.095695292758645536e+02 1.337462330444683403e+02 1.395496635763132645e+02 1.096882454796665911e+02 6.468689986282578275e+01 2.724244323357469710e+01 7.445513272179084652e+00 7.445513272179084652e+00 7.445513272179084652e+00 7.445513272179084652e+00 7.445513272179084652e+00 7.445513272179084652e+00
7.445513272179084652e+00 7.445513272179084652e+00 7.445513272179084652e+00 7.445513272179084652e+00 7.445513272179084652e+00 7.445513272179084652e+00 7.445513272179084652e+00 7.445513272179084652e+00 7.445513272179084652e+00 1.806356576579594275e+01 2.639076678822207711e+01 5.060907934235898864e+01 7.887722908093277852e+01 1.127777777777777715e+02 1.185740740740740620e+02 1.143717421124828633e+02 7.845884773662551481e+01 3.702688252160496063e+01 1.753732852000297626e+01 7.445513272179084652e+00 7.445513272179084652e+00 7.445513272179084652e+00 7.445513272179084652e+00 7.445513272179084652e+00
7.445513272179084652e+00 7.445513272179084652e+00 7.445513272179084652e+00 7.445513272179084652e+00 7.445513272179084652e+00 7.445513272179084652e+00 7.445513272179084652e+00 7.445513272179084652e+00 7.445513272179084652e+00 1.450562745880502113e+01 1.450562745880502113e+01 2.440210239994764763e+01 4.694744575683914434e+01 8.494236878203739138e+01 1.134938271604938222e+02 1.212016460905349788e+02 1.007199841166702754e+02 4.996569318859005193e+01 2.102480048375337418e+01 7.445513272179084652e+00 7.445513272179084652e+00 7.445513272179084652e+00 7.445513272179084652e+00 7.445513272179084652e+00
7.445513272179084652e+00 7.445513272179084652e+00 7.445513272179084652e+00 7.445513272179084652e+00 7.445513272179084652e+00 7.445513272179084652e+00 7.445513272179084652e+00 7.445513272179084652e+00 1.536644408465288159e+01 2.373922103814688356e+01 2.877958411362226343e+01 2.446977533690731121e+01 2.540599705928844543e+01 5.230673677793018328e+01 8.772469135802468543e+01 1.233459955682177878e+02 1.039239907897315192e+02 6.822496570644717906e+01 2.724244323357469710e+01 7.445513272179084652e+00 7.445513272179084652e+00 7.445513272179084652e+00 7.445513272179084652e+00 7.445513272179084652e+00
7.445513272179084652e+00 7.445513272179084652e+00 7.445513272179084652e+00 7.445513272179084652e+00 7.445513272179084652e+00 7.445513272179084652e+00 1.536644408465288159e+01 2.452735951941813752e+01 4.201897244087674466e+01 5.598945548640289616e+01 5.539485596707819326e+01 3.702688252160496063e+01 2.938595824245816601e+01 4.072164000577465970e+01 7.477434842249655844e+01 1.142994787379972621e+02 1.120816186556927221e+02 6.822496570644717906e+01 2.724244323357469710e+01 7.445513272179084652e+00 7.445513272179084652e+00 7.445513272179084652e+00 7.445513272179084652e+00 7.445513272179084652e+00
7.445513272179084652e+00 7.445513272179084652e+00 7.445513272179084652e+00 7.445513272179084652e+00 7.445513272179084652e+00 1.536644408465288159e+01 3.072157038589553579e+01 5.545493993496727114e+01 8.579652491998170660e+01 8.931893004115225665e+01 8.929903978052125524e+01 6.533058984910836386e+01 4.634256125160717943e+01 5.033620229783639388e+01 8.487345679012345556e+01 1.125697873799725528e+02 1.074578189300411424e+02 6.502638798642696827e+01 2.799398854045543672e+01 7.445513272179084652e+00 7.445513272179084652e+00 7.445513272179084652e+00 7.445513272179084652e+00 7.445513272179084652e+00
7.445513272179084652e+00 7.445513272179084652e+00 7.445513272179084652e+00 7.445513272179084652e+00 1.536644408465288159e+01 2.757451486769324944e+01 5.545493993496727114e+01 9.306564765824025187e+01 1.169609053497942313e+02 1.188257887517146827e+02 1.134149519890260649e+02 7.158197217323143491e+01 7.192868433641513093e+01 7.928623685413808175e+01 9.875605852766346970e+01 1.126965020576131593e+02 9.380075445816186175e+01 5.193973239162776423e+01 2.209229417599317813e+01 7.445513272179084652e+00 7.445513272179084652e+00 7.445513272179084652e+00 7.445513272179084652e+00 7.445513272179084652e+00
7.445513272179084652e+00 7.445513272179084652e+00 7.445513272179084652e+00 7.445513272179084652e+00 1.822137877446506238e+01 4.403649126972972994e+01 8.558607681755830754e+01 1.276503060900595585e+02 1.399699105543038229e+02 1.450797713647860974e+02 1.201568513619439642e+02 1.201568513619439642e+02 1.075569272976680253e+02 1.123433927754915231e+02 1.071138545953360648e+02 9.471696387745770096e+01 7.099933470507545508e+01 3.560756949547240424e+01 1.644475427065106743e+01 7.445513272179084652e+00 7.445513272179084652e+00 7.445513272179084652e+00 7.445513272179084652e+00 7.445513272179084652e+00
7.445513272179084652e+00 7.445513272179084652e+00 7.445513272179084652e+00 7.445513272179084652e+00 2.395463874957814099e+01 5.722247959711759790e+01 8.721980795610426185e+01 1.264072714916751465e+02 1.414616373348841876e+02 1.389767750151711994e+02 1.248923182441700845e+02 1.248923182441700845e+02 1.173918609967992523e+02 1.060018771207854940e+02 9.471696387745770096e+01 6.645482694181029615e+01 4.288383783853080899e+01 2.074184273730458727e+01 7.445513272179084652e+00 7.445513272179084652e+00 7.445513272179084652e+00 7.445513272179084652e+00 7.445513272179084652e+00 7.445513272179084652e+00
7.445513272179084652e+00 7.445513272179084652e+00 7.445513272179084652e+00 7.445513272179084652e+00 1.806356576579594275e+01 3.665876307273937584e+01 7.232716049382716506e+01 8.655658436213990115e+01 1.026421918995018245e+02 9.651028806584362485e+01 9.651028806584362485e+01 9.241048525377227918e+01 9.241048525377227918e+01 7.683127572016458373e+01 5.044487801441660224e+01 3.060608236123740156e+01 1.935359504699464495e+01 7.445513272179084652e+00 7.445513272179084652e+00 7.445513272179084652e+00 7.445513272179084652e+00 7.445513272179084652e+00 7.445513272179084652e+00 7.445513272179084652e+00
7.445513272179084652e+00 7.445513272179084652e+00 7.445513272179084652e+00 7.445513272179084652e+00 1.735289479435479620e+01 1.944566954846908757e+01 3.299635175117260388e+01 4.319275956907385705e+01 5.620876547976547499e+01 5.620876547976547499e+01 5.042213094932779427e+01 5.042213094932779427e+01 3.785336920793294269e+01 3.747110049199203985e+01 2.348230122760661231e+01 1.935359504699464495e+01 7.445513272179084652e+00 7.445513272179084652e+00 7.445513272179084652e+00 7.445513272179084652e+00 7.445513272179084652e+00 7.445513272179084652e+00 7.445513272179084652e+00 7.445513272179084652e+00
7.445513272179084652e+00 7.445513272179084652e+00 7.445513272179084652e+00 7.445513272179084652e+00 7.445513272179084652e+00 7.445513272179084652e+00 1.812925819655729143e+01 2.440210239994764763e+01 2.344262535794354463e+01 2.344262535794354463e+01 2.312689743060798264e+01 2.065822943670800527e+01 1.935359504699464495e+01 1.644475427065106743e+01 7.445513272179084652e+00 7.445513272179084652e+00 7.445513272179084652e+00 7.445513272179084652e+00 7.445513272179084652e+00 7.445513272179084652e+00 7.445513272179084652e+00 7.445513272179084652e+00 7.445513272179084652e+00 7.445513272179084652e+00
7.445513272179084652e+00 7.445513272179084652e+00 7.445513272179084652e+00 7.445513272179084652e+00 7.445513272179084652e+00 7.445513272179084652e+00 7.445513272179084652e+00 7.445513272179084652e+00 7.445513272179084652e+00 7.445513272179084652e+00 7.445513272179084652e+00 7.445513272179084652e+00 7.445513272179084652e+00 7.445513272179084652e+00 7.445513272179084652e+00 7.445513272179084652e+00 7.445513272179084652e+00 7.445513272179084652e+00 7.445513272179084652e+00 7.445513272179084652e+00 7.445513272179084652e+00 7.445513272179084652e+00 7.445513272179084652e+00 7.445513272179084652e+00
