2.305555555555555414e-01 2.305555555555555414e-01 2.305555555555555414e-01 2.305555555555555414e-01 2.233796296296295947e-01 9.233796296296297168e-01 8.911111111111111871e-01 1.772447089947089882e+00 1.319135802469135754e+00 9.249382716049382447e-01 1.215740740740740788e+00 1.239103835978835777e+00 1.547430376112546746e+00 1.547430376112546746e+00 1.275555555555555554e+00 1.215740740740740788e+00 1.239103835978835777e+00 5.708333333333333037e-01 9.932098765432098020e-01 1.275555555555555554e+00 9.237037037037036935e-01 4.527777777777777790e-01 4.976851851851851194e-01 2.305555555555555414e-01
2.305555555555555414e-01 2.305555555555555414e-01 2.305555555555555414e-01 2.305555555555555414e-01 3.180555555555555358e-01 2.305555555555555414e-01 1.197946127946127870e+00 1.567180776014109211e+00 1.243055555555555358e+00 8.911111111111111871e-01 8.635416666666667629e-01 8.911111111111111871e-01 1.137962962962962843e+00 1.214006734006733756e+00 1.334705075445816291e+00 1.044444444444444509e+00 6.161111111111110539e-01 2.364010614470736904e+00 1.319135802469135754e+00 1.239103835978835777e+00 1.484691358024691210e+00 2.305555555555555414e-01 2.233796296296295947e-01 2.305555555555555414e-01
2.305555555555555414e-01 2.305555555555555414e-01 2.305555555555555414e-01 2.305555555555555414e-01 2.233796296296295947e-01 3.333333333333333148e-01 1.745370370370370239e+00 1.399845679012345689e+00 1.731944444444444287e+00 1.044444444444444509e+00 5.708333333333333037e-01 1.044444444444444509e+00 6.754765079365077440e+01 6.754765079365077440e+01 1.334705075445816291e+00 2.233796296296295947e-01 2.233796296296295947e-01 3.180555555555555358e-01 2.364010614470736904e+00 1.094603174603174578e+00 2.233796296296295947e-01 2.233796296296295947e-01 2.305555555555555414e-01 2.233796296296295947e-01
2.305555555555555414e-01 2.305555555555555414e-01 2.305555555555555414e-01 2.305555555555555414e-01 4.187683715461492651e-01 2.305555555555555414e-01 1.847777777777777519e+00 1.356275720164608956e+00 4.340398148148148039e+01 8.560925925925926094e+01 6.734611111111109949e+01 1.673833333333332973e+02 1.651964814814814702e+02 1.347114748677248599e+02 1.319814814814814419e+01 1.243055555555555358e+00 9.329365079365078417e-01 5.708333333333333037e-01 1.722222222222222099e+00 1.547430376112546746e+00 1.588888888888889239e+00 2.233796296296295947e-01 2.305555555555555414e-01 3.180555555555555358e-01
2.305555555555555414e-01 2.305555555555555414e-01 2.305555555555555414e-01 2.305555555555555414e-01 2.233796296296295947e-01 3.333333333333333148e-01 1.044444444444444509e+00 4.164526455026454954e+01 1.104680555555555515e+02 1.673833333333332973e+02 1.663881944444444230e+02 1.662283835880490130e+02 1.550756349206349114e+02 9.026851851851851904e+01 2.364010614470736904e+00 1.547430376112546746e+00 1.077333333333333254e+00 6.043650793650794384e-01 8.847222222222222987e-01 1.762962962962963065e+00 1.386869920675433798e+00 6.043650793650794384e-01 2.305555555555555414e-01 2.233796296296295947e-01
2.305555555555555414e-01 2.305555555555555414e-01 2.305555555555555414e-01 2.305555555555555414e-01 2.305555555555555414e-01 3.333333333333333148e-01 4.079024691358024768e+01 1.104680555555555515e+02 1.664415873015872762e+02 1.662144444444444105e+02 1.667413888888889062e+02 1.484044312169311866e+02 8.747277777777776464e+01 2.305000000000000071e+01 1.341203703703703676e+00 1.399239417989417866e+00 1.413728967062300335e+00 1.163284202569916825e+00 8.911111111111111871e-01 1.929285714285713826e+00 1.467777777777777848e+00 2.233796296296295947e-01 2.305555555555555414e-01 2.305555555555555414e-01
2.305555555555555414e-01 2.305555555555555414e-01 2.305555555555555414e-01 2.305555555555555414e-01 2.233796296296295947e-01 3.333333333333333148e-01 5.592283950617283494e+01 1.339881944444444457e+02 1.671902777777777658e+02 1.670104166666666572e+02 8.438819444444443718e+01 6.709899176954732525e+01 4.313308080808081257e+01 1.215740740740740788e+00 1.334705075445816291e+00 1.333410493827160481e+00 4.527777777777777790e-01 2.305555555555555414e-01 4.976851851851851194e-01 2.152160493827160348e+00 1.929285714285713826e+00 8.635416666666667629e-01 2.233796296296295947e-01 2.305555555555555414e-01
2.305555555555555414e-01 2.305555555555555414e-01 2.305555555555555414e-01 2.305555555555555414e-01 2.233796296296295947e-01 3.333333333333333148e-01 5.592283950617283494e+01 1.660214947089947088e+02 1.656955555555555293e+02 2.364010614470736904e+00 1.319814814814814419e+01 2.617407407407407405e+00 8.453703703703704386e-01 1.524364323507180430e+00 1.524364323507180430e+00 1.125694444444444331e+00 4.527777777777777790e-01 2.305555555555555414e-01 6.977777777777777191e-01 3.180555555555555358e-01 2.305555555555555414e-01 9.237037037037036935e-01 2.233796296296295947e-01 2.305555555555555414e-01
2.305555555555555414e-01 2.305555555555555414e-01 2.305555555555555414e-01 2.305555555555555414e-01 2.233796296296295947e-01 3.333333333333333148e-01 1.824884259259259167e+01 1.681461111111111109e+02 1.665601421833047766e+02 1.518744047619047421e+02 2.364010614470736904e+00 1.866208112874779390e+00 6.977777777777777191e-01 2.305555555555555414e-01 1.215740740740740788e+00 2.305555555555555414e-01 5.708333333333333037e-01 3.333333333333333148e-01 2.233796296296295947e-01 2.233796296296295947e-01 8.453703703703704386e-01 8.635416666666667629e-01 5.708333333333333037e-01 2.305555555555555414e-01
2.305555555555555414e-01 2.305555555555555414e-01 2.305555555555555414e-01 2.305555555555555414e-01 2.233796296296295947e-01 3.333333333333333148e-01 4.976851851851851194e-01 1.242448717948717700e+02 1.416694444444444514e+02 1.104085201429499676e+02 5.797978395061729628e+01 2.136888888888888616e+01 1.334705075445816291e+00 5.708333333333333037e-01 6.161111111111110539e-01 6.161111111111110539e-01 6.667857142857142705e+00 6.161111111111110539e-01 2.233796296296295947e-01 6.977777777777777191e-01 2.305555555555555414e-01 2.305555555555555414e-01 3.180555555555555358e-01 2.305555555555555414e-01
2.305555555555555414e-01 2.305555555555555414e-01 2.305555555555555414e-01 2.305555555555555414e-01 2.233796296296295947e-01 2.305555555555555414e-01 4.976851851851851194e-01 4.209444444444444144e+01 1.332242603174603062e+02 1.633800925925925753e+02 1.403534580498865978e+02 8.489527777777777828e+01 5.360240740740739795e+01 8.136349206349204621e+01 6.734611111111109949e+01 8.333472222222222570e+01 6.754765079365077440e+01 1.215740740740740788e+00 8.453703703703704386e-01 4.527777777777777790e-01 2.233796296296295947e-01 2.305555555555555414e-01 2.233796296296295947e-01 2.305555555555555414e-01
2.305555555555555414e-01 2.305555555555555414e-01 2.305555555555555414e-01 2.305555555555555414e-01 2.233796296296295947e-01 2.305555555555555414e-01 3.180555555555555358e-01 1.417074074074073931e+00 1.547430376112546746e+00 2.424629629629629690e+01 1.668194444444444287e+02 1.657724206349206213e+02 1.529137301587301465e+02 1.378699074074073962e+02 1.655020205026455073e+02 1.639181547619047592e+02 1.645389991181657763e+02 1.215740740740740788e+00 2.063051146384479395e+00 1.413728967062300335e+00 2.233796296296295947e-01 2.233796296296295947e-01 2.233796296296295947e-01 2.305555555555555414e-01
2.305555555555555414e-01 2.305555555555555414e-01 2.305555555555555414e-01 2.305555555555555414e-01 2.305555555555555414e-01 2.305555555555555414e-01 2.305555555555555414e-01 1.319135802469135754e+00 8.635416666666667629e-01 4.209444444444444144e+01 5.592283950617283494e+01 1.332242603174603062e+02 1.577768518518518306e+02 1.671902777777777658e+02 1.660214947089947088e+02 1.659309876543209725e+02 1.618113999999999919e+02 1.031034391534391403e+02 1.334705075445816291e+00 2.014136122110535165e+00 2.233796296296295947e-01 2.233796296296295947e-01 3.180555555555555358e-01 2.305555555555555414e-01
2.305555555555555414e-01 2.305555555555555414e-01 2.305555555555555414e-01 2.305555555555555414e-01 2.305555555555555414e-01 2.305555555555555414e-01 2.305555555555555414e-01 1.215740740740740788e+00 1.334705075445816291e+00 1.366203703703703587e+00 5.592283950617283494e+01 1.525500000000000114e+02 1.655020205026455073e+02 1.652051835978836039e+02 1.638772486772486729e+02 1.664344444444444093e+02 1.668194444444444287e+02 1.497144841269841038e+02 1.215740740740740788e+00 2.063051146384479395e+00 1.399239417989417866e+00 9.329365079365078417e-01 3.180555555555555358e-01 2.305555555555555414e-01
2.305555555555555414e-01 2.305555555555555414e-01 2.305555555555555414e-01 2.305555555555555414e-01 2.305555555555555414e-01 2.305555555555555414e-01 3.180555555555555358e-01 2.305555555555555414e-01 8.911111111111111871e-01 1.265661375661375709e+00 9.201388888888888573e+01 1.661877903091061057e+02 1.667187500000000000e+02 1.664347222222222342e+02 9.282777777777778283e+01 8.378055555555555145e+01 1.543527777777777601e+02 1.633800925925925753e+02 8.164282828282827609e+01 1.334705075445816291e+00 1.871904761904761738e+00 2.233796296296295947e-01 2.233796296296295947e-01 2.233796296296295947e-01
2.305555555555555414e-01 2.305555555555555414e-01 2.305555555555555414e-01 2.305555555555555414e-01 2.305555555555555414e-01 2.305555555555555414e-01 3.180555555555555358e-01 3.333333333333333148e-01 9.175308641975309376e-01 5.922515873015872501e+01 1.328463492063492026e+02 1.671902777777777658e+02 1.663100000000000023e+02 9.700291666666666401e+01 5.732999999999999829e+01 1.706878306878306661e+00 5.592283950617283494e+01 1.196152777777777771e+02 1.155824074074074019e+02 2.364010614470736904e+00 2.422185185185185219e+00 9.329365079365078417e-01 2.233796296296295947e-01 2.305555555555555414e-01
2.305555555555555414e-01 2.305555555555555414e-01 2.305555555555555414e-01 2.305555555555555414e-01 2.305555555555555414e-01 2.305555555555555414e-01 1.215740740740740788e+00 3.333333333333333148e-01 1.878379629629629477e+01 9.304429012345678984e+01 1.673486111111110972e+02 1.674583333333333144e+02 9.700291666666666401e+01 2.364010614470736904e+00 2.258842175508842143e+00 2.558371568085498371e+00 1.342162380952381113e+02 1.673486111111110972e+02 1.669271990740740534e+02 4.351527777777777573e+01 1.866208112874779390e+00 2.233796296296295947e-01 2.233796296296295947e-01 2.305555555555555414e-01
2.305555555555555414e-01 2.305555555555555414e-01 2.305555555555555414e-01 2.305555555555555414e-01 2.305555555555555414e-01 2.233796296296295947e-01 4.187683715461492651e-01 1.201358024691357862e+01 1.824884259259259167e+01 1.525500000000000114e+02 1.673833333333332973e+02 1.669271990740740534e+02 1.518744047619047421e+02 2.240123456790123591e+00 1.588888888888889239e+00 3.370611111111110603e+01 1.342162380952381113e+02 1.671902777777777658e+02 8.438819444444443718e+01 3.667052469135801829e+01 2.439153439153439074e+00 9.329365079365078417e-01 2.305555555555555414e-01 2.305555555555555414e-01
2.305555555555555414e-01 2.305555555555555414e-01 2.305555555555555414e-01 2.305555555555555414e-01 2.305555555555555414e-01 2.233796296296295947e-01 3.333333333333333148e-01 1.239103835978835777e+00 1.824884259259259167e+01 1.671902777777777658e+02 1.671902777777777658e+02 1.665601421833047766e+02 1.518744047619047421e+02 5.360240740740739795e+01 6.076453703703703013e+01 7.274805555555556680e+01 1.339881944444444457e+02 5.571210826210826639e+01 3.212314814814815289e+00 2.202940516273849347e+00 1.367592592592592471e+00 9.329365079365078417e-01 2.233796296296295947e-01 2.305555555555555414e-01
2.305555555555555414e-01 2.305555555555555414e-01 2.305555555555555414e-01 2.305555555555555414e-01 2.305555555555555414e-01 2.305555555555555414e-01 4.187683715461492651e-01 1.201358024691357862e+01 1.824884259259259167e+01 1.681461111111111109e+02 1.657724206349206213e+02 1.666627314814814440e+02 1.598765624999999773e+02 1.104085201429499676e+02 1.664827335858585684e+02 1.213288888888888835e+02 1.652051835978836039e+02 2.364010614470736904e+00 2.364010614470736904e+00 1.547430376112546746e+00 1.761825396825396739e+00 9.237037037037036935e-01 3.180555555555555358e-01 2.305555555555555414e-01
2.305555555555555414e-01 2.305555555555555414e-01 2.305555555555555414e-01 2.305555555555555414e-01 2.305555555555555414e-01 2.305555555555555414e-01 2.305555555555555414e-01 8.911111111111111871e-01 4.976851851851851194e-01 8.378055555555555145e+01 1.671902777777777658e+02 1.508929629629629403e+02 1.403844444444444264e+02 1.516091049382715994e+02 1.671902777777777658e+02 1.430461111111110881e+02 9.700291666666666401e+01 1.215740740740740788e+00 1.361805555555555491e+00 1.493247826908540965e+00 1.075228475228474867e+00 4.527777777777777790e-01 4.976851851851851194e-01 2.305555555555555414e-01
2.305555555555555414e-01 2.305555555555555414e-01 2.305555555555555414e-01 2.305555555555555414e-01 2.305555555555555414e-01 2.305555555555555414e-01 2.305555555555555414e-01 2.305555555555555414e-01 2.305555555555555414e-01 8.635416666666667629e-01 1.010622222222222177e+02 8.463796296296294486e+01 8.463796296296294486e+01 8.378055555555555145e+01 8.438819444444443718e+01 9.700291666666666401e+01 1.577962962962962568e+00 2.014136122110535165e+00 6.250000000000000000e-01 6.977777777777777191e-01 2.305555555555555414e-01 3.180555555555555358e-01 2.233796296296295947e-01 2.305555555555555414e-01
2.305555555555555414e-01 2.305555555555555414e-01 2.305555555555555414e-01 2.305555555555555414e-01 2.305555555555555414e-01 2.305555555555555414e-01 2.305555555555555414e-01 2.305555555555555414e-01 2.305555555555555414e-01 2.305555555555555414e-01 2.305555555555555414e-01 2.305555555555555414e-01 2.305555555555555414e-01 2.305555555555555414e-01 2.305555555555555414e-01 2.305555555555555414e-01 2.305555555555555414e-01 2.305555555555555414e-01 2.305555555555555414e-01 2.305555555555555414e-01 2.305555555555555414e-01 2.305555555555555414e-01 2.305555555555555414e-01 2.305555555555555414e-01
2.305555555555555414e-01 2.305555555555555414e-01 2.305555555555555414e-01 2.305555555555555414e-01 2.305555555555555414e-01 2.305555555555555414e-01 2.305555555555555414e-01 2.305555555555555414e-01 2.305555555555555414e-01 2.305555555555555414e-01 2.305555555555555414e-01 2.305555555555555414e-01 2.305555555555555414e-01 2.305555555555555414e-01 2.305555555555555414e-01 2.305555555555555414e-01 2.305555555555555414e-01 2.305555555555555414e-01 2.305555555555555414e-01 2.305555555555555414e-01 2.305555555555555414e-01 2.305555555555555414e-01 2.305555555555555414e-01 2.305555555555555414e-01
