1.334705075445816291e+00 9.967592592592592338e-01 5.708333333333333037e-01 1.926574074074073994e+00 1.215740740740740788e+00 1.319135802469135754e+00 1.454130291005291120e+00 1.772447089947089882e+00 1.334705075445816291e+00 1.334705075445816291e+00 1.214006734006733756e+00 1.259569771791994031e+00 1.395601851851851816e+00 1.454130291005291120e+00 2.103703703703704020e-01 1.666666666666666644e-02 1.666666666666666644e-02 1.666666666666666644e-02 1.666666666666666644e-02 1.666666666666666644e-02 1.666666666666666644e-02 1.666666666666666644e-02 1.666666666666666644e-02 1.666666666666666644e-02
8.916666666666664964e-01 9.233796296296297168e-01 1.726851851851851860e+00 1.345238095238095344e+00 1.395601851851851816e+00 1.334705075445816291e+00 1.334705075445816291e+00 1.926574074074073994e+00 1.334705075445816291e+00 1.926574074074073994e+00 1.334705075445816291e+00 1.334705075445816291e+00 1.334705075445816291e+00 1.334705075445816291e+00 4.527777777777777790e-01 1.666666666666666644e-02 1.666666666666666644e-02 1.666666666666666644e-02 1.666666666666666644e-02 1.666666666666666644e-02 1.666666666666666644e-02 1.666666666666666644e-02 1.666666666666666644e-02 1.666666666666666644e-02
9.282407407407405886e-01 9.233796296296297168e-01 1.356275720164608956e+00 1.036728395061728314e+00 1.407870370370370550e+00 1.334705075445816291e+00 4.340398148148148039e+01 1.030847222222222257e+02 1.342500000000000000e+02 1.655020205026455073e+02 8.489527777777777828e+01 5.360240740740739795e+01 2.364010614470736904e+00 1.128240740740740655e+00 5.708333333333333037e-01 1.666666666666666644e-02 1.666666666666666644e-02 1.666666666666666644e-02 1.666666666666666644e-02 1.666666666666666644e-02 1.666666666666666644e-02 1.666666666666666644e-02 1.666666666666666644e-02 1.666666666666666644e-02
1.762962962962963065e+00 9.249382716049382447e-01 9.759259259259259744e-01 5.708333333333333037e-01 1.260817901234567984e+01 8.462543209876541539e+01 1.669660962962962856e+02 1.342298518518518335e+02 1.578115740740740591e+02 1.519541666666666231e+02 1.251319444444444287e+02 1.467947751322751060e+02 1.926574074074073994e+00 1.215740740740740788e+00 2.233796296296295947e-01 2.233796296296295947e-01 1.666666666666666644e-02 1.666666666666666644e-02 1.666666666666666644e-02 1.666666666666666644e-02 1.666666666666666644e-02 1.666666666666666644e-02 1.666666666666666644e-02 1.666666666666666644e-02
1.412499999999999867e+00 1.407870370370370550e+00 1.163447077409162755e+00 5.417777777777777004e+01 1.021799999999999784e+02 1.337590277777777885e+02 1.638772486772486729e+02 9.703459259259258829e+01 7.099309523809525047e+01 8.378055555555555145e+01 8.378055555555555145e+01 1.074109457671957557e+02 1.266932774914089350e+02 1.215740740740740788e+00 9.078333333333333144e+00 2.233796296296295947e-01 2.233796296296295947e-01 1.666666666666666644e-02 1.666666666666666644e-02 1.666666666666666644e-02 1.666666666666666644e-02 1.666666666666666644e-02 1.666666666666666644e-02 1.666666666666666644e-02
2.139820546737213114e+00 1.599851851851851636e+00 8.916666666666664964e-01 3.705888888888888744e+01 1.124322222222222081e+02 9.521474867724866442e+01 8.438819444444443718e+01 2.710802469135801918e+00 1.263333333333333197e+00 2.364010614470736904e+00 9.557870370370369351e-01 5.592283950617283494e+01 9.641777777777778624e+01 1.215740740740740788e+00 1.588888888888889239e+00 4.527777777777777790e-01 3.180555555555555358e-01 2.233796296296295947e-01 5.124999999999999556e-01 3.174603174603174982e-01 2.233796296296295947e-01 5.124999999999999556e-01 1.666666666666666644e-02 1.666666666666666644e-02
2.364010614470736904e+00 1.501657848324514877e+00 2.558371568085498371e+00 3.293691358024691596e+01 9.700291666666666401e+01 2.710802469135801918e+00 1.581797605686494412e+00 2.240123456790123591e+00 1.673124999999999973e+00 1.926574074074073994e+00 5.708333333333333037e-01 9.202388888888887664e+01 1.429011111111111063e+02 1.926574074074073994e+00 1.334705075445816291e+00 1.413728967062300335e+00 5.708333333333333037e-01 6.161111111111110539e-01 2.233796296296295947e-01 2.233796296296295947e-01 3.180555555555555358e-01 2.233796296296295947e-01 2.233796296296295947e-01 1.666666666666666644e-02
1.926574074074073994e+00 1.929285714285713826e+00 1.516759259259259141e+00 2.355932539682539684e+01 2.364010614470736904e+00 1.327083333333333393e+00 1.599851851851851636e+00 8.916666666666664964e-01 1.260817901234567984e+01 5.592129629629628340e+01 1.007890211640211646e+02 1.453650950292397397e+02 1.429011111111111063e+02 1.926574074074073994e+00 1.334705075445816291e+00 2.233796296296295947e-01 1.588888888888889239e+00 1.474603174603174249e+00 1.250846560846560651e+00 1.219907407407407218e+00 1.002160493827160437e+00 2.233796296296295947e-01 2.233796296296295947e-01 1.666666666666666644e-02
8.635416666666667629e-01 2.364010614470736904e+00 1.706878306878306661e+00 1.716546406964733595e+00 1.215740740740740788e+00 1.395601851851851816e+00 9.759259259259259744e-01 4.265041666666666487e+01 1.104680555555555515e+02 1.324158024691357980e+02 1.658916239316239114e+02 1.658153803399442836e+02 1.668590277777777544e+02 1.570562499999999773e+02 8.489527777777777828e+01 1.926574074074073994e+00 1.334705075445816291e+00 1.545142857142857373e+01 2.364010614470736904e+00 2.258842175508842143e+00 1.345238095238095344e+00 1.122691358024691333e+00 2.103703703703704020e-01 1.666666666666666644e-02
9.557870370370369351e-01 1.843750000000000000e+00 1.588888888888889239e+00 4.527777777777777790e-01 5.355555555555555625e-01 9.557870370370369351e-01 1.206569664902998218e+00 3.705888888888888744e+01 1.578115740740740591e+02 1.638772486772486729e+02 1.664344444444444093e+02 1.670104166666666572e+02 1.665574999999999761e+02 1.159054526748971057e+02 1.251319444444444287e+02 6.511226851851851904e+01 4.626682098765432016e+01 2.090203703703703653e+01 1.926574074074073994e+00 1.926574074074073994e+00 1.334705075445816291e+00 1.002160493827160437e+00 5.708333333333333037e-01 1.666666666666666644e-02
1.319135802469135754e+00 9.222222222222222765e-01 1.343333333333333268e+00 3.180555555555555358e-01 1.215740740740740788e+00 1.843750000000000000e+00 1.588888888888889239e+00 1.824884259259259167e+01 1.010622222222222177e+02 1.002370634920634842e+02 8.438819444444443718e+01 1.002370634920634842e+02 8.438819444444443718e+01 8.438819444444443718e+01 8.378055555555555145e+01 1.074109457671957557e+02 1.251319444444444287e+02 1.147091666666666754e+02 1.080396219931271418e+02 1.215740740740740788e+00 1.761825396825396739e+00 1.407870370370370550e+00 2.233796296296295947e-01 1.666666666666666644e-02
1.327083333333333393e+00 1.334705075445816291e+00 1.250846560846560651e+00 5.708333333333333037e-01 1.367592592592592471e+00 1.319135802469135754e+00 1.247074074074074002e+00 8.635416666666667629e-01 1.502623456790123324e+00 2.364010614470736904e+00 1.581797605686494412e+00 2.617407407407407405e+00 2.710802469135801918e+00 2.116666666666666696e+00 2.210322598019629936e+00 4.209444444444444144e+01 7.981848148148148425e+01 1.074109457671957557e+02 8.768611111111108869e+01 1.926574074074073994e+00 1.926574074074073994e+00 1.454130291005291120e+00 2.233796296296295947e-01 1.666666666666666644e-02
1.002160493827160437e+00 1.316983402813226567e+00 1.291264928193499362e+00 6.250000000000000000e-01 1.215740740740740788e+00 1.221296296296296324e+00 8.916666666666664964e-01 1.415724867724867497e+00 2.364010614470736904e+00 2.071984126984126817e+00 2.385538720538720625e+00 1.826565889891252459e+00 1.716546406964733595e+00 1.395601851851851816e+00 1.716546406964733595e+00 1.581797605686494412e+00 2.116666666666666696e+00 8.378055555555555145e+01 1.074109457671957557e+02 1.031034391534391403e+02 1.926574074074073994e+00 1.128240740740740655e+00 9.329365079365078417e-01 1.666666666666666644e-02
1.502623456790123324e+00 1.841512345679012119e+00 1.204166666666666607e+00 9.759259259259259744e-01 1.036728395061728314e+00 8.046296296296295836e-01 1.283456790123456814e+00 8.916666666666664964e-01 2.710802469135801918e+00 1.912082602858722113e+00 1.726851851851851860e+00 2.329851851851851841e+00 1.691111111111111232e+00 1.647916666666666474e+00 1.319135802469135754e+00 1.560300925925925952e+00 2.364010614470736904e+00 1.581797605686494412e+00 5.592283950617283494e+01 8.768611111111108869e+01 1.926574074074073994e+00 2.364010614470736904e+00 1.011829176114890094e+00 2.233796296296295947e-01
1.319135802469135754e+00 1.454130291005291120e+00 1.077333333333333254e+00 2.233796296296295947e-01 7.155423280423279797e-01 1.243055555555555358e+00 1.716546406964733595e+00 1.581797605686494412e+00 1.841512345679012119e+00 1.926574074074073994e+00 1.895983410103733835e+00 1.915180134680134927e+00 1.672222222222222054e+00 1.502623456790123324e+00 1.588888888888889239e+00 1.215740740740740788e+00 1.334705075445816291e+00 1.567180776014109211e+00 1.824884259259259167e+01 1.610748055555555425e+02 1.104085201429499676e+02 4.339722222222222570e+01 1.588888888888889239e+00 2.233796296296295947e-01
8.916666666666664964e-01 1.259569771791994031e+00 1.215740740740740788e+00 9.249382716049382447e-01 8.916666666666664964e-01 6.161111111111110539e-01 1.196697530864197612e+00 1.044814814814814863e+00 1.334705075445816291e+00 1.826565889891252459e+00 9.233796296296297168e-01 9.222222222222222765e-01 1.319135802469135754e+00 1.454130291005291120e+00 1.733333333333333171e+00 1.334705075445816291e+00 1.319135802469135754e+00 1.217234567901234410e+00 2.558371568085498371e+00 1.332242603174603062e+02 8.890611111111113019e+01 1.242870370370370203e+01 8.662499999999999645e+00 1.666666666666666644e-02
4.527777777777777790e-01 1.036728395061728314e+00 2.364010614470736904e+00 1.461111111111111027e+00 1.163447077409162755e+00 5.592283950617283494e+01 1.926574074074073994e+00 1.334705075445816291e+00 1.926574074074073994e+00 1.673124999999999973e+00 1.215740740740740788e+00 1.334705075445816291e+00 1.395601851851851816e+00 1.502623456790123324e+00 1.334705075445816291e+00 1.796634332745443929e+00 1.367592592592592471e+00 1.588888888888889239e+00 8.916666666666664964e-01 5.148648148148147641e+01 9.700291666666666401e+01 1.243055555555555358e+00 2.103703703703704020e-01 1.666666666666666644e-02
4.527777777777777790e-01 3.180555555555555358e-01 1.334705075445816291e+00 1.474603174603174249e+00 1.407870370370370550e+00 1.824884259259259167e+01 9.304429012345678984e+01 1.507513888888888971e+02 8.560925925925926094e+01 8.489527777777777828e+01 1.926574074074073994e+00 1.334705075445816291e+00 1.224691358024691201e+00 1.334705075445816291e+00 1.367738095238095219e+01 2.167777777777777803e+00 2.109722222222222054e+00 1.407870370370370550e+00 9.202388888888887664e+01 1.339872222222222149e+02 5.571210826210826639e+01 1.367592592592592471e+00 8.662499999999999645e+00 1.666666666666666644e-02
4.527777777777777790e-01 7.053571428571429047e-01 9.557870370370369351e-01 1.733333333333333171e+00 6.510648148148148628e+00 1.824884259259259167e+01 1.081331481481481376e+02 1.456607407407407209e+02 1.516091049382715994e+02 1.467947751322751060e+02 1.128432539682539471e+02 1.074672222222222189e+02 6.754765079365077440e+01 8.339160514334932373e+01 1.926574074074073994e+00 1.490443057964796836e+01 1.334705075445816291e+00 5.688366666666665594e+01 1.021799999999999784e+02 1.395343253968253805e+02 4.351527777777777573e+01 1.250846560846560651e+00 2.103703703703704020e-01 1.666666666666666644e-02
3.180555555555555358e-01 1.036728395061728314e+00 9.759259259259259744e-01 4.527777777777777790e-01 3.180555555555555358e-01 2.071984126984126817e+00 1.084513888888888999e+01 8.378055555555555145e+01 7.981848148148148425e+01 1.284211640211640031e+02 1.208884259259259437e+02 1.208884259259259437e+02 1.159054526748971057e+02 1.658916239316239114e+02 1.266932774914089350e+02 8.489527777777777828e+01 1.007890211640211646e+02 1.582504629629629278e+02 1.337590277777777885e+02 6.463379629629628198e+01 2.710802469135801918e+00 4.644444444444443820e-01 1.666666666666666644e-02 1.666666666666666644e-02
1.036728395061728314e+00 1.077333333333333254e+00 2.103703703703704020e-01 3.180555555555555358e-01 3.333333333333333148e-01 9.557870370370369351e-01 1.581797605686494412e+00 1.596481481481481612e+00 8.635416666666667629e-01 1.084513888888888999e+01 8.378055555555555145e+01 9.142222222222221717e+01 1.002370634920634842e+02 1.284211640211640031e+02 1.284211640211640031e+02 1.159054526748971057e+02 1.208884259259259437e+02 1.289041666666666401e+02 9.700291666666666401e+01 3.329295855379188396e+01 1.581797605686494412e+00 2.103703703703704020e-01 1.666666666666666644e-02 1.666666666666666644e-02
2.166666666666667018e-01 2.103703703703704020e-01 2.103703703703704020e-01 1.666666666666666644e-02 2.166666666666667018e-01 2.166666666666667018e-01 2.103703703703704020e-01 2.103703703703704020e-01 1.666666666666666644e-02 1.666666666666666644e-02 1.666666666666666644e-02 2.166666666666667018e-01 8.635416666666667629e-01 1.084513888888888999e+01 8.378055555555555145e+01 4.641898148148146674e+01 2.691333333333333400e+01 3.282777777777777573e+01 1.762523148148148522e+01 2.103703703703704020e-01 2.103703703703704020e-01 2.103703703703704020e-01 1.666666666666666644e-02 1.666666666666666644e-02
1.666666666666666644e-02 1.666666666666666644e-02 1.666666666666666644e-02 1.666666666666666644e-02 1.666666666666666644e-02 1.666666666666666644e-02 1.666666666666666644e-02 1.666666666666666644e-02 1.666666666666666644e-02 1.666666666666666644e-02 1.666666666666666644e-02 1.666666666666666644e-02 1.666666666666666644e-02 1.666666666666666644e-02 1.666666666666666644e-02 1.666666666666666644e-02 1.666666666666666644e-02 1.666666666666666644e-02 1.666666666666666644e-02 1.666666666666666644e-02 1.666666666666666644e-02 1.666666666666666644e-02 1.666666666666666644e-02 1.666666666666666644e-02
1.666666666666666644e-02 1.666666666666666644e-02 1.666666666666666644e-02 1.666666666666666644e-02 1.666666666666666644e-02 1.666666666666666644e-02 1.666666666666666644e-02 1.666666666666666644e-02 1.666666666666666644e-02 1.666666666666666644e-02 1.666666666666666644e-02 1.666666666666666644e-02 1.666666666666666644e-02 1.666666666666666644e-02 1.666666666666666644e-02 1.666666666666666644e-02 1.666666666666666644e-02 1.666666666666666644e-02 1.666666666666666644e-02 1.666666666666666644e-02 1.666666666666666644e-02 1.666666666666666644e-02 1.666666666666666644e-02 1.666666666666666644e-02
