7.445330569875370230e+00 7.445330569875370230e+00 7.445330569875370230e+00 7.445330569875370230e+00 7.445330569875370230e+00 7.445330569875370230e+00 7.445330569875370230e+00 7.445330569875370230e+00 7.445330569875370230e+00 7.445330569875370230e+00 7.445330569875370230e+00 7.445330569875370230e+00 7.445330569875370230e+00 7.445330569875370230e+00 7.445330569875370230e+00 7.445330569875370230e+00 7.445330569875370230e+00 7.445330569875370230e+00 7.445330569875370230e+00 7.445330569875370230e+00 7.445330569875370230e+00 7.445330569875370230e+00 7.445330569875370230e+00 7.445330569875370230e+00
7.445330569875370230e+00 7.445330569875370230e+00 7.445330569875370230e+00 7.445330569875370230e+00 7.445330569875370230e+00 7.445330569875370230e+00 7.445330569875370230e+00 7.445330569875370230e+00 7.445330569875370230e+00 7.445330569875370230e+00 7.445330569875370230e+00 7.445330569875370230e+00 7.445330569875370230e+00 7.445330569875370230e+00 7.445330569875370230e+00 7.445330569875370230e+00 7.445330569875370230e+00 7.445330569875370230e+00 7.445330569875370230e+00 7.445330569875370230e+00 7.445330569875370230e+00 7.445330569875370230e+00 7.445330569875370230e+00 7.445330569875370230e+00
7.445330569875370230e+00 7.445330569875370230e+00 7.445330569875370230e+00 7.445330569875370230e+00 7.445330569875370230e+00 7.445330569875370230e+00 7.445330569875370230e+00 7.445330569875370230e+00 7.445330569875370230e+00 7.445330569875370230e+00 7.445330569875370230e+00 7.445330569875370230e+00 7.445330569875370230e+00 7.445330569875370230e+00 7.445330569875370230e+00 7.445330569875370230e+00 7.445330569875370230e+00 7.445330569875370230e+00 7.445330569875370230e+00 7.445330569875370230e+00 7.445330569875370230e+00 7.445330569875370230e+00 7.445330569875370230e+00 7.445330569875370230e+00
7.445330569875370230e+00 7.445330569875370230e+00 7.445330569875370230e+00 7.445330569875370230e+00 7.445330569875370230e+00 1.479388960229960048e+01 1.479388960229960048e+01 1.479388960229960048e+01 1.479388960229960048e+01 1.479388960229960048e+01 1.479388960229960048e+01 1.791897072473609143e+01 1.791897072473609143e+01 2.410737922475872352e+01 2.410737922475872352e+01 1.906664841084690920e+01 1.991153019911502042e+01 1.479388960229960048e+01 7.445330569875370230e+00 7.445330569875370230e+00 7.445330569875370230e+00 7.445330569875370230e+00 7.445330569875370230e+00 7.445330569875370230e+00
7.445330569875370230e+00 7.445330569875370230e+00 7.445330569875370230e+00 1.479388960229960048e+01 2.410737922475872352e+01 3.217050932490882076e+01 3.975326256311313955e+01 3.975326256311313955e+01 3.975326256311313955e+01 3.975326256311313955e+01 3.975326256311313955e+01 3.975326256311313955e+01 5.455794223194553183e+01 5.649788710767151656e+01 5.455794223194553183e+01 5.049285671138047604e+01 3.795647426314754114e+01 2.429780849168483670e+01 1.700534334819505133e+01 7.445330569875370230e+00 7.445330569875370230e+00 7.445330569875370230e+00 7.445330569875370230e+00 7.445330569875370230e+00
7.445330569875370230e+00 7.445330569875370230e+00 7.445330569875370230e+00 2.236135153473559001e+01 4.118318629195199776e+01 7.145697302240510851e+01 7.270034469417186074e+01 9.367843477005270358e+01 9.367843477005270358e+01 9.367843477005270358e+01 7.270034469417186074e+01 9.367843477005270358e+01 9.367843477005270358e+01 1.095929174788823843e+02 1.095929174788823843e+02 1.095929174788823843e+02 8.546570644718792664e+01 5.049285671138047604e+01 2.025609597663923367e+01 7.445330569875370230e+00 7.445330569875370230e+00 7.445330569875370230e+00 7.445330569875370230e+00 7.445330569875370230e+00
7.445330569875370230e+00 7.445330569875370230e+00 1.814837436804803872e+01 2.909839847619016595e+01 7.437585733882029615e+01 1.029306909248429633e+02 1.270258091515514849e+02 1.270258091515514849e+02 1.270258091515514849e+02 1.270258091515514849e+02 1.270258091515514849e+02 1.270258091515514849e+02 1.270258091515514849e+02 1.389793982467893159e+02 1.478432142145500734e+02 1.389793982467893159e+02 1.166865764256341294e+02 6.472158207590305778e+01 3.401219089517807248e+01 7.445330569875370230e+00 7.445330569875370230e+00 7.445330569875370230e+00 7.445330569875370230e+00 7.445330569875370230e+00
7.445330569875370230e+00 7.445330569875370230e+00 1.814837436804803872e+01 4.506294428163838006e+01 7.866163694558754571e+01 1.201216953485471919e+02 1.429839984687529864e+02 1.478432142145500734e+02 1.478432142145500734e+02 1.464933791901516429e+02 1.464933791901516429e+02 1.382530927563299770e+02 1.464933791901516429e+02 1.464933791901516429e+02 1.554150744126722827e+02 1.554150744126722827e+02 1.340889273379640372e+02 8.550342935528119881e+01 3.401219089517807248e+01 1.723711972231158285e+01 7.445330569875370230e+00 7.445330569875370230e+00 7.445330569875370230e+00 7.445330569875370230e+00
7.445330569875370230e+00 7.445330569875370230e+00 1.540553988769733706e+01 3.013262334451779623e+01 8.445012069203856697e+01 1.110184824200418632e+02 1.219489903340032555e+02 1.251798420611513052e+02 1.251798420611513052e+02 1.251798420611513052e+02 1.251798420611513052e+02 1.158562836340614126e+02 1.158562836340614126e+02 1.219489903340032555e+02 1.398270233196159325e+02 1.554150744126722827e+02 1.272799928039758299e+02 8.841906721536351199e+01 3.919790253004099867e+01 1.723711972231158285e+01 7.445330569875370230e+00 7.445330569875370230e+00 7.445330569875370230e+00 7.445330569875370230e+00
7.445330569875370230e+00 7.445330569875370230e+00 7.445330569875370230e+00 2.537201815852102982e+01 4.079736116485732822e+01 6.465569272976679827e+01 8.229629629629629051e+01 8.229629629629629051e+01 8.229629629629629051e+01 8.229629629629629051e+01 8.229629629629629051e+01 7.078978052126200282e+01 6.058148022363474894e+01 8.494236878203739138e+01 1.095699227492599732e+02 1.404800736408923285e+02 1.272799928039758299e+02 1.086232015822885728e+02 5.138987231409063838e+01 1.723711972231158285e+01 7.445330569875370230e+00 7.445330569875370230e+00 7.445330569875370230e+00 7.445330569875370230e+00
7.445330569875370230e+00 7.445330569875370230e+00 7.445330569875370230e+00 1.445548313997388590e+01 2.537201815852102982e+01 3.362162610603300550e+01 3.788300505453227629e+01 3.788300505453227629e+01 3.788300505453227629e+01 3.788300505453227629e+01 3.788300505453227629e+01 3.026537339717443231e+01 3.281387792405921999e+01 6.357235939643346256e+01 1.012393689986282368e+02 1.351030661980148295e+02 1.272799928039758299e+02 9.965884179099406026e+01 4.750157916632387156e+01 1.770123869009436390e+01 7.445330569875370230e+00 7.445330569875370230e+00 7.445330569875370230e+00 7.445330569875370230e+00
7.445330569875370230e+00 7.445330569875370230e+00 7.445330569875370230e+00 7.445330569875370230e+00 7.445330569875370230e+00 7.445330569875370230e+00 1.977667351396477713e+01 1.977667351396477713e+01 1.646016765763812728e+01 1.646016765763812728e+01 1.646016765763812728e+01 7.445330569875370230e+00 1.866111327512145124e+01 4.628366929639179972e+01 9.917163622361802311e+01 1.310552734837380342e+02 1.272799928039758299e+02 9.558436213991768682e+01 3.919790253004099867e+01 1.770123869009436390e+01 7.445330569875370230e+00 7.445330569875370230e+00 7.445330569875370230e+00 7.445330569875370230e+00
7.445330569875370230e+00 7.445330569875370230e+00 7.445330569875370230e+00 7.445330569875370230e+00 7.445330569875370230e+00 7.445330569875370230e+00 7.445330569875370230e+00 7.445330569875370230e+00 7.445330569875370230e+00 7.445330569875370230e+00 7.445330569875370230e+00 7.445330569875370230e+00 2.909839847619016595e+01 6.420168872741967903e+01 1.194765619810843873e+02 1.394590597601707600e+02 1.256606965036984462e+02 8.251097393689984472e+01 3.919790253004099867e+01 1.671178005331711347e+01 7.445330569875370230e+00 7.445330569875370230e+00 7.445330569875370230e+00 7.445330569875370230e+00
7.445330569875370230e+00 7.445330569875370230e+00 7.445330569875370230e+00 7.445330569875370230e+00 7.445330569875370230e+00 7.445330569875370230e+00 7.445330569875370230e+00 7.445330569875370230e+00 7.445330569875370230e+00 7.445330569875370230e+00 7.445330569875370230e+00 2.072482672381176627e+01 4.223927677707953166e+01 8.848961696739473837e+01 1.310552734837380342e+02 1.438143379539383204e+02 1.155931537617678799e+02 6.909033901626494867e+01 2.803504126537747609e+01 7.445330569875370230e+00 7.445330569875370230e+00 7.445330569875370230e+00 7.445330569875370230e+00 7.445330569875370230e+00
7.445330569875370230e+00 7.445330569875370230e+00 7.445330569875370230e+00 7.445330569875370230e+00 7.445330569875370230e+00 7.445330569875370230e+00 7.445330569875370230e+00 7.445330569875370230e+00 7.445330569875370230e+00 7.445330569875370230e+00 7.445330569875370230e+00 2.909839847619016595e+01 6.069929123156392592e+01 1.041824332835789875e+02 1.394590597601707600e+02 1.324556030086439478e+02 9.965884179099406026e+01 5.207372847207732747e+01 2.180783867269020604e+01 7.445330569875370230e+00 7.445330569875370230e+00 7.445330569875370230e+00 7.445330569875370230e+00 7.445330569875370230e+00
7.445330569875370230e+00 7.445330569875370230e+00 7.445330569875370230e+00 7.445330569875370230e+00 7.445330569875370230e+00 7.445330569875370230e+00 7.445330569875370230e+00 7.445330569875370230e+00 7.445330569875370230e+00 7.445330569875370230e+00 2.072482672381176627e+01 4.223927677707953166e+01 8.848961696739473837e+01 1.210365797896661917e+02 1.438143379539383204e+02 1.256606965036984462e+02 8.251097393689984472e+01 3.949177641012391859e+01 1.770123869009436390e+01 7.445330569875370230e+00 7.445330569875370230e+00 7.445330569875370230e+00 7.445330569875370230e+00 7.445330569875370230e+00
7.445330569875370230e+00 7.445330569875370230e+00 7.445330569875370230e+00 7.445330569875370230e+00 7.445330569875370230e+00 7.445330569875370230e+00 7.445330569875370230e+00 7.445330569875370230e+00 7.445330569875370230e+00 7.445330569875370230e+00 2.909839847619016595e+01 6.420168872741967903e+01 1.043662551440328912e+02 1.394590597601707600e+02 1.391548985632806534e+02 1.044975833710726505e+02 5.990743748226564946e+01 2.548902665136158774e+01 7.445330569875370230e+00 7.445330569875370230e+00 7.445330569875370230e+00 7.445330569875370230e+00 7.445330569875370230e+00 7.445330569875370230e+00
7.445330569875370230e+00 7.445330569875370230e+00 7.445330569875370230e+00 7.445330569875370230e+00 7.445330569875370230e+00 7.445330569875370230e+00 7.445330569875370230e+00 7.445330569875370230e+00 7.445330569875370230e+00 1.814837436804803872e+01 4.223927677707953166e+01 8.047530277982951930e+01 1.210365797896661917e+02 1.438143379539383204e+02 1.213693254835554853e+02 8.251097393689984472e+01 4.245827979885476111e+01 1.770123869009436390e+01 7.445330569875370230e+00 7.445330569875370230e+00 7.445330569875370230e+00 7.445330569875370230e+00 7.445330569875370230e+00 7.445330569875370230e+00
7.445330569875370230e+00 7.445330569875370230e+00 7.445330569875370230e+00 7.445330569875370230e+00 7.445330569875370230e+00 7.445330569875370230e+00 7.445330569875370230e+00 7.445330569875370230e+00 7.445330569875370230e+00 2.099498213709061289e+01 6.069929123156392592e+01 1.041824332835789875e+02 1.310552734837380342e+02 1.324556030086439478e+02 1.044975833710726505e+02 6.324534367426622339e+01 2.469035364998537219e+01 7.445330569875370230e+00 7.445330569875370230e+00 7.445330569875370230e+00 7.445330569875370230e+00 7.445330569875370230e+00 7.445330569875370230e+00 7.445330569875370230e+00
7.445330569875370230e+00 7.445330569875370230e+00 7.445330569875370230e+00 7.445330569875370230e+00 7.445330569875370230e+00 7.445330569875370230e+00 7.445330569875370230e+00 7.445330569875370230e+00 7.445330569875370230e+00 2.909839847619016595e+01 7.437585733882029615e+01 1.194765619810843873e+02 1.394590597601707600e+02 1.256606965036984462e+02 8.337098404447331745e+01 4.038051622762190362e+01 1.770123869009436390e+01 7.445330569875370230e+00 7.445330569875370230e+00 7.445330569875370230e+00 7.445330569875370230e+00 7.445330569875370230e+00 7.445330569875370230e+00 7.445330569875370230e+00
7.445330569875370230e+00 7.445330569875370230e+00 7.445330569875370230e+00 7.445330569875370230e+00 7.445330569875370230e+00 7.445330569875370230e+00 7.445330569875370230e+00 7.445330569875370230e+00 1.814837436804803872e+01 4.628366929639179972e+01 9.917163622361802311e+01 1.310552734837380342e+02 1.425570536423362853e+02 1.256606965036984462e+02 6.909033901626494867e+01 3.919790253004099867e+01 1.559161549458810647e+01 7.445330569875370230e+00 7.445330569875370230e+00 7.445330569875370230e+00 7.445330569875370230e+00 7.445330569875370230e+00 7.445330569875370230e+00 7.445330569875370230e+00
7.445330569875370230e+00 7.445330569875370230e+00 7.445330569875370230e+00 7.445330569875370230e+00 7.445330569875370230e+00 7.445330569875370230e+00 7.445330569875370230e+00 7.445330569875370230e+00 1.814837436804803872e+01 4.628366929639179972e+01 1.041824332835789875e+02 1.351030661980148295e+02 1.425570536423362853e+02 1.155931537617678799e+02 6.398355869096609183e+01 2.548902665136158774e+01 7.445330569875370230e+00 7.445330569875370230e+00 7.445330569875370230e+00 7.445330569875370230e+00 7.445330569875370230e+00 7.445330569875370230e+00 7.445330569875370230e+00 7.445330569875370230e+00
7.445330569875370230e+00 7.445330569875370230e+00 7.445330569875370230e+00 7.445330569875370230e+00 7.445330569875370230e+00 7.445330569875370230e+00 7.445330569875370230e+00 7.445330569875370230e+00 1.814837436804803872e+01 4.506294428163838006e+01 9.315843621399176300e+01 1.263816851678465554e+02 1.272799928039758299e+02 9.965884179099406026e+01 5.207372847207732747e+01 2.548902665136158774e+01 7.445330569875370230e+00 7.445330569875370230e+00 7.445330569875370230e+00 7.445330569875370230e+00 7.445330569875370230e+00 7.445330569875370230e+00 7.445330569875370230e+00 7.445330569875370230e+00
7.445330569875370230e+00 7.445330569875370230e+00 7.445330569875370230e+00 7.445330569875370230e+00 7.445330569875370230e+00 7.445330569875370230e+00 7.445330569875370230e+00 7.445330569875370230e+00 1.814837436804803872e+01 4.506294428163838006e+01 8.445012069203856697e+01 1.110184824200418632e+02 1.100200731595793258e+02 8.251097393689984472e+01 4.245827979885476111e+01 1.770123869009436390e+01 7.445330569875370230e+00 7.445330569875370230e+00 7.445330569875370230e+00 7.445330569875370230e+00 7.445330569875370230e+00 7.445330569875370230e+00 7.445330569875370230e+00 7.445330569875370230e+00
