3.333333333333333148e-01 1.587962962962962798e+00 1.396296296296296147e+00 1.206569664902998218e+00 2.233796296296295947e-01 6.043650793650794384e-01 3.333333333333333148e-01 1.072222222222222188e+00 8.879629629629629539e-01 7.759259259259259078e-01 4.976851851851851194e-01 7.037037037037036091e-01 2.233796296296295947e-01 2.233796296296295947e-01 3.333333333333333148e-01 4.976851851851851194e-01 1.447707231040564091e+00 1.333333333333333259e+00 2.233796296296295947e-01 2.233796296296295947e-01 2.233796296296295947e-01 2.305555555555555414e-01 4.976851851851851194e-01 2.305555555555555414e-01
1.586222222222221978e+00 1.396740740740740616e+00 1.493253968253968278e+00 2.364010614470736904e+00 1.345238095238095344e+00 2.233796296296295947e-01 7.037037037037036091e-01 7.037037037037036091e-01 1.345238095238095344e+00 7.731481481481482509e-01 7.759259259259259078e-01 1.447707231040564091e+00 7.532200176366842470e+01 6.754765079365077440e+01 7.759259259259259078e-01 7.759259259259259078e-01 1.058981481481481524e+00 6.250000000000000000e-01 1.075228475228474867e+00 4.976851851851851194e-01 4.976851851851851194e-01 2.305555555555555414e-01 2.233796296296295947e-01 2.233796296296295947e-01
8.911111111111111871e-01 9.105555555555554514e-01 1.071604938271604857e+00 1.392950264550264272e+00 1.541358024691358075e+00 1.606481481481481177e+00 1.206569664902998218e+00 1.378002244668911080e+00 1.447707231040564091e+00 3.544722222222222285e+01 9.429111111111109267e+01 1.664827335858585684e+02 1.669702380952380736e+02 1.666627314814814440e+02 6.754765079365077440e+01 3.897222222222222143e+01 8.879629629629629539e-01 7.759259259259259078e-01 7.944444444444445086e-01 2.305555555555555414e-01 2.233796296296295947e-01 2.305555555555555414e-01 2.233796296296295947e-01 2.233796296296295947e-01
1.181415343915344085e+00 1.215740740740740788e+00 8.563271604938270665e-01 1.396296296296296147e+00 1.689415927773159742e+00 1.306142108919886580e+00 7.959932659932658972e+00 1.447707231040564091e+00 1.282733333333333121e+02 1.664827335858585684e+02 1.669702380952380736e+02 1.666627314814814440e+02 1.675866666666666447e+02 1.667187500000000000e+02 1.666627314814814440e+02 1.104085201429499676e+02 4.201157407407406907e+01 2.233796296296295947e-01 1.215740740740740788e+00 7.037037037037036091e-01 6.043650793650794384e-01 2.233796296296295947e-01 2.233796296296295947e-01 2.233796296296295947e-01
4.976851851851851194e-01 2.305555555555555414e-01 1.174176954732510270e+00 1.044814814814814863e+00 1.413728967062300335e+00 1.447707231040564091e+00 7.966851851851849631e+01 1.664827335858585684e+02 1.664827335858585684e+02 1.672672222222222160e+02 1.667187500000000000e+02 1.664827335858585684e+02 1.656249999999999716e+02 1.664290590008613151e+02 1.660214947089947088e+02 1.660203325774754433e+02 2.364010614470736904e+00 1.588888888888889239e+00 1.603925925925925755e+00 1.345238095238095344e+00 1.647916666666666474e+00 2.233796296296295947e-01 2.233796296296295947e-01 2.233796296296295947e-01
4.976851851851851194e-01 3.333333333333333148e-01 7.759259259259259078e-01 1.588888888888889239e+00 3.499444444444444002e+01 1.021799999999999784e+02 1.664827335858585684e+02 1.673590277777777828e+02 1.670104166666666572e+02 1.669444444444444287e+02 1.664344444444444093e+02 1.670104166666666572e+02 1.670104166666666572e+02 1.643952601410934733e+02 1.667187500000000000e+02 1.662283835880490130e+02 1.242870370370370203e+01 1.598462962962962974e+00 1.598462962962962974e+00 1.502623456790123324e+00 8.541152263374484077e-01 1.229488536155202594e+00 4.976851851851851194e-01 2.305555555555555414e-01
2.233796296296295947e-01 1.360740740740740806e+00 9.155555555555554559e-01 1.702037037037037015e+00 4.265041666666666487e+01 1.663388888888888744e+02 1.667331851851851923e+02 1.660203325774754433e+02 1.664100694444444457e+02 9.282777777777778283e+01 9.026851851851851904e+01 8.378055555555555145e+01 1.543527777777777601e+02 1.669444444444444287e+02 1.669444444444444287e+02 1.669144444444444275e+02 5.393690476190475636e+01 1.363333333333333286e+00 1.733333333333333171e+00 8.635416666666667629e-01 1.229488536155202594e+00 1.447707231040564091e+00 2.233796296296295947e-01 2.305555555555555414e-01
1.587962962962962798e+00 1.044444444444444509e+00 1.259569771791994031e+00 1.254497354497354333e+00 4.265041666666666487e+01 1.655116512345678927e+02 1.666722222222221887e+02 1.669144444444444275e+02 1.660203325774754433e+02 2.364010614470736904e+00 2.364010614470736904e+00 1.422413055602820942e+00 1.116915123456790155e+02 1.507513888888888971e+02 1.669144444444444275e+02 1.669144444444444275e+02 8.164282828282827609e+01 1.258052910052909867e+00 1.447707231040564091e+00 1.588888888888889239e+00 1.447707231040564091e+00 2.305555555555555414e-01 2.233796296296295947e-01 2.233796296296295947e-01
1.396296296296296147e+00 8.541152263374484077e-01 1.196697530864197612e+00 1.322962962962962896e+00 5.068925925925925213e+01 1.655116512345678927e+02 1.664344444444444093e+02 1.670104166666666572e+02 2.364010614470736904e+00 1.242870370370370203e+01 1.588888888888889239e+00 1.588888888888889239e+00 8.438905723905723733e+01 1.581440476190475977e+02 1.672672222222222160e+02 1.674583333333333144e+02 8.164282828282827609e+01 1.215740740740740788e+00 1.393518518518518601e+00 1.320555555555555483e+00 1.163284202569916825e+00 2.233796296296295947e-01 2.233796296296295947e-01 2.233796296296295947e-01
1.215740740740740788e+00 1.547985555744616493e+00 9.904761904761905100e-01 8.911111111111111871e-01 4.209444444444444144e+01 8.378055555555555145e+01 1.363438888888888698e+02 9.026851851851851904e+01 2.364010614470736904e+00 2.236213991769547160e+00 2.384722222222221966e+00 2.159259259259259434e+00 4.265041666666666487e+01 1.681461111111111109e+02 1.660203325774754433e+02 1.664100694444444457e+02 9.877993109388458493e+01 1.215740740740740788e+00 1.396740740740740616e+00 8.635416666666667629e-01 1.404382716049382473e+00 8.635416666666667629e-01 2.233796296296295947e-01 2.233796296296295947e-01
1.259569771791994031e+00 1.322962962962962896e+00 8.541152263374484077e-01 1.136666666666666492e+00 1.987777777777777644e+00 2.713962962962962777e+01 9.049814814814812536e+00 1.722222222222222099e+00 2.236213991769547160e+00 3.010985211463761857e+00 2.152160493827160348e+00 1.447707231040564091e+00 8.167499999999999716e+01 1.665143518518518135e+02 1.669444444444444287e+02 1.660203325774754433e+02 9.026851851851851904e+01 1.502962962962962834e+00 2.364010614470736904e+00 1.215740740740740788e+00 9.105555555555554514e-01 8.541152263374484077e-01 4.014550264550264536e-01 2.305555555555555414e-01
2.305555555555555414e-01 6.250000000000000000e-01 1.447707231040564091e+00 4.976851851851851194e-01 1.396296296296296147e+00 2.271229466167736355e+00 1.320555555555555483e+00 1.417901234567901181e+00 1.731742176284811752e+00 2.342361111111110894e+00 2.114388542815246463e+00 3.381444444444444031e+01 1.324158024691357980e+02 1.656249999999999716e+02 1.669144444444444275e+02 1.669144444444444275e+02 2.364010614470736904e+00 1.337731481481481355e+00 8.635416666666667629e-01 1.674878747795414347e+00 1.075228475228474867e+00 1.136666666666666492e+00 2.233796296296295947e-01 2.305555555555555414e-01
2.305555555555555414e-01 4.976851851851851194e-01 4.014550264550264536e-01 1.363333333333333286e+00 8.911111111111111871e-01 6.250000000000000000e-01 1.215740740740740788e+00 1.322962962962962896e+00 1.470524691358024327e+00 1.937435012652403810e+00 2.122962962962962941e+00 9.304429012345678984e+01 1.673486111111110972e+02 1.668590277777777544e+02 1.674583333333333144e+02 1.669144444444444275e+02 1.215740740740740788e+00 1.348919753086419648e+00 1.647916666666666474e+00 1.215740740740740788e+00 1.322962962962962896e+00 8.541152263374484077e-01 2.233796296296295947e-01 2.233796296296295947e-01
2.233796296296295947e-01 2.233796296296295947e-01 2.233796296296295947e-01 2.233796296296295947e-01 8.474074074074072760e-01 2.305555555555555414e-01 1.215740740740740788e+00 7.908950617283950768e-01 1.447707231040564091e+00 1.733333333333333171e+00 1.447707231040564091e+00 1.116340277777777601e+02 1.659713756613756175e+02 1.675026851851851859e+02 1.664100694444444457e+02 1.660203325774754433e+02 1.215740740740740788e+00 1.030555555555555447e+00 1.447707231040564091e+00 1.069537037037036953e+00 8.547619047619047228e-01 4.014550264550264536e-01 6.043650793650794384e-01 2.233796296296295947e-01
2.233796296296295947e-01 2.305555555555555414e-01 2.305555555555555414e-01 2.305555555555555414e-01 2.305555555555555414e-01 2.233796296296295947e-01 2.305555555555555414e-01 2.305555555555555414e-01 4.976851851851851194e-01 1.447707231040564091e+00 8.167499999999999716e+01 1.673486111111110972e+02 1.660203325774754433e+02 1.663323766570026692e+02 1.660203325774754433e+02 9.877993109388458493e+01 2.136888888888888616e+01 3.625362893949850474e+01 1.447707231040564091e+00 1.245473251028806461e+00 7.759259259259259078e-01 1.588888888888889239e+00 1.268386243386243173e+00 2.233796296296295947e-01
2.305555555555555414e-01 2.305555555555555414e-01 2.305555555555555414e-01 2.305555555555555414e-01 2.305555555555555414e-01 2.305555555555555414e-01 3.333333333333333148e-01 3.333333333333333148e-01 8.563271604938270665e-01 4.265041666666666487e+01 1.405749206349206304e+02 1.666340740740740785e+02 1.669144444444444275e+02 1.666722222222221887e+02 1.554491390513320255e+02 1.352483333333333064e+02 6.511226851851851904e+01 9.739768518518519613e+01 6.754765079365077440e+01 8.333472222222222570e+01 8.337160493827160224e+01 8.333472222222222570e+01 6.754765079365077440e+01 1.258052910052909867e+00
2.305555555555555414e-01 2.305555555555555414e-01 2.305555555555555414e-01 2.305555555555555414e-01 2.305555555555555414e-01 2.233796296296295947e-01 2.233796296296295947e-01 3.333333333333333148e-01 1.229488536155202594e+00 8.210467116883117455e+01 1.663388888888888744e+02 1.663323766570026692e+02 1.664283068783068700e+02 1.667187500000000000e+02 1.664100694444444457e+02 1.647352513227513100e+02 1.664827335858585684e+02 1.673486111111110972e+02 1.673590277777777828e+02 1.663011111111111120e+02 1.669749999999999943e+02 1.656249999999999716e+02 1.660203325774754433e+02 1.215740740740740788e+00
2.305555555555555414e-01 2.305555555555555414e-01 2.305555555555555414e-01 2.305555555555555414e-01 2.305555555555555414e-01 2.233796296296295947e-01 3.333333333333333148e-01 3.333333333333333148e-01 5.922515873015872501e+01 1.116340277777777601e+02 1.669444444444444287e+02 1.670376485788113428e+02 1.673590277777777828e+02 1.672672222222222160e+02 1.672235185185184889e+02 1.672235185185184889e+02 1.666627314814814440e+02 1.669444444444444287e+02 1.664344444444444093e+02 1.588989417989417632e+02 1.588989417989417632e+02 1.409098677248677234e+02 9.026851851851851904e+01 3.465548148148148044e+01
2.305555555555555414e-01 2.305555555555555414e-01 2.305555555555555414e-01 2.305555555555555414e-01 2.305555555555555414e-01 2.233796296296295947e-01 3.333333333333333148e-01 8.911111111111111871e-01 8.210467116883117455e+01 1.661653439153439251e+02 1.663011111111111120e+02 1.660203325774754433e+02 1.668590277777777544e+02 1.669144444444444275e+02 1.664827335858585684e+02 1.654347222222222342e+02 1.669444444444444287e+02 1.670104166666666572e+02 1.484044312169311866e+02 9.282777777777778283e+01 9.282777777777778283e+01 4.771838095238095434e+01 2.364010614470736904e+00 2.236941137566137883e+00
2.305555555555555414e-01 2.305555555555555414e-01 2.305555555555555414e-01 2.305555555555555414e-01 2.305555555555555414e-01 2.233796296296295947e-01 3.333333333333333148e-01 1.447707231040564091e+00 1.669444444444444287e+02 1.655116512345678927e+02 1.656249999999999716e+02 1.664344444444444093e+02 1.667187500000000000e+02 1.681461111111111109e+02 1.663323766570026692e+02 1.660203325774754433e+02 1.484044312169311866e+02 9.026851851851851904e+01 7.099309523809525047e+01 1.722222222222222099e+00 1.996402116402116178e+00 2.384722222222221966e+00 2.342361111111110894e+00 1.502962962962962834e+00
2.305555555555555414e-01 2.305555555555555414e-01 2.305555555555555414e-01 2.305555555555555414e-01 2.305555555555555414e-01 2.233796296296295947e-01 3.333333333333333148e-01 6.283472222222221859e+01 1.655116512345678927e+02 1.655116512345678927e+02 1.655116512345678927e+02 1.664344444444444093e+02 1.670104166666666572e+02 1.664344444444444093e+02 1.670104166666666572e+02 9.026851851851851904e+01 7.099309523809525047e+01 2.305000000000000071e+01 1.259569771791994031e+00 1.075228475228474867e+00 1.470524691358024327e+00 1.404382716049382473e+00 1.599851851851851636e+00 1.668341597997034187e+00
2.305555555555555414e-01 2.305555555555555414e-01 2.305555555555555414e-01 2.305555555555555414e-01 2.305555555555555414e-01 2.233796296296295947e-01 2.305555555555555414e-01 4.976851851851851194e-01 4.289555555555555344e+01 8.378055555555555145e+01 8.378055555555555145e+01 9.282777777777778283e+01 9.265734126984126817e+01 4.313308080808081257e+01 6.655543209876542221e+01 2.305000000000000071e+01 6.250000000000000000e-01 2.305555555555555414e-01 2.305555555555555414e-01 2.305555555555555414e-01 4.976851851851851194e-01 2.305555555555555414e-01 6.250000000000000000e-01 6.250000000000000000e-01
2.305555555555555414e-01 2.305555555555555414e-01 2.305555555555555414e-01 2.305555555555555414e-01 2.305555555555555414e-01 2.305555555555555414e-01 2.305555555555555414e-01 2.305555555555555414e-01 2.305555555555555414e-01 2.305555555555555414e-01 8.635416666666667629e-01 2.305000000000000071e+01 6.250000000000000000e-01 2.305555555555555414e-01 2.305555555555555414e-01 2.305555555555555414e-01 2.305555555555555414e-01 2.233796296296295947e-01 2.305555555555555414e-01 2.305555555555555414e-01 2.305555555555555414e-01 2.305555555555555414e-01 2.305555555555555414e-01 2.305555555555555414e-01
2.305555555555555414e-01 2.305555555555555414e-01 2.305555555555555414e-01 2.305555555555555414e-01 2.305555555555555414e-01 2.305555555555555414e-01 2.305555555555555414e-01 2.305555555555555414e-01 2.305555555555555414e-01 2.305555555555555414e-01 2.305555555555555414e-01 2.305555555555555414e-01 2.305555555555555414e-01 2.305555555555555414e-01 2.305555555555555414e-01 2.305555555555555414e-01 2.305555555555555414e-01 2.305555555555555414e-01 2.305555555555555414e-01 2.305555555555555414e-01 2.305555555555555414e-01 2.305555555555555414e-01 2.305555555555555414e-01 2.305555555555555414e-01
