6.250000000000000000e-01 6.250000000000000000e-01 6.250000000000000000e-01 6.250000000000000000e-01 5.240740740740740256e-01 3.333333333333333148e-01 1.215740740740740788e+00 7.434027777777777457e-01 1.722222222222222099e+00 1.582936507936507420e+00 1.322962962962962896e+00 1.135555555555555429e+00 5.240740740740740256e-01 5.240740740740740256e-01 5.240740740740740256e-01 6.250000000000000000e-01 6.250000000000000000e-01 6.250000000000000000e-01 6.250000000000000000e-01 6.250000000000000000e-01 6.250000000000000000e-01 6.250000000000000000e-01 6.250000000000000000e-01 6.250000000000000000e-01
6.250000000000000000e-01 6.250000000000000000e-01 6.250000000000000000e-01 6.250000000000000000e-01 5.240740740740740256e-01 3.333333333333333148e-01 3.333333333333333148e-01 6.250000000000000000e-01 9.155555555555554559e-01 1.079012345679012386e+00 1.722222222222222099e+00 1.371193415637860014e+00 5.240740740740740256e-01 5.240740740740740256e-01 5.240740740740740256e-01 6.250000000000000000e-01 6.250000000000000000e-01 6.250000000000000000e-01 6.250000000000000000e-01 6.250000000000000000e-01 6.250000000000000000e-01 6.250000000000000000e-01 6.250000000000000000e-01 6.250000000000000000e-01
6.250000000000000000e-01 6.250000000000000000e-01 6.250000000000000000e-01 6.250000000000000000e-01 5.240740740740740256e-01 3.333333333333333148e-01 7.434027777777777457e-01 8.563271604938270665e-01 8.563271604938270665e-01 9.716358024691358342e-01 1.229488536155202594e+00 1.044814814814814863e+00 1.260817901234567984e+01 1.079012345679012386e+00 5.240740740740740256e-01 6.250000000000000000e-01 6.250000000000000000e-01 6.250000000000000000e-01 6.250000000000000000e-01 6.250000000000000000e-01 6.250000000000000000e-01 6.250000000000000000e-01 6.250000000000000000e-01 6.250000000000000000e-01
6.250000000000000000e-01 6.250000000000000000e-01 6.250000000000000000e-01 6.250000000000000000e-01 5.240740740740740256e-01 3.333333333333333148e-01 7.731481481481482509e-01 7.908950617283950768e-01 9.716358024691358342e-01 1.722222222222222099e+00 1.371193415637860014e+00 1.878379629629629477e+01 3.880101010101009162e+00 1.215740740740740788e+00 7.360141093474426022e-01 6.250000000000000000e-01 6.250000000000000000e-01 6.250000000000000000e-01 6.250000000000000000e-01 6.250000000000000000e-01 6.250000000000000000e-01 6.250000000000000000e-01 6.250000000000000000e-01 6.250000000000000000e-01
6.250000000000000000e-01 6.250000000000000000e-01 6.250000000000000000e-01 6.250000000000000000e-01 5.240740740740740256e-01 3.333333333333333148e-01 7.434027777777777457e-01 1.028435636922344409e+00 1.422413055602820942e+00 1.603925925925925755e+00 1.401234567901234573e+00 3.224074074074073870e+00 1.079012345679012386e+00 1.079012345679012386e+00 6.250000000000000000e-01 6.250000000000000000e-01 6.250000000000000000e-01 6.250000000000000000e-01 6.250000000000000000e-01 6.250000000000000000e-01 6.250000000000000000e-01 6.250000000000000000e-01 6.250000000000000000e-01 6.250000000000000000e-01
6.250000000000000000e-01 6.250000000000000000e-01 6.250000000000000000e-01 6.250000000000000000e-01 5.240740740740740256e-01 3.333333333333333148e-01 1.532795548073325964e+00 1.470524691358024327e+00 1.335648148148148140e+00 1.245138592750533180e+00 1.322962962962962896e+00 2.707230985196528650e+01 1.215740740740740788e+00 1.030555555555555447e+00 5.240740740740740256e-01 6.250000000000000000e-01 6.250000000000000000e-01 6.250000000000000000e-01 6.250000000000000000e-01 6.250000000000000000e-01 6.250000000000000000e-01 6.250000000000000000e-01 6.250000000000000000e-01 6.250000000000000000e-01
6.250000000000000000e-01 6.250000000000000000e-01 6.250000000000000000e-01 6.250000000000000000e-01 6.250000000000000000e-01 3.333333333333333148e-01 7.434027777777777457e-01 1.725925925925925641e+00 1.136666666666666492e+00 1.532795548073325964e+00 1.516759259259259141e+00 2.707230985196528650e+01 1.215740740740740788e+00 1.030555555555555447e+00 6.250000000000000000e-01 6.250000000000000000e-01 6.250000000000000000e-01 6.250000000000000000e-01 6.250000000000000000e-01 6.250000000000000000e-01 6.250000000000000000e-01 6.250000000000000000e-01 6.250000000000000000e-01 6.250000000000000000e-01
6.250000000000000000e-01 6.250000000000000000e-01 6.250000000000000000e-01 6.250000000000000000e-01 6.250000000000000000e-01 3.333333333333333148e-01 3.333333333333333148e-01 5.240740740740740256e-01 8.563271604938270665e-01 7.434027777777777457e-01 9.716358024691358342e-01 2.707230985196528650e+01 1.215740740740740788e+00 1.030555555555555447e+00 5.240740740740740256e-01 6.250000000000000000e-01 6.250000000000000000e-01 6.250000000000000000e-01 6.250000000000000000e-01 6.250000000000000000e-01 6.250000000000000000e-01 6.250000000000000000e-01 6.250000000000000000e-01 6.250000000000000000e-01
6.250000000000000000e-01 6.250000000000000000e-01 6.250000000000000000e-01 6.250000000000000000e-01 5.240740740740740256e-01 5.240740740740740256e-01 3.333333333333333148e-01 1.071604938271604857e+00 7.944444444444445086e-01 1.071604938271604857e+00 1.322962962962962896e+00 8.167499999999999716e+01 1.215740740740740788e+00 1.030555555555555447e+00 5.240740740740740256e-01 6.250000000000000000e-01 6.250000000000000000e-01 6.250000000000000000e-01 6.250000000000000000e-01 6.250000000000000000e-01 6.250000000000000000e-01 6.250000000000000000e-01 6.250000000000000000e-01 6.250000000000000000e-01
6.250000000000000000e-01 6.250000000000000000e-01 6.250000000000000000e-01 6.250000000000000000e-01 5.240740740740740256e-01 5.240740740740740256e-01 3.333333333333333148e-01 7.434027777777777457e-01 7.731481481481482509e-01 1.196697530864197612e+00 8.911111111111111871e-01 8.167499999999999716e+01 1.215740740740740788e+00 1.030555555555555447e+00 5.240740740740740256e-01 6.250000000000000000e-01 6.250000000000000000e-01 6.250000000000000000e-01 6.250000000000000000e-01 6.250000000000000000e-01 6.250000000000000000e-01 6.250000000000000000e-01 6.250000000000000000e-01 6.250000000000000000e-01
6.250000000000000000e-01 6.250000000000000000e-01 6.250000000000000000e-01 6.250000000000000000e-01 5.240740740740740256e-01 5.240740740740740256e-01 3.333333333333333148e-01 3.333333333333333148e-01 5.240740740740740256e-01 3.333333333333333148e-01 1.135555555555555429e+00 5.160388888888887493e+01 1.215740740740740788e+00 4.201157407407406907e+01 5.240740740740740256e-01 6.250000000000000000e-01 6.250000000000000000e-01 6.250000000000000000e-01 6.250000000000000000e-01 6.250000000000000000e-01 6.250000000000000000e-01 6.250000000000000000e-01 6.250000000000000000e-01 6.250000000000000000e-01
6.250000000000000000e-01 6.250000000000000000e-01 6.250000000000000000e-01 6.250000000000000000e-01 5.240740740740740256e-01 5.240740740740740256e-01 3.333333333333333148e-01 3.333333333333333148e-01 5.240740740740740256e-01 7.944444444444445086e-01 8.563271604938270665e-01 6.977741769547324679e+01 1.215740740740740788e+00 4.201157407407406907e+01 5.240740740740740256e-01 6.250000000000000000e-01 6.250000000000000000e-01 6.250000000000000000e-01 6.250000000000000000e-01 6.250000000000000000e-01 6.250000000000000000e-01 6.250000000000000000e-01 6.250000000000000000e-01 6.250000000000000000e-01
6.250000000000000000e-01 6.250000000000000000e-01 6.250000000000000000e-01 6.250000000000000000e-01 5.240740740740740256e-01 5.240740740740740256e-01 3.333333333333333148e-01 3.333333333333333148e-01 5.240740740740740256e-01 6.043650793650794384e-01 8.563271604938270665e-01 5.068925925925925213e+01 1.215740740740740788e+00 4.201157407407406907e+01 5.240740740740740256e-01 5.240740740740740256e-01 5.240740740740740256e-01 5.240740740740740256e-01 5.240740740740740256e-01 5.240740740740740256e-01 6.250000000000000000e-01 6.250000000000000000e-01 6.250000000000000000e-01 6.250000000000000000e-01
6.250000000000000000e-01 6.250000000000000000e-01 6.250000000000000000e-01 6.250000000000000000e-01 6.250000000000000000e-01 5.240740740740740256e-01 3.333333333333333148e-01 8.563271604938270665e-01 7.360141093474426022e-01 1.071604938271604857e+00 9.716358024691358342e-01 5.068925925925925213e+01 1.215740740740740788e+00 1.079012345679012386e+00 5.240740740740740256e-01 5.240740740740740256e-01 5.240740740740740256e-01 3.333333333333333148e-01 3.333333333333333148e-01 6.043650793650794384e-01 5.240740740740740256e-01 5.240740740740740256e-01 5.240740740740740256e-01 6.250000000000000000e-01
6.250000000000000000e-01 6.250000000000000000e-01 6.250000000000000000e-01 6.250000000000000000e-01 6.250000000000000000e-01 5.240740740740740256e-01 3.333333333333333148e-01 6.250000000000000000e-01 8.541152263374484077e-01 1.215740740740740788e+00 1.322962962962962896e+00 5.109185185185184253e+01 1.215740740740740788e+00 1.150666666666666504e+00 3.333333333333333148e-01 5.240740740740740256e-01 5.240740740740740256e-01 7.360141093474426022e-01 5.240740740740740256e-01 5.240740740740740256e-01 3.333333333333333148e-01 5.240740740740740256e-01 5.240740740740740256e-01 6.250000000000000000e-01
6.250000000000000000e-01 6.250000000000000000e-01 6.250000000000000000e-01 6.250000000000000000e-01 5.240740740740740256e-01 3.333333333333333148e-01 7.434027777777777457e-01 7.434027777777777457e-01 5.240740740740740256e-01 7.434027777777777457e-01 8.911111111111111871e-01 3.705888888888888744e+01 4.148740740740741018e+01 1.079012345679012386e+00 5.240740740740740256e-01 7.944444444444445086e-01 6.250000000000000000e-01 6.043650793650794384e-01 5.240740740740740256e-01 5.240740740740740256e-01 3.333333333333333148e-01 5.240740740740740256e-01 5.240740740740740256e-01 6.250000000000000000e-01
6.250000000000000000e-01 6.250000000000000000e-01 6.250000000000000000e-01 6.250000000000000000e-01 5.240740740740740256e-01 5.240740740740740256e-01 7.434027777777777457e-01 3.333333333333333148e-01 5.240740740740740256e-01 3.333333333333333148e-01 8.563271604938270665e-01 2.707230985196528650e+01 4.148740740740741018e+01 4.201157407407406907e+01 1.438000000000000078e+01 1.215740740740740788e+00 7.434027777777777457e-01 5.240740740740740256e-01 5.240740740740740256e-01 3.333333333333333148e-01 5.240740740740740256e-01 5.240740740740740256e-01 5.240740740740740256e-01 6.250000000000000000e-01
6.250000000000000000e-01 6.250000000000000000e-01 6.250000000000000000e-01 6.250000000000000000e-01 5.240740740740740256e-01 5.240740740740740256e-01 5.240740740740740256e-01 3.333333333333333148e-01 8.563271604938270665e-01 5.240740740740740256e-01 1.422413055602820942e+00 5.068925925925925213e+01 8.768611111111108869e+01 1.215740740740740788e+00 1.168666666666666520e+00 5.240740740740740256e-01 8.541152263374484077e-01 5.240740740740740256e-01 5.240740740740740256e-01 5.240740740740740256e-01 5.240740740740740256e-01 5.240740740740740256e-01 5.240740740740740256e-01 6.250000000000000000e-01
6.250000000000000000e-01 6.250000000000000000e-01 6.250000000000000000e-01 6.250000000000000000e-01 5.240740740740740256e-01 5.240740740740740256e-01 5.240740740740740256e-01 3.333333333333333148e-01 9.716358024691358342e-01 1.079012345679012386e+00 7.908950617283950768e-01 6.846419753086418325e+01 1.169166666666666430e+02 4.334333333333332661e+01 1.079012345679012386e+00 7.360141093474426022e-01 5.240740740740740256e-01 5.240740740740740256e-01 9.716358024691358342e-01 7.360141093474426022e-01 6.043650793650794384e-01 5.240740740740740256e-01 5.240740740740740256e-01 6.250000000000000000e-01
6.250000000000000000e-01 6.250000000000000000e-01 6.250000000000000000e-01 6.250000000000000000e-01 5.240740740740740256e-01 5.240740740740740256e-01 7.944444444444445086e-01 3.333333333333333148e-01 9.716358024691358342e-01 1.145123456790123173e+00 1.135555555555555429e+00 4.804212962962963474e+01 1.215216666666666754e+02 2.963425925925925952e+01 1.433910052910052801e+00 5.240740740740740256e-01 5.240740740740740256e-01 3.333333333333333148e-01 1.079012345679012386e+00 7.944444444444445086e-01 5.240740740740740256e-01 5.240740740740740256e-01 5.240740740740740256e-01 6.250000000000000000e-01
6.250000000000000000e-01 6.250000000000000000e-01 6.250000000000000000e-01 6.250000000000000000e-01 5.240740740740740256e-01 5.240740740740740256e-01 3.333333333333333148e-01 7.434027777777777457e-01 1.030555555555555447e+00 8.541152263374484077e-01 9.155555555555554559e-01 4.209444444444444144e+01 2.424629629629629690e+01 9.026851851851851904e+01 1.447685185185185075e+00 1.247442680776014168e+00 7.360141093474426022e-01 3.333333333333333148e-01 1.030555555555555447e+00 7.360141093474426022e-01 5.240740740740740256e-01 8.563271604938270665e-01 6.043650793650794384e-01 6.250000000000000000e-01
6.250000000000000000e-01 6.250000000000000000e-01 6.250000000000000000e-01 6.250000000000000000e-01 5.240740740740740256e-01 5.240740740740740256e-01 5.240740740740740256e-01 7.434027777777777457e-01 6.250000000000000000e-01 1.154365079365079483e+00 6.250000000000000000e-01 8.541152263374484077e-01 2.384722222222221966e+00 1.722222222222222099e+00 6.250000000000000000e-01 1.075228475228474867e+00 6.250000000000000000e-01 7.434027777777777457e-01 6.250000000000000000e-01 6.250000000000000000e-01 3.333333333333333148e-01 6.250000000000000000e-01 6.043650793650794384e-01 6.250000000000000000e-01
6.250000000000000000e-01 6.250000000000000000e-01 6.250000000000000000e-01 6.250000000000000000e-01 6.250000000000000000e-01 5.240740740740740256e-01 5.240740740740740256e-01 7.434027777777777457e-01 5.240740740740740256e-01 5.240740740740740256e-01 6.043650793650794384e-01 3.333333333333333148e-01 6.250000000000000000e-01 6.250000000000000000e-01 6.250000000000000000e-01 6.250000000000000000e-01 5.240740740740740256e-01 3.333333333333333148e-01 5.240740740740740256e-01 5.240740740740740256e-01 3.333333333333333148e-01 5.240740740740740256e-01 5.240740740740740256e-01 6.250000000000000000e-01
6.250000000000000000e-01 6.250000000000000000e-01 6.250000000000000000e-01 6.250000000000000000e-01 6.250000000000000000e-01 6.250000000000000000e-01 6.250000000000000000e-01 6.250000000000000000e-01 6.250000000000000000e-01 6.250000000000000000e-01 6.250000000000000000e-01 6.250000000000000000e-01 6.250000000000000000e-01 6.250000000000000000e-01 6.250000000000000000e-01 6.250000000000000000e-01 6.250000000000000000e-01 6.250000000000000000e-01 6.250000000000000000e-01 6.250000000000000000e-01 6.250000000000000000e-01 6.250000000000000000e-01 6.250000000000000000e-01 6.250000000000000000e-01
