1.460679930128857551e+00 1.819399392899718082e+00 1.593848482766635044e+00 1.781956100694706890e+00 1.372165173707753594e+00 9.246575543797767027e-01 7.563271604938271997e-01 7.563271604938271997e-01 1.239707957668229055e+00 9.809957314487123270e-01 9.246575543797767027e-01 9.246575543797767027e-01 7.563271604938271997e-01 7.563271604938271997e-01 7.563271604938271997e-01 1.952660257346079620e+00 2.207196779168923317e+00 2.207196779168923317e+00 2.207196779168923317e+00 2.207196779168923317e+00 2.207196779168923317e+00 2.207196779168923317e+00
1.405159803696035770e+00 1.682625380166022033e+00 1.546601488402492786e+00 1.333487143273757169e+00 1.327979934072425428e+00 1.140328001794563173e+00 9.809957314487123270e-01 1.140328001794563173e+00 1.546601488402492786e+00 1.333487143273757169e+00 9.809957314487123270e-01 7.563271604938271997e-01 9.246575543797767027e-01 7.563271604938271997e-01 7.563271604938271997e-01 1.952660257346079620e+00 2.207196779168923317e+00 2.207196779168923317e+00 2.207196779168923317e+00 2.207196779168923317e+00 2.207196779168923317e+00 2.207196779168923317e+00
1.207789152015342315e+00 1.207789152015342315e+00 1.173069761025371083e+00 9.809957314487123270e-01 7.563271604938271997e-01 1.405159803696035770e+00 9.246575543797767027e-01 9.246575543797767027e-01 9.809957314487123270e-01 7.563271604938271997e-01 9.809957314487123270e-01 7.563271604938271997e-01 9.809957314487123270e-01 7.563271604938271997e-01 7.563271604938271997e-01 1.952660257346079620e+00 2.207196779168923317e+00 2.207196779168923317e+00 2.207196779168923317e+00 2.207196779168923317e+00 2.207196779168923317e+00 2.207196779168923317e+00
1.333487143273757169e+00 1.173069761025371083e+00 1.173069761025371083e+00 9.809957314487123270e-01 1.402525222055918119e+00 1.394860076800541027e+00 1.394860076800541027e+00 9.809957314487123270e-01 7.563271604938271997e-01 9.246575543797767027e-01 7.563271604938271997e-01 7.563271604938271997e-01 7.563271604938271997e-01 7.563271604938271997e-01 7.563271604938271997e-01 1.952660257346079620e+00 2.207196779168923317e+00 2.207196779168923317e+00 2.207196779168923317e+00 2.207196779168923317e+00 2.207196779168923317e+00 2.207196779168923317e+00
9.809957314487123270e-01 1.173069761025371083e+00 1.173069761025371083e+00 7.563271604938271997e-01 6.653995145294763347e+01 8.241527200144093968e+01 3.414734310334638678e+01 9.809957314487123270e-01 9.809957314487123270e-01 9.809957314487123270e-01 9.809957314487123270e-01 9.809957314487123270e-01 9.809957314487123270e-01 9.809957314487123270e-01 7.563271604938271997e-01 7.563271604938271997e-01 2.777738578574357575e+00 2.970310340527249959e+00 1.801964472879553414e+00 1.801964472879553414e+00 1.801964472879553414e+00 1.801964472879553414e+00
9.809957314487123270e-01 1.394860076800541027e+00 1.715544144554230543e+00 4.873687137716461848e+01 1.047529024779248630e+02 1.462634030869999151e+02 4.725076451743453276e+01 4.591674010244636506e+00 4.318522400072498435e+00 1.020586336941831362e+01 1.020586336941831362e+01 9.809957314487123270e-01 1.546601488402492786e+00 9.809957314487123270e-01 9.809957314487123270e-01 1.020586336941831362e+01 2.659603625881434841e+00 1.646166307098127612e+00 1.646166307098127612e+00 1.646166307098127612e+00 1.646166307098127612e+00 1.646166307098127612e+00
1.687043876602058345e+00 1.431338366473970281e+00 4.283696269351256092e+01 1.171780249845993893e+02 1.542645080485710878e+02 1.226430348131130046e+02 5.027581133491650434e+01 1.687043876602058345e+00 4.713998502105476440e+00 1.687043876602058345e+00 4.713998502105476440e+00 1.687043876602058345e+00 4.713998502105476440e+00 2.287591746303710316e+00 1.898740411604672573e+01 3.054488463429013123e+01 4.318522400072498435e+00 1.333487143273757169e+00 1.333487143273757169e+00 9.246575543797767027e-01 9.246575543797767027e-01 7.563271604938271997e-01
1.593848482766635044e+00 1.405159803696035770e+00 5.744697434910300160e+01 1.458062364035809537e+02 1.662295408320312617e+02 1.014617723423580316e+02 1.832741781761381139e+00 1.687043876602058345e+00 1.687043876602058345e+00 1.832741781761381139e+00 1.832741781761381139e+00 1.832741781761381139e+00 1.687043876602058345e+00 1.687043876602058345e+00 1.729188700459163641e+01 6.653995145294763347e+01 3.470258470773283221e+01 3.714829423925278462e+01 1.327979934072425428e+00 1.173069761025371083e+00 9.809957314487123270e-01 9.809957314487123270e-01
1.546601488402492786e+00 1.709975255147622386e+00 6.212879063652395928e+01 1.384511438735552247e+02 1.653336615748709448e+02 6.656295775739383203e+01 1.832741781761381139e+00 1.832741781761381139e+00 1.832741781761381139e+00 1.562036424608808538e+00 2.066339160269458297e+00 1.835447828868607356e+00 1.997328622435447842e+00 1.639913881767250503e+00 1.819399392899718082e+00 9.350527239858907080e+01 1.348797626174020650e+02 5.845704507929594484e+01 1.333487143273757169e+00 1.394860076800541027e+00 9.246575543797767027e-01 9.809957314487123270e-01
1.514792010508462017e+00 1.604172947171978114e+00 6.116351621048082876e+01 5.246460840340154164e+01 1.687043876602058345e+00 1.608812170226898930e+00 1.832741781761381139e+00 1.694039310831194856e+00 1.997328622435447842e+00 1.709975255147622386e+00 1.678110552146205858e+00 1.593848482766635044e+00 1.712811868575562668e+00 1.555249220713397218e+00 1.709975255147622386e+00 5.630875314953348010e+01 1.348797626174020650e+02 1.363776415075386694e+02 3.714829423925278462e+01 1.333487143273757169e+00 1.405159803696035770e+00 9.246575543797767027e-01
1.660272833157842021e+00 1.405159803696035770e+00 1.687043876602058345e+00 3.503486772486771628e+01 1.832741781761381139e+00 1.687043876602058345e+00 1.835447828868607356e+00 1.819399392899718082e+00 1.997328622435447842e+00 1.604981028584429703e+00 1.333487143273757169e+00 1.394860076800541027e+00 1.207789152015342315e+00 1.394860076800541027e+00 1.709975255147622386e+00 9.252505643157064696e+01 1.457843147062149001e+02 1.260764361957326400e+02 4.864767124699314138e+01 1.477375116086301343e+00 1.394860076800541027e+00 9.809957314487123270e-01
1.514792010508462017e+00 1.709975255147622386e+00 1.660272833157842021e+00 1.717794143866484102e+00 1.835447828868607356e+00 1.660272833157842021e+00 1.639913881767250503e+00 1.715544144554230543e+00 1.546601488402492786e+00 1.546601488402492786e+00 1.402525222055918119e+00 1.394860076800541027e+00 4.283696269351256092e+01 8.577897949380196962e+01 8.388047959735146719e+01 1.047529024779248630e+02 1.296819145800457989e+02 1.055905288879672099e+02 1.373490418439124028e+01 2.515287937370628946e+00 1.327979934072425428e+00 1.660272833157842021e+00
7.563271604938271997e-01 1.514792010508462017e+00 1.546601488402492786e+00 9.809957314487123270e-01 7.563271604938271997e-01 1.402525222055918119e+00 1.709975255147622386e+00 1.709975255147622386e+00 4.426495452401460362e+00 5.944488753600232656e+00 4.318522400072498435e+00 1.709975255147622386e+00 9.313255860498621530e+01 1.635684848803235525e+02 1.389954741985916939e+02 1.270831225749558797e+02 9.955868839520297797e+01 2.142935653568970977e+01 1.832741781761381139e+00 1.819399392899718082e+00 1.608812170226898930e+00 1.333487143273757169e+00
7.563271604938271997e-01 7.563271604938271997e-01 7.563271604938271997e-01 9.809957314487123270e-01 7.563271604938271997e-01 1.546601488402492786e+00 1.546601488402492786e+00 1.140328001794563173e+00 1.593848482766635044e+00 1.687043876602058345e+00 2.071544369836549393e+01 2.388686108892002125e+01 1.285669322415385807e+02 1.350537913812131876e+02 1.083590086631299130e+02 1.144668551119546009e+02 2.612386383466218209e+00 1.665947957444457561e+00 1.604981028584429703e+00 1.709975255147622386e+00 1.635438938740562120e+00 1.333487143273757169e+00
9.809957314487123270e-01 9.809957314487123270e-01 9.809957314487123270e-01 9.809957314487123270e-01 7.563271604938271997e-01 9.809957314487123270e-01 7.563271604938271997e-01 7.563271604938271997e-01 1.832741781761381139e+00 1.660272833157842021e+00 1.819399392899718082e+00 4.537299327342180533e+01 1.103030876253132675e+02 1.083590086631299130e+02 6.089295889064457157e+01 2.612386383466218209e+00 1.678110552146205858e+00 1.604981028584429703e+00 1.333487143273757169e+00 1.140328001794563173e+00 1.173069761025371083e+00 9.246575543797767027e-01
2.207196779168923317e+00 2.207196779168923317e+00 1.819399392899718082e+00 9.809957314487123270e-01 7.563271604938271997e-01 7.563271604938271997e-01 7.563271604938271997e-01 7.563271604938271997e-01 7.563271604938271997e-01 1.546601488402492786e+00 1.709975255147622386e+00 5.889885634460811303e+01 1.148480413137620673e+02 4.371622454395516399e+01 2.889550611311936912e+00 1.460679930128857551e+00 1.333487143273757169e+00 9.246575543797767027e-01 1.207789152015342315e+00 1.140328001794563173e+00 1.173069761025371083e+00 9.246575543797767027e-01
2.207196779168923317e+00 2.207196779168923317e+00 1.997328622435447842e+00 9.809957314487123270e-01 7.563271604938271997e-01 7.563271604938271997e-01 7.563271604938271997e-01 7.563271604938271997e-01 7.563271604938271997e-01 9.809957314487123270e-01 7.563271604938271997e-01 4.904755445406674852e+01 9.765531050311840033e+01 1.533682700840913959e+01 1.460679930128857551e+00 1.333487143273757169e+00 9.246575543797767027e-01 9.809957314487123270e-01 1.333487143273757169e+00 1.327979934072425428e+00 1.173069761025371083e+00 9.809957314487123270e-01
2.207196779168923317e+00 2.207196779168923317e+00 1.997328622435447842e+00 9.809957314487123270e-01 9.809957314487123270e-01 7.563271604938271997e-01 7.563271604938271997e-01 9.246575543797767027e-01 7.563271604938271997e-01 7.563271604938271997e-01 4.231536485890651988e+01 9.676542025931367164e+01 2.142935653568970977e+01 1.460679930128857551e+00 1.333487143273757169e+00 9.809957314487123270e-01 9.246575543797767027e-01 7.563271604938271997e-01 1.239707957668229055e+00 1.431338366473970281e+00 1.140328001794563173e+00 9.246575543797767027e-01
2.207196779168923317e+00 2.207196779168923317e+00 2.066339160269458297e+00 1.997328622435447842e+00 9.809957314487123270e-01 7.563271604938271997e-01 7.563271604938271997e-01 9.246575543797767027e-01 9.809957314487123270e-01 7.563271604938271997e-01 5.541899177795495746e+01 4.371622454395516399e+01 2.889550611311936912e+00 1.333487143273757169e+00 9.809957314487123270e-01 9.246575543797767027e-01 1.173069761025371083e+00 1.140328001794563173e+00 1.207789152015342315e+00 1.173069761025371083e+00 9.246575543797767027e-01 7.563271604938271997e-01
2.207196779168923317e+00 2.207196779168923317e+00 1.997328622435447842e+00 1.715544144554230543e+00 9.246575543797767027e-01 7.563271604938271997e-01 1.207789152015342315e+00 1.394860076800541027e+00 7.563271604938271997e-01 4.283696269351256092e+01 1.348797626174020650e+02 4.043495843549317215e+01 1.460679930128857551e+00 1.333487143273757169e+00 9.809957314487123270e-01 1.140328001794563173e+00 9.809957314487123270e-01 9.809957314487123270e-01 9.809957314487123270e-01 9.246575543797767027e-01 9.809957314487123270e-01 7.563271604938271997e-01
2.207196779168923317e+00 2.207196779168923317e+00 1.997328622435447842e+00 9.809957314487123270e-01 7.563271604938271997e-01 7.563271604938271997e-01 7.563271604938271997e-01 7.563271604938271997e-01 2.071544369836549393e+01 5.630875314953348010e+01 1.350537913812131876e+02 3.593523530575943870e+00 1.333487143273757169e+00 1.173069761025371083e+00 9.809957314487123270e-01 9.809957314487123270e-01 9.809957314487123270e-01 9.246575543797767027e-01 7.563271604938271997e-01 7.563271604938271997e-01 7.563271604938271997e-01 7.563271604938271997e-01
2.207196779168923317e+00 2.207196779168923317e+00 1.997328622435447842e+00 9.809957314487123270e-01 7.563271604938271997e-01 7.563271604938271997e-01 7.563271604938271997e-01 7.563271604938271997e-01 3.114071111311895734e+00 8.080501261131927038e+01 4.864767124699314138e+01 2.889550611311936912e+00 1.333487143273757169e+00 9.809957314487123270e-01 9.809957314487123270e-01 7.563271604938271997e-01 7.563271604938271997e-01 7.563271604938271997e-01 7.563271604938271997e-01 7.563271604938271997e-01 7.563271604938271997e-01 7.563271604938271997e-01
