8.143235096003431650e+00 8.143235096003431650e+00 8.143235096003431650e+00 8.143235096003431650e+00 8.143235096003431650e+00 8.143235096003431650e+00 8.143235096003431650e+00 8.143235096003431650e+00 8.143235096003431650e+00 8.143235096003431650e+00 8.143235096003431650e+00 8.143235096003431650e+00 8.143235096003431650e+00 8.143235096003431650e+00 8.143235096003431650e+00 8.143235096003431650e+00 8.143235096003431650e+00 8.143235096003431650e+00 8.143235096003431650e+00 8.143235096003431650e+00 8.143235096003431650e+00 8.143235096003431650e+00
8.143235096003431650e+00 8.143235096003431650e+00 8.143235096003431650e+00 8.143235096003431650e+00 8.143235096003431650e+00 8.143235096003431650e+00 8.143235096003431650e+00 1.098170582735309786e+01 2.020631289401081432e+01 2.135024088547363164e+01 2.305545341130770609e+01 2.305545341130770609e+01 2.305545341130770609e+01 2.119360727617175044e+01 1.098170582735309786e+01 8.143235096003431650e+00 8.143235096003431650e+00 8.143235096003431650e+00 8.143235096003431650e+00 8.143235096003431650e+00 8.143235096003431650e+00 8.143235096003431650e+00
8.143235096003431650e+00 8.143235096003431650e+00 8.143235096003431650e+00 8.143235096003431650e+00 8.143235096003431650e+00 8.143235096003431650e+00 1.991310736778258672e+01 2.402260654273660379e+01 3.604258471189580604e+01 4.756463616943907624e+01 4.941279296947872979e+01 4.941279296947872979e+01 4.707763008116838677e+01 4.112714374393890182e+01 2.935098832648340306e+01 2.112100310091644317e+01 1.098170582735309786e+01 8.143235096003431650e+00 8.143235096003431650e+00 8.143235096003431650e+00 8.143235096003431650e+00 8.143235096003431650e+00
8.143235096003431650e+00 8.143235096003431650e+00 8.143235096003431650e+00 8.143235096003431650e+00 8.143235096003431650e+00 1.991310736778258672e+01 2.868289556660584338e+01 4.812483281848884076e+01 6.944894883599411628e+01 8.149051294238519461e+01 8.686998516069078846e+01 8.448826993091900306e+01 7.542310173340568724e+01 7.542310173340568724e+01 5.936752361456566973e+01 3.945247002298381034e+01 2.318529586768172024e+01 8.143235096003431650e+00 8.143235096003431650e+00 8.143235096003431650e+00 8.143235096003431650e+00 8.143235096003431650e+00
8.143235096003431650e+00 8.143235096003431650e+00 8.143235096003431650e+00 8.143235096003431650e+00 1.991310736778258672e+01 3.394492903278604956e+01 5.390231621194758560e+01 7.439968506770806300e+01 9.744039262810701985e+01 1.117527680697920260e+02 1.191411024725117755e+02 1.202340611812947913e+02 1.202340611812947913e+02 1.036412152220773777e+02 8.548492221620793430e+01 5.936752361456566973e+01 3.554834218607269491e+01 1.906548892319178989e+01 8.143235096003431650e+00 8.143235096003431650e+00 8.143235096003431650e+00 8.143235096003431650e+00
8.143235096003431650e+00 8.143235096003431650e+00 8.143235096003431650e+00 1.991310736778258672e+01 3.068724849374920538e+01 5.390231621194758560e+01 8.254611543872860580e+01 1.049830909934484140e+02 1.174340421778333337e+02 1.248471432870483682e+02 1.332532485583231789e+02 1.308311214323198328e+02 1.355526485201838796e+02 1.240403789275149222e+02 1.116173084948184453e+02 7.324171881884836921e+01 3.957638272137710089e+01 1.906548892319178989e+01 8.143235096003431650e+00 8.143235096003431650e+00 8.143235096003431650e+00 8.143235096003431650e+00
8.143235096003431650e+00 8.143235096003431650e+00 1.745502586639425502e+01 2.930415824638163969e+01 5.386683122221396758e+01 7.960021205821985291e+01 1.059909844432770569e+02 1.174340421778333337e+02 1.243194977194044810e+02 1.162313143841701901e+02 1.112646968057098888e+02 1.310414959818828038e+02 1.308311214323198328e+02 1.340814685888377653e+02 1.144392194768032027e+02 8.480290049394676544e+01 4.513085708133893803e+01 1.906548892319178989e+01 8.143235096003431650e+00 8.143235096003431650e+00 8.143235096003431650e+00 8.143235096003431650e+00
8.143235096003431650e+00 8.143235096003431650e+00 2.015026756361512739e+01 3.592354097194406393e+01 6.903203303620415454e+01 9.889320879486335514e+01 1.180692619019213794e+02 1.247330645970178722e+02 1.123030904094220830e+02 9.449548685117693481e+01 1.039879958159259701e+02 1.074505028081019162e+02 1.308311214323198328e+02 1.340814685888377653e+02 1.181763214611665802e+02 7.192352148342362739e+01 4.513085708133893803e+01 1.906548892319178989e+01 8.143235096003431650e+00 8.143235096003431650e+00 8.143235096003431650e+00 8.143235096003431650e+00
8.143235096003431650e+00 8.143235096003431650e+00 2.015026756361512739e+01 4.302597914696107750e+01 7.997446624985578012e+01 1.107895904788360326e+02 1.323752251117957996e+02 1.236612769322533154e+02 1.066112615516707933e+02 9.118238354928705292e+01 9.621006575141655048e+01 1.203210698816197066e+02 1.355526485201838796e+02 1.285023072957868351e+02 1.144392194768032027e+02 7.192352148342362739e+01 4.116663486185557730e+01 1.985808619830547173e+01 8.143235096003431650e+00 8.143235096003431650e+00 8.143235096003431650e+00 8.143235096003431650e+00
8.143235096003431650e+00 8.143235096003431650e+00 2.015026756361512739e+01 4.735107366498647963e+01 7.599295858235142020e+01 1.074505028081019162e+02 1.308311214323198328e+02 1.317394912107045570e+02 1.116173084948184453e+02 1.036412152220773777e+02 1.088570908412267073e+02 1.209010301798637101e+02 1.390757024588718878e+02 1.285023072957868351e+02 1.059367009961839869e+02 6.683493845984837378e+01 3.447532975372389785e+01 1.985808619830547173e+01 8.143235096003431650e+00 8.143235096003431650e+00 8.143235096003431650e+00 8.143235096003431650e+00
8.143235096003431650e+00 8.143235096003431650e+00 2.115673337070694515e+01 3.218847632818508231e+01 6.528522965349816332e+01 1.026459358858047040e+02 1.146197973337151126e+02 1.317394912107045570e+02 1.317394912107045570e+02 1.191411024725117755e+02 1.245774883317600796e+02 1.390757024588718878e+02 1.445289645343318341e+02 1.285023072957868351e+02 1.002094696830131966e+02 6.261652284293026582e+01 3.000183139109604369e+01 1.098170582735309786e+01 8.143235096003431650e+00 8.143235096003431650e+00 8.143235096003431650e+00 8.143235096003431650e+00
8.143235096003431650e+00 8.143235096003431650e+00 1.098170582735309786e+01 2.765107264361366290e+01 4.692982431347663663e+01 7.818406345734186402e+01 1.026459358858047040e+02 1.228015672572324206e+02 1.262068206012274203e+02 1.228015672572324206e+02 1.308311214323198328e+02 1.380321921346562135e+02 1.445289645343318341e+02 1.236612769322533154e+02 1.002094696830131966e+02 5.889337366098781246e+01 2.690765125659171630e+01 8.143235096003431650e+00 8.143235096003431650e+00 8.143235096003431650e+00 8.143235096003431650e+00 8.143235096003431650e+00
8.143235096003431650e+00 8.143235096003431650e+00 8.143235096003431650e+00 2.115673337070694515e+01 2.901029638712745751e+01 4.615947559395595334e+01 6.520853516644879733e+01 7.916028661083466034e+01 9.502585619177121146e+01 9.502585619177121146e+01 1.146197973337151126e+02 1.310414959818828038e+02 1.380321921346562135e+02 1.236612769322533154e+02 9.289987565749714804e+01 5.348270409437976980e+01 2.502112501368190678e+01 8.143235096003431650e+00 8.143235096003431650e+00 8.143235096003431650e+00 8.143235096003431650e+00 8.143235096003431650e+00
8.143235096003431650e+00 8.143235096003431650e+00 8.143235096003431650e+00 8.143235096003431650e+00 2.115673337070694515e+01 2.579756240116949328e+01 3.925372453970049236e+01 5.035915692374557295e+01 5.522345943391182743e+01 7.818406345734186402e+01 8.867818257388033487e+01 1.146197973337151126e+02 1.310414959818828038e+02 1.181763214611665802e+02 8.480290049394676544e+01 5.085644369324204206e+01 2.502112501368190678e+01 8.143235096003431650e+00 8.143235096003431650e+00 8.143235096003431650e+00 8.143235096003431650e+00 8.143235096003431650e+00
8.143235096003431650e+00 8.143235096003431650e+00 8.143235096003431650e+00 8.143235096003431650e+00 8.143235096003431650e+00 2.021653688714377139e+01 2.021653688714377139e+01 2.579756240116949328e+01 3.269657685814436832e+01 4.850333764838433837e+01 6.914307303127056059e+01 1.026459358858047040e+02 1.231107620999831056e+02 1.236612769322533154e+02 8.707955050475825942e+01 5.085644369324204206e+01 2.502112501368190678e+01 8.143235096003431650e+00 8.143235096003431650e+00 8.143235096003431650e+00 8.143235096003431650e+00 8.143235096003431650e+00
8.143235096003431650e+00 8.143235096003431650e+00 8.143235096003431650e+00 8.143235096003431650e+00 8.143235096003431650e+00 8.143235096003431650e+00 8.143235096003431650e+00 8.143235096003431650e+00 1.581195603643687697e+01 2.765107264361366290e+01 5.730852893233635825e+01 8.724990224384166027e+01 1.231107620999831056e+02 1.236612769322533154e+02 8.818581342595742001e+01 5.348270409437976980e+01 2.521322112677976790e+01 8.143235096003431650e+00 8.143235096003431650e+00 8.143235096003431650e+00 8.143235096003431650e+00 8.143235096003431650e+00
8.143235096003431650e+00 8.143235096003431650e+00 8.143235096003431650e+00 8.143235096003431650e+00 8.143235096003431650e+00 8.143235096003431650e+00 8.143235096003431650e+00 8.143235096003431650e+00 8.143235096003431650e+00 2.435920895946700071e+01 4.735107366498647963e+01 8.504925111423925443e+01 1.203210698816197066e+02 1.236612769322533154e+02 1.022215173366967349e+02 5.514803619475235763e+01 2.567015351301001758e+01 8.143235096003431650e+00 8.143235096003431650e+00 8.143235096003431650e+00 8.143235096003431650e+00 8.143235096003431650e+00
8.143235096003431650e+00 8.143235096003431650e+00 8.143235096003431650e+00 8.143235096003431650e+00 8.143235096003431650e+00 8.143235096003431650e+00 8.143235096003431650e+00 8.143235096003431650e+00 8.143235096003431650e+00 2.435920895946700071e+01 4.735107366498647963e+01 8.844806095342228502e+01 1.203210698816197066e+02 1.236612769322533154e+02 9.953666255976384036e+01 6.032705468510187075e+01 3.375626554058978002e+01 1.098170582735309786e+01 8.143235096003431650e+00 8.143235096003431650e+00 8.143235096003431650e+00 8.143235096003431650e+00
8.143235096003431650e+00 8.143235096003431650e+00 8.143235096003431650e+00 8.143235096003431650e+00 8.143235096003431650e+00 8.143235096003431650e+00 8.143235096003431650e+00 8.143235096003431650e+00 8.143235096003431650e+00 2.115673337070694515e+01 4.363721486251355941e+01 7.599295858235142020e+01 1.074505028081019162e+02 1.277205431758881247e+02 1.022215173366967349e+02 7.324171881884836921e+01 3.375626554058978002e+01 1.985808619830547173e+01 8.143235096003431650e+00 8.143235096003431650e+00 8.143235096003431650e+00 8.143235096003431650e+00
8.143235096003431650e+00 8.143235096003431650e+00 8.143235096003431650e+00 8.143235096003431650e+00 8.143235096003431650e+00 8.143235096003431650e+00 8.143235096003431650e+00 8.143235096003431650e+00 8.143235096003431650e+00 2.115673337070694515e+01 3.449706122331357960e+01 6.914307303127056059e+01 9.995566344459986396e+01 1.231107620999831056e+02 1.022215173366967349e+02 7.324171881884836921e+01 3.375626554058978002e+01 1.935590519696998868e+01 8.143235096003431650e+00 8.143235096003431650e+00 8.143235096003431650e+00 8.143235096003431650e+00
8.143235096003431650e+00 8.143235096003431650e+00 8.143235096003431650e+00 8.143235096003431650e+00 8.143235096003431650e+00 8.143235096003431650e+00 8.143235096003431650e+00 8.143235096003431650e+00 8.143235096003431650e+00 1.098170582735309786e+01 3.242750076595780939e+01 6.146258126951845924e+01 9.098065443204625069e+01 1.148527996876482860e+02 1.058662657766728330e+02 6.616659472262693953e+01 3.447532975372389785e+01 1.985808619830547173e+01 8.143235096003431650e+00 8.143235096003431650e+00 8.143235096003431650e+00 8.143235096003431650e+00
8.143235096003431650e+00 8.143235096003431650e+00 8.143235096003431650e+00 8.143235096003431650e+00 8.143235096003431650e+00 8.143235096003431650e+00 8.143235096003431650e+00 8.143235096003431650e+00 8.143235096003431650e+00 8.143235096003431650e+00 2.440327033244665955e+01 5.251618568371355877e+01 7.548157082825299824e+01 1.020412337891359300e+02 9.224023257253776364e+01 6.261652284293026582e+01 3.334662995605850000e+01 1.985808619830547173e+01 8.143235096003431650e+00 8.143235096003431650e+00 8.143235096003431650e+00 8.143235096003431650e+00
