4.619359115658424386e+00 4.619359115658424386e+00 3.880207020479212510e+00 1.392553444728192646e+00 1.135827036082837749e+00 1.140328001794563173e+00 1.135827036082837749e+00 1.140328001794563173e+00 1.300811833044678956e+00 1.300811833044678956e+00 1.135827036082837749e+00 1.140328001794563173e+00 1.135827036082837749e+00 1.135827036082837749e+00 1.135827036082837749e+00 1.135827036082837749e+00 1.140328001794563173e+00 1.514792010508462017e+00 1.462892116227675787e+00 1.431338366473970281e+00 1.135827036082837749e+00 1.140328001794563173e+00
4.619359115658424386e+00 4.619359115658424386e+00 3.880207020479212510e+00 1.392553444728192646e+00 1.135827036082837749e+00 1.135827036082837749e+00 1.140328001794563173e+00 1.135827036082837749e+00 1.140328001794563173e+00 1.135827036082837749e+00 1.135827036082837749e+00 1.135827036082837749e+00 1.135827036082837749e+00 1.135827036082837749e+00 1.140328001794563173e+00 1.135827036082837749e+00 1.135827036082837749e+00 1.548591070098576994e+00 1.431335081693724254e+00 1.546601488402492786e+00 1.300811833044678956e+00 1.135827036082837749e+00
4.619359115658424386e+00 4.619359115658424386e+00 3.880207020479212510e+00 1.392553444728192646e+00 1.135827036082837749e+00 1.392553444728192646e+00 1.140328001794563173e+00 1.140328001794563173e+00 1.135827036082837749e+00 1.140328001794563173e+00 1.300811833044678956e+00 1.135827036082837749e+00 1.135827036082837749e+00 1.140328001794563173e+00 1.140328001794563173e+00 1.135827036082837749e+00 1.135827036082837749e+00 1.392553444728192646e+00 1.135827036082837749e+00 1.135827036082837749e+00 1.135827036082837749e+00 1.135827036082837749e+00
4.619359115658424386e+00 4.619359115658424386e+00 3.880207020479212510e+00 2.412109317336026404e+00 1.135827036082837749e+00 1.135827036082837749e+00 1.135827036082837749e+00 1.135827036082837749e+00 1.135827036082837749e+00 1.140328001794563173e+00 1.140328001794563173e+00 1.135827036082837749e+00 1.140328001794563173e+00 1.140328001794563173e+00 1.135827036082837749e+00 1.135827036082837749e+00 1.135827036082837749e+00 1.402525222055918119e+00 1.392553444728192646e+00 1.454179040501253795e+00 1.140328001794563173e+00 1.135827036082837749e+00
1.687043876602058345e+00 1.687043876602058345e+00 3.026038395837095774e+00 1.687043876602058345e+00 1.135827036082837749e+00 1.135827036082837749e+00 1.135827036082837749e+00 1.135827036082837749e+00 1.140328001794563173e+00 1.135827036082837749e+00 1.135827036082837749e+00 1.135827036082837749e+00 1.135827036082837749e+00 1.135827036082837749e+00 1.135827036082837749e+00 1.135827036082837749e+00 1.135827036082837749e+00 4.253032422301753712e+01 1.135827036082837749e+00 1.135827036082837749e+00 1.140328001794563173e+00 1.140328001794563173e+00
1.687043876602058345e+00 1.819399392899718082e+00 1.431335081693724254e+00 1.402525222055918119e+00 1.675859356001174305e+00 2.892096457042218205e+01 1.135827036082837749e+00 1.135827036082837749e+00 1.135827036082837749e+00 1.135827036082837749e+00 1.135827036082837749e+00 1.135827036082837749e+00 1.135827036082837749e+00 1.650094887602845404e+02 1.650094887602845404e+02 1.537525066403147775e+02 1.650094887602845404e+02 9.746510299017538159e+01 4.253032422301753712e+01 1.135827036082837749e+00 1.135827036082837749e+00 1.140328001794563173e+00
1.140328001794563173e+00 1.135827036082837749e+00 1.135827036082837749e+00 1.135827036082837749e+00 1.135827036082837749e+00 1.135827036082837749e+00 1.135827036082837749e+00 1.135827036082837749e+00 1.650094887602845404e+02 1.537525066403147775e+02 1.666235928949388381e+02 1.666235928949388381e+02 1.666235928949388381e+02 1.663763100038982543e+02 1.666235928949388381e+02 1.666235928949388381e+02 1.663690820404968065e+02 1.631558249577318236e+02 1.325497702689509367e+02 4.864767124699314138e+01 1.135827036082837749e+00 1.135827036082837749e+00
1.135827036082837749e+00 1.135827036082837749e+00 1.022193909943643320e+02 1.650094887602845404e+02 1.650094887602845404e+02 1.666235928949388381e+02 1.666235928949388381e+02 1.666235928949388381e+02 1.666235928949388381e+02 1.666235928949388381e+02 1.666235928949388381e+02 1.666235928949388381e+02 1.666235928949388381e+02 1.663690820404968065e+02 1.666235928949388381e+02 1.666235928949388381e+02 1.666235928949388381e+02 1.585620494268077323e+02 1.252923255268068914e+02 1.533682700840913959e+01 1.392553444728192646e+00 1.135827036082837749e+00
3.429018137154624668e+01 1.022193909943643320e+02 1.666235928949388381e+02 1.666235928949388381e+02 1.663763100038982543e+02 1.663763100038982543e+02 1.666235928949388381e+02 1.666235928949388381e+02 1.666235928949388381e+02 1.666235928949388381e+02 1.658925433600738870e+02 1.658925433600738870e+02 1.658925433600738870e+02 1.617907767885017449e+02 1.663763100038982543e+02 1.663763100038982543e+02 1.666235928949388381e+02 1.545503337430570241e+02 1.252923255268068914e+02 1.601920143459847345e+00 1.503160061726307672e+00 1.135827036082837749e+00
3.416314701549261912e+01 1.628979035086370004e+02 1.658925433600738870e+02 1.663763100038982543e+02 1.666235928949388381e+02 1.617907767885017449e+02 1.658925433600738870e+02 1.658925433600738870e+02 1.658925433600738870e+02 1.658925433600738870e+02 8.451432781344489342e+01 1.687043876602058345e+00 1.780170682355178613e+00 1.170845121490903722e+02 1.575942015598259616e+02 1.663763100038982543e+02 1.663690820404968065e+02 1.533253205399999501e+02 1.252923255268068914e+02 1.548591070098576994e+00 1.392553444728192646e+00 1.135827036082837749e+00
1.145181561514149138e+01 6.595310538899546771e+01 1.663763100038982543e+02 1.663690820404968065e+02 1.666235928949388381e+02 1.252923255268068914e+02 7.703497278349226463e+01 6.750094204964118205e+01 1.780170682355178613e+00 1.780170682355178613e+00 1.462892116227675787e+00 9.774150686567416813e+00 2.030136870622944123e+00 1.819399392899718082e+00 1.273855390799096057e+02 1.666235928949388381e+02 1.666235928949388381e+02 1.324007541169375486e+02 4.287099430058812288e+01 1.548591070098576994e+00 1.392553444728192646e+00 1.140328001794563173e+00
1.405159803696035770e+00 1.687043876602058345e+00 6.103287049285125931e+01 1.630529850436275865e+02 1.631558249577318236e+02 5.986330827284638190e+01 4.838885609106829300e+00 1.687043876602058345e+00 1.687043876602058345e+00 1.392553444728192646e+00 1.462892116227675787e+00 1.462892116227675787e+00 1.686165998955471590e+00 1.582032997318729928e+00 1.628979035086370004e+02 1.663690820404968065e+02 1.666235928949388381e+02 1.252923255268068914e+02 1.601920143459847345e+00 1.462892116227675787e+00 1.405159803696035770e+00 1.405159803696035770e+00
1.300811833044678956e+00 1.462892116227675787e+00 1.819399392899718082e+00 1.687043876602058345e+00 1.687043876602058345e+00 1.687043876602058345e+00 1.746526939330419692e+00 1.601920143459847345e+00 1.604981028584429703e+00 1.454179040501253795e+00 1.300811833044678956e+00 1.140328001794563173e+00 1.300811833044678956e+00 1.300811833044678956e+00 1.628979035086370004e+02 1.663690820404968065e+02 1.427103861508110469e+02 1.252923255268068914e+02 1.392553444728192646e+00 1.392553444728192646e+00 1.300811833044678956e+00 1.300811833044678956e+00
1.135827036082837749e+00 1.140328001794563173e+00 1.140328001794563173e+00 9.774150686567416813e+00 1.462892116227675787e+00 1.548591070098576994e+00 1.601920143459847345e+00 1.454179040501253795e+00 1.448284394189816027e+00 1.454179040501253795e+00 1.135827036082837749e+00 1.135827036082837749e+00 1.135827036082837749e+00 3.429018137154624668e+01 1.663690820404968065e+02 1.666235928949388381e+02 1.533253205399999501e+02 4.287099430058812288e+01 1.392553444728192646e+00 1.135827036082837749e+00 1.135827036082837749e+00 1.140328001794563173e+00
1.135827036082837749e+00 1.135827036082837749e+00 1.135827036082837749e+00 1.135827036082837749e+00 1.140328001794563173e+00 1.402525222055918119e+00 1.392553444728192646e+00 1.392553444728192646e+00 1.546601488402492786e+00 1.300811833044678956e+00 1.135827036082837749e+00 1.135827036082837749e+00 1.140328001794563173e+00 1.022193909943643320e+02 1.666235928949388381e+02 1.666235928949388381e+02 1.324007541169375486e+02 4.287099430058812288e+01 1.392553444728192646e+00 1.135827036082837749e+00 1.135827036082837749e+00 1.140328001794563173e+00
1.135827036082837749e+00 1.135827036082837749e+00 1.135827036082837749e+00 1.135827036082837749e+00 1.140328001794563173e+00 1.402525222055918119e+00 1.546601488402492786e+00 1.300811833044678956e+00 1.300811833044678956e+00 1.135827036082837749e+00 1.135827036082837749e+00 1.140328001794563173e+00 1.300811833044678956e+00 1.268625764728178638e+02 1.666235928949388381e+02 1.654456407420791493e+02 1.252923255268068914e+02 1.548591070098576994e+00 1.392553444728192646e+00 1.135827036082837749e+00 1.135827036082837749e+00 1.135827036082837749e+00
4.619359115658424386e+00 4.619359115658424386e+00 3.880207020479212510e+00 1.392553444728192646e+00 1.140328001794563173e+00 1.140328001794563173e+00 1.548591070098576994e+00 1.454179040501253795e+00 1.135827036082837749e+00 1.140328001794563173e+00 1.392553444728192646e+00 1.448284394189816027e+00 1.300811833044678956e+00 1.666235928949388381e+02 1.663690820404968065e+02 1.533253205399999501e+02 1.252923255268068914e+02 1.392553444728192646e+00 1.392553444728192646e+00 1.140328001794563173e+00 1.135827036082837749e+00 1.140328001794563173e+00
4.619359115658424386e+00 4.619359115658424386e+00 3.880207020479212510e+00 1.392553444728192646e+00 1.140328001794563173e+00 1.135827036082837749e+00 1.462892116227675787e+00 1.135827036082837749e+00 1.135827036082837749e+00 1.135827036082837749e+00 1.402525222055918119e+00 1.300811833044678956e+00 1.628979035086370004e+02 1.666235928949388381e+02 1.666235928949388381e+02 1.631558249577318236e+02 4.287099430058812288e+01 1.604981028584429703e+00 1.392553444728192646e+00 1.140328001794563173e+00 1.135827036082837749e+00 1.135827036082837749e+00
4.619359115658424386e+00 4.619359115658424386e+00 3.880207020479212510e+00 1.392553444728192646e+00 1.140328001794563173e+00 1.140328001794563173e+00 1.548591070098576994e+00 1.300811833044678956e+00 1.140328001794563173e+00 1.601920143459847345e+00 1.448284394189816027e+00 1.300811833044678956e+00 1.458062364035809537e+02 1.663763100038982543e+02 1.666235928949388381e+02 1.252923255268068914e+02 4.287099430058812288e+01 1.392553444728192646e+00 1.135827036082837749e+00 1.135827036082837749e+00 1.135827036082837749e+00 1.140328001794563173e+00
4.619359115658424386e+00 4.619359115658424386e+00 3.880207020479212510e+00 1.392553444728192646e+00 1.140328001794563173e+00 1.140328001794563173e+00 1.135827036082837749e+00 1.135827036082837749e+00 1.135827036082837749e+00 1.402525222055918119e+00 1.604172947171978114e+00 6.595310538899546771e+01 1.663690820404968065e+02 1.666235928949388381e+02 1.666235928949388381e+02 1.252923255268068914e+02 1.601920143459847345e+00 1.392553444728192646e+00 1.300811833044678956e+00 1.454179040501253795e+00 1.140328001794563173e+00 1.140328001794563173e+00
4.619359115658424386e+00 4.619359115658424386e+00 3.880207020479212510e+00 1.392553444728192646e+00 1.140328001794563173e+00 1.135827036082837749e+00 1.135827036082837749e+00 1.135827036082837749e+00 1.687043876602058345e+00 1.780170682355178613e+00 1.819399392899718082e+00 5.744697434910300160e+01 1.458062364035809537e+02 1.666235928949388381e+02 1.631558249577318236e+02 1.252923255268068914e+02 1.548591070098576994e+00 1.503160061726307672e+00 1.135827036082837749e+00 1.135827036082837749e+00 1.135827036082837749e+00 1.135827036082837749e+00
4.619359115658424386e+00 4.619359115658424386e+00 3.880207020479212510e+00 1.392553444728192646e+00 1.135827036082837749e+00 1.135827036082837749e+00 1.140328001794563173e+00 1.140328001794563173e+00 1.687043876602058345e+00 1.819399392899718082e+00 1.819399392899718082e+00 6.595310538899546771e+01 1.628979035086370004e+02 1.658925433600738870e+02 1.427103861508110469e+02 4.293007969340726504e+01 1.503160061726307672e+00 1.944119951247019529e+00 1.135827036082837749e+00 1.135827036082837749e+00 1.135827036082837749e+00 1.135827036082837749e+00
