8.034879632208230760e+00 8.034879632208230760e+00 8.034879632208230760e+00 8.034879632208230760e+00 8.034879632208230760e+00 8.034879632208230760e+00 8.034879632208230760e+00 8.034879632208230760e+00 8.034879632208230760e+00 8.034879632208230760e+00 8.034879632208230760e+00 2.179582289431901643e+01 2.619207513488977312e+01 2.814246665213499554e+01 2.446380806349958803e+01 2.112100310091644317e+01 8.034879632208230760e+00 8.034879632208230760e+00 8.034879632208230760e+00 8.034879632208230760e+00 8.034879632208230760e+00 8.034879632208230760e+00
8.034879632208230760e+00 8.034879632208230760e+00 8.034879632208230760e+00 8.034879632208230760e+00 8.034879632208230760e+00 8.034879632208230760e+00 8.034879632208230760e+00 8.034879632208230760e+00 8.034879632208230760e+00 8.034879632208230760e+00 2.204200947813555089e+01 3.232082144722591721e+01 4.522472412158447241e+01 5.670634964716585813e+01 3.921009325614243579e+01 2.846290027583545879e+01 1.997456266036907735e+01 8.034879632208230760e+00 8.034879632208230760e+00 8.034879632208230760e+00 8.034879632208230760e+00 8.034879632208230760e+00
8.034879632208230760e+00 8.034879632208230760e+00 8.034879632208230760e+00 8.034879632208230760e+00 8.034879632208230760e+00 8.034879632208230760e+00 8.034879632208230760e+00 8.034879632208230760e+00 8.034879632208230760e+00 8.034879632208230760e+00 2.486936033010498193e+01 4.582138949894616076e+01 6.504020799496863958e+01 7.437357104700166133e+01 5.780685722381219449e+01 3.556371341197532843e+01 1.906683777408682090e+01 8.034879632208230760e+00 8.034879632208230760e+00 8.034879632208230760e+00 8.034879632208230760e+00 8.034879632208230760e+00
8.034879632208230760e+00 8.034879632208230760e+00 8.034879632208230760e+00 8.034879632208230760e+00 8.034879632208230760e+00 8.034879632208230760e+00 8.034879632208230760e+00 8.034879632208230760e+00 8.034879632208230760e+00 1.746095991678771497e+01 2.952181692409752500e+01 6.114358696999771325e+01 8.647963877676920674e+01 9.151011455243160242e+01 6.606142834189250834e+01 4.017475178599606522e+01 2.069123452523976070e+01 8.034879632208230760e+00 8.034879632208230760e+00 8.034879632208230760e+00 8.034879632208230760e+00 8.034879632208230760e+00
8.034879632208230760e+00 8.034879632208230760e+00 8.034879632208230760e+00 8.034879632208230760e+00 8.034879632208230760e+00 8.034879632208230760e+00 8.034879632208230760e+00 8.034879632208230760e+00 8.034879632208230760e+00 1.746095991678771497e+01 3.478912428802515677e+01 6.979334712493732695e+01 8.950143335797656619e+01 9.151011455243160242e+01 6.616659472262693953e+01 3.334662995605850000e+01 1.906683777408682090e+01 8.034879632208230760e+00 8.034879632208230760e+00 8.034879632208230760e+00 8.034879632208230760e+00 8.034879632208230760e+00
8.034879632208230760e+00 8.034879632208230760e+00 8.034879632208230760e+00 8.034879632208230760e+00 8.034879632208230760e+00 8.034879632208230760e+00 8.034879632208230760e+00 8.034879632208230760e+00 8.034879632208230760e+00 2.204200947813555089e+01 3.737331766433220537e+01 6.979334712493732695e+01 9.603651088692656401e+01 9.077117241269945680e+01 6.036984949659621691e+01 3.334662995605850000e+01 2.009397188794036637e+01 8.034879632208230760e+00 8.034879632208230760e+00 8.034879632208230760e+00 8.034879632208230760e+00 8.034879632208230760e+00
8.034879632208230760e+00 8.034879632208230760e+00 8.034879632208230760e+00 8.034879632208230760e+00 8.034879632208230760e+00 8.034879632208230760e+00 8.034879632208230760e+00 8.034879632208230760e+00 8.034879632208230760e+00 2.204200947813555089e+01 4.803904253953125902e+01 7.349236933924629511e+01 8.797386269657279456e+01 8.574095968585653793e+01 5.597171502925541375e+01 2.722589265402040581e+01 8.034879632208230760e+00 8.034879632208230760e+00 8.034879632208230760e+00 8.034879632208230760e+00 8.034879632208230760e+00 8.034879632208230760e+00
8.034879632208230760e+00 8.034879632208230760e+00 8.034879632208230760e+00 8.034879632208230760e+00 8.034879632208230760e+00 8.034879632208230760e+00 8.034879632208230760e+00 8.034879632208230760e+00 8.034879632208230760e+00 2.952181692409752500e+01 5.799610497848865265e+01 8.503973497174716556e+01 9.123631858461834554e+01 7.415374995926725887e+01 4.437105395090923565e+01 2.196921211170429444e+01 8.034879632208230760e+00 8.034879632208230760e+00 8.034879632208230760e+00 8.034879632208230760e+00 8.034879632208230760e+00 8.034879632208230760e+00
8.034879632208230760e+00 8.034879632208230760e+00 8.034879632208230760e+00 8.034879632208230760e+00 8.034879632208230760e+00 8.034879632208230760e+00 8.034879632208230760e+00 8.034879632208230760e+00 1.746095991678771497e+01 3.478912428802515677e+01 6.114358696999771325e+01 9.234990790020626150e+01 9.255070614601717693e+01 6.810916748275772648e+01 3.861092218776787632e+01 1.906683777408682090e+01 8.034879632208230760e+00 8.034879632208230760e+00 8.034879632208230760e+00 8.034879632208230760e+00 8.034879632208230760e+00 8.034879632208230760e+00
8.034879632208230760e+00 8.034879632208230760e+00 8.034879632208230760e+00 8.034879632208230760e+00 8.034879632208230760e+00 8.034879632208230760e+00 8.034879632208230760e+00 8.034879632208230760e+00 2.204200947813555089e+01 3.737331766433220537e+01 6.979334712493732695e+01 9.234990790020626150e+01 9.308590519639891170e+01 6.616659472262693953e+01 3.334662995605850000e+01 1.906683777408682090e+01 8.034879632208230760e+00 8.034879632208230760e+00 8.034879632208230760e+00 8.034879632208230760e+00 8.034879632208230760e+00 8.034879632208230760e+00
8.034879632208230760e+00 8.034879632208230760e+00 8.034879632208230760e+00 8.034879632208230760e+00 8.034879632208230760e+00 8.034879632208230760e+00 8.034879632208230760e+00 8.034879632208230760e+00 2.204200947813555089e+01 4.803904253953125902e+01 8.503973497174716556e+01 1.028228159586397084e+02 9.077117241269945680e+01 5.889337366098781246e+01 3.334662995605850000e+01 8.034879632208230760e+00 8.034879632208230760e+00 8.034879632208230760e+00 8.034879632208230760e+00 8.034879632208230760e+00 8.034879632208230760e+00 8.034879632208230760e+00
8.034879632208230760e+00 8.034879632208230760e+00 8.034879632208230760e+00 8.034879632208230760e+00 8.034879632208230760e+00 8.034879632208230760e+00 8.034879632208230760e+00 8.034879632208230760e+00 2.471107919121768859e+01 4.793588098912375273e+01 8.542997123045446983e+01 9.906947983654964673e+01 8.574095968585653793e+01 5.597171502925541375e+01 2.477603200218837287e+01 8.034879632208230760e+00 8.034879632208230760e+00 8.034879632208230760e+00 8.034879632208230760e+00 8.034879632208230760e+00 8.034879632208230760e+00 8.034879632208230760e+00
8.034879632208230760e+00 8.034879632208230760e+00 8.034879632208230760e+00 8.034879632208230760e+00 8.034879632208230760e+00 8.034879632208230760e+00 8.034879632208230760e+00 8.034879632208230760e+00 2.952181692409752500e+01 6.382304783806780080e+01 8.503973497174716556e+01 9.921682107452299704e+01 8.085890981424391555e+01 4.437105395090923565e+01 2.196921211170429444e+01 8.034879632208230760e+00 8.034879632208230760e+00 8.034879632208230760e+00 8.034879632208230760e+00 8.034879632208230760e+00 8.034879632208230760e+00 8.034879632208230760e+00
8.034879632208230760e+00 8.034879632208230760e+00 8.034879632208230760e+00 8.034879632208230760e+00 8.034879632208230760e+00 8.034879632208230760e+00 8.034879632208230760e+00 1.746095991678771497e+01 3.478912428802515677e+01 6.979334712493732695e+01 8.950143335797656619e+01 9.151011455243160242e+01 6.683493845984837378e+01 3.527487500779463403e+01 1.906683777408682090e+01 8.034879632208230760e+00 8.034879632208230760e+00 8.034879632208230760e+00 8.034879632208230760e+00 8.034879632208230760e+00 8.034879632208230760e+00 8.034879632208230760e+00
8.034879632208230760e+00 8.034879632208230760e+00 8.034879632208230760e+00 8.034879632208230760e+00 8.034879632208230760e+00 8.034879632208230760e+00 8.034879632208230760e+00 2.204200947813555089e+01 3.737331766433220537e+01 6.979334712493732695e+01 9.603651088692656401e+01 8.574095968585653793e+01 5.989534019646478669e+01 2.722589265402040581e+01 8.034879632208230760e+00 8.034879632208230760e+00 8.034879632208230760e+00 8.034879632208230760e+00 8.034879632208230760e+00 8.034879632208230760e+00 8.034879632208230760e+00 8.034879632208230760e+00
8.034879632208230760e+00 8.034879632208230760e+00 8.034879632208230760e+00 8.034879632208230760e+00 8.034879632208230760e+00 8.034879632208230760e+00 8.034879632208230760e+00 2.204200947813555089e+01 4.803904253953125902e+01 7.349236933924629511e+01 9.906947983654964673e+01 8.525820998986030474e+01 5.889337366098781246e+01 2.477603200218837287e+01 8.034879632208230760e+00 8.034879632208230760e+00 8.034879632208230760e+00 8.034879632208230760e+00 8.034879632208230760e+00 8.034879632208230760e+00 8.034879632208230760e+00 8.034879632208230760e+00
8.034879632208230760e+00 8.034879632208230760e+00 8.034879632208230760e+00 8.034879632208230760e+00 8.034879632208230760e+00 8.034879632208230760e+00 8.034879632208230760e+00 2.471107919121768859e+01 4.944524398532483644e+01 8.503973497174716556e+01 1.043473600990800207e+02 8.826441550019973192e+01 5.085644369324204206e+01 2.069123452523976070e+01 8.034879632208230760e+00 8.034879632208230760e+00 8.034879632208230760e+00 8.034879632208230760e+00 8.034879632208230760e+00 8.034879632208230760e+00 8.034879632208230760e+00 8.034879632208230760e+00
8.034879632208230760e+00 8.034879632208230760e+00 8.034879632208230760e+00 8.034879632208230760e+00 8.034879632208230760e+00 8.034879632208230760e+00 8.034879632208230760e+00 2.471107919121768859e+01 5.435147185307322104e+01 8.503973497174716556e+01 1.140324313761144168e+02 8.826441550019973192e+01 5.085644369324204206e+01 2.069123452523976070e+01 8.034879632208230760e+00 8.034879632208230760e+00 8.034879632208230760e+00 8.034879632208230760e+00 8.034879632208230760e+00 8.034879632208230760e+00 8.034879632208230760e+00 8.034879632208230760e+00
8.034879632208230760e+00 8.034879632208230760e+00 8.034879632208230760e+00 8.034879632208230760e+00 8.034879632208230760e+00 8.034879632208230760e+00 8.034879632208230760e+00 2.965353835562357077e+01 5.435147185307322104e+01 9.169328567036720301e+01 1.007880079654167389e+02 8.085890981424391555e+01 5.098168745873035590e+01 2.069123452523976070e+01 8.034879632208230760e+00 8.034879632208230760e+00 8.034879632208230760e+00 8.034879632208230760e+00 8.034879632208230760e+00 8.034879632208230760e+00 8.034879632208230760e+00 8.034879632208230760e+00
8.034879632208230760e+00 8.034879632208230760e+00 8.034879632208230760e+00 8.034879632208230760e+00 8.034879632208230760e+00 8.034879632208230760e+00 8.034879632208230760e+00 2.436660503380706899e+01 5.435147185307322104e+01 7.548157082825299824e+01 8.557873596647132786e+01 7.229001247537168240e+01 4.437105395090923565e+01 2.196921211170429444e+01 8.034879632208230760e+00 8.034879632208230760e+00 8.034879632208230760e+00 8.034879632208230760e+00 8.034879632208230760e+00 8.034879632208230760e+00 8.034879632208230760e+00 8.034879632208230760e+00
8.034879632208230760e+00 8.034879632208230760e+00 8.034879632208230760e+00 8.034879632208230760e+00 8.034879632208230760e+00 8.034879632208230760e+00 8.034879632208230760e+00 2.116666946119428871e+01 3.399009257377374382e+01 6.068765116182591157e+01 5.626790238431219393e+01 5.209694645957232240e+01 3.185174047389404706e+01 1.906683777408682090e+01 8.034879632208230760e+00 8.034879632208230760e+00 8.034879632208230760e+00 8.034879632208230760e+00 8.034879632208230760e+00 8.034879632208230760e+00 8.034879632208230760e+00 8.034879632208230760e+00
8.034879632208230760e+00 8.034879632208230760e+00 8.034879632208230760e+00 8.034879632208230760e+00 8.034879632208230760e+00 8.034879632208230760e+00 8.034879632208230760e+00 1.106579539672523538e+01 2.116666946119428871e+01 3.458787427178911145e+01 3.746203278496507494e+01 3.188185523178569625e+01 2.059756021920894398e+01 8.034879632208230760e+00 8.034879632208230760e+00 8.034879632208230760e+00 8.034879632208230760e+00 8.034879632208230760e+00 8.034879632208230760e+00 8.034879632208230760e+00 8.034879632208230760e+00 8.034879632208230760e+00
