4.497633744855966675e-01 4.497633744855966675e-01 4.497633744855966675e-01 5.476234567901234751e-01 5.476234567901234751e-01 9.838274337348410503e-01 9.838274337348410503e-01 9.838274337348410503e-01 1.036331356096759526e+00 1.041908095358436315e+00 1.283958385341307906e+00 1.436275283105476364e+00 1.408195651755201228e+00 1.394860076800541027e+00 1.173069761025371083e+00 1.009623094175419622e+00 1.071660523593004122e+00 1.283958385341307906e+00 7.025718694885362270e-01 1.094513261071400567e+00 7.563271604938271997e-01 4.497633744855966675e-01
4.497633744855966675e-01 4.497633744855966675e-01 4.497633744855966675e-01 4.497633744855966675e-01 4.497633744855966675e-01 9.838274337348410503e-01 9.838274337348410503e-01 1.398608735436374317e+00 1.401280161806324642e+00 1.337634161826324997e+00 1.094513261071400567e+00 1.372165173707753594e+00 1.094513261071400567e+00 1.503160061726307672e+00 1.398608735436374317e+00 1.405159803696035770e+00 1.194479276895943354e+00 9.838274337348410503e-01 4.497633744855966675e-01 4.497633744855966675e-01 4.497633744855966675e-01 4.497633744855966675e-01
4.497633744855966675e-01 4.497633744855966675e-01 4.497633744855966675e-01 4.497633744855966675e-01 4.497633744855966675e-01 4.497633744855966675e-01 1.094513261071400567e+00 1.398608735436374317e+00 1.398608735436374317e+00 1.436275283105476364e+00 1.372165173707753594e+00 2.515877698664402917e+00 2.299246216513732222e+01 1.803511643946359211e+00 1.514792010508462017e+00 1.394860076800541027e+00 1.194479276895943354e+00 1.567453944422598333e+00 2.659603625881434841e+00 4.497633744855966675e-01 4.497633744855966675e-01 4.497633744855966675e-01
4.497633744855966675e-01 4.497633744855966675e-01 4.497633744855966675e-01 4.497633744855966675e-01 4.497633744855966675e-01 4.497633744855966675e-01 5.476234567901234751e-01 1.041908095358436315e+00 1.441901485619116796e+00 1.283958385341307906e+00 1.387181189373897539e+01 4.250042817974593135e+01 1.908401684431262568e+00 4.713998502105476440e+00 1.488831689590789598e+00 1.689154649852529388e+00 4.000285068203516481e+00 1.567453944422598333e+00 1.488831689590789598e+00 1.180891528733458706e+00 4.497633744855966675e-01 4.497633744855966675e-01
4.497633744855966675e-01 4.497633744855966675e-01 4.497633744855966675e-01 4.497633744855966675e-01 4.497633744855966675e-01 4.497633744855966675e-01 4.497633744855966675e-01 5.476234567901234751e-01 1.043843496472663279e+00 1.791848232241903460e+01 4.371622454395516399e+01 1.398608735436374317e+00 1.180891528733458706e+00 1.626550633760466047e+00 1.546601488402492786e+00 1.633953637566137429e+00 8.450707595053524201e+00 4.250042817974593135e+01 1.401280161806324642e+00 1.171223513775203173e+00 4.497633744855966675e-01 4.497633744855966675e-01
4.497633744855966675e-01 4.497633744855966675e-01 4.497633744855966675e-01 4.497633744855966675e-01 4.497633744855966675e-01 4.497633744855966675e-01 4.497633744855966675e-01 5.476234567901234751e-01 5.476234567901234751e-01 1.509772506682844195e+01 6.876702985583220240e+00 1.237976190476190341e+00 1.546601488402492786e+00 1.398608735436374317e+00 1.180891528733458706e+00 1.431338366473970281e+00 4.631176886514941771e+01 3.149722227895501092e+01 1.503160061726307672e+00 1.194479276895943354e+00 4.497633744855966675e-01 4.497633744855966675e-01
4.497633744855966675e-01 4.497633744855966675e-01 4.497633744855966675e-01 4.497633744855966675e-01 4.497633744855966675e-01 5.476234567901234751e-01 5.476234567901234751e-01 7.563271604938271997e-01 1.071660523593004122e+00 1.509772506682844195e+01 3.400717216599787207e+01 3.416506932285821030e+00 1.546601488402492786e+00 1.237976190476190341e+00 1.633953637566137429e+00 1.709975255147622386e+00 6.131871453079215684e+01 1.983515635534169430e+00 1.531800555023214772e+00 1.431338366473970281e+00 4.497633744855966675e-01 4.497633744855966675e-01
4.497633744855966675e-01 4.497633744855966675e-01 4.497633744855966675e-01 4.497633744855966675e-01 4.497633744855966675e-01 7.025718694885362270e-01 5.476234567901234751e-01 1.460679930128857551e+00 1.819399392899718082e+00 1.509772506682844195e+01 1.348797626174020650e+02 3.470258470773283221e+01 1.514792010508462017e+00 1.394860076800541027e+00 4.873687137716461848e+01 5.554239303643735326e+01 2.506431474593490094e+01 1.908401684431262568e+00 1.673073015453906631e+00 1.633953637566137429e+00 4.497633744855966675e-01 4.497633744855966675e-01
4.497633744855966675e-01 4.497633744855966675e-01 4.497633744855966675e-01 4.497633744855966675e-01 4.497633744855966675e-01 5.476234567901234751e-01 7.563271604938271997e-01 1.832741781761381139e+00 1.626550633760466047e+00 1.509772506682844195e+01 1.570669561017746787e+02 1.603582405567489957e+02 1.192528282677577494e+02 1.072142475092050944e+02 9.676542025931367164e+01 2.142935653568970977e+01 1.327643550506185210e+00 1.398608735436374317e+00 1.033120940420809708e+00 1.033120940420809708e+00 1.286818453262334572e+00 4.497633744855966675e-01
4.497633744855966675e-01 4.497633744855966675e-01 4.497633744855966675e-01 4.497633744855966675e-01 4.497633744855966675e-01 7.025718694885362270e-01 5.476234567901234751e-01 1.673073015453906631e+00 1.715544144554230543e+00 1.509772506682844195e+01 1.670733713375701086e+02 1.670733713375701086e+02 1.503590053383170755e+02 7.626796922655121591e+01 1.851317215377138892e+00 1.835447828868607356e+00 1.593848482766635044e+00 1.180891528733458706e+00 1.171223513775203173e+00 1.283958385341307906e+00 7.025718694885362270e-01 4.497633744855966675e-01
4.497633744855966675e-01 4.497633744855966675e-01 4.497633744855966675e-01 4.497633744855966675e-01 4.497633744855966675e-01 5.476234567901234751e-01 7.563271604938271997e-01 1.604981028584429703e+00 1.709975255147622386e+00 6.677975683421516351e+01 1.670544898221634185e+02 1.670544898221634185e+02 1.659800634450567713e+02 7.537045972319091902e+01 1.398608735436374317e+00 1.398608735436374317e+00 1.481574737733978520e+00 1.396955483262673381e+00 1.194479276895943354e+00 4.497633744855966675e-01 4.497633744855966675e-01 4.497633744855966675e-01
4.497633744855966675e-01 4.497633744855966675e-01 4.497633744855966675e-01 4.497633744855966675e-01 4.497633744855966675e-01 5.476234567901234751e-01 7.563271604938271997e-01 1.835447828868607356e+00 1.626550633760466047e+00 8.378546141975307648e+01 1.670544898221634185e+02 1.667905184258190445e+02 1.659800634450567713e+02 1.908401684431262568e+00 1.546601488402492786e+00 1.546601488402492786e+00 1.394860076800541027e+00 1.394860076800541027e+00 1.394860076800541027e+00 4.497633744855966675e-01 4.497633744855966675e-01 4.497633744855966675e-01
4.497633744855966675e-01 4.497633744855966675e-01 4.497633744855966675e-01 4.497633744855966675e-01 4.497633744855966675e-01 5.476234567901234751e-01 1.043843496472663279e+00 1.436275283105476364e+00 4.283696269351256092e+01 1.085698117652033119e+02 1.655989917879749953e+02 1.659800634450567713e+02 7.537045972319091902e+01 1.983515635534169430e+00 4.497633744855966675e-01 4.497633744855966675e-01 4.497633744855966675e-01 4.497633744855966675e-01 4.497633744855966675e-01 4.497633744855966675e-01 4.497633744855966675e-01 4.497633744855966675e-01
4.497633744855966675e-01 4.497633744855966675e-01 4.497633744855966675e-01 4.497633744855966675e-01 4.497633744855966675e-01 5.476234567901234751e-01 7.563271604938271997e-01 1.041908095358436315e+00 8.325483942329367437e+01 1.655490251093692962e+02 1.622996780764249820e+02 1.363776415075386694e+02 6.628495412996491609e+01 1.546601488402492786e+00 4.497633744855966675e-01 4.497633744855966675e-01 4.497633744855966675e-01 4.497633744855966675e-01 4.497633744855966675e-01 4.497633744855966675e-01 4.497633744855966675e-01 4.497633744855966675e-01
4.497633744855966675e-01 4.497633744855966675e-01 4.497633744855966675e-01 4.497633744855966675e-01 4.497633744855966675e-01 5.476234567901234751e-01 7.563271604938271997e-01 1.387181189373897539e+01 1.270831225749558797e+02 1.496892906701939978e+02 1.664244236540424993e+02 1.655271863797292156e+02 5.303136926785326466e+01 4.719412964737256466e+00 4.497633744855966675e-01 4.497633744855966675e-01 4.497633744855966675e-01 4.497633744855966675e-01 4.497633744855966675e-01 4.497633744855966675e-01 4.497633744855966675e-01 4.497633744855966675e-01
4.497633744855966675e-01 4.497633744855966675e-01 4.497633744855966675e-01 4.497633744855966675e-01 5.476234567901234751e-01 7.563271604938271997e-01 7.563271604938271997e-01 9.765531050311840033e+01 6.801875275437599555e+01 7.537297677722457934e+01 1.384511438735552247e+02 1.042307544626359430e+02 5.303136926785326466e+01 4.719412964737256466e+00 4.497633744855966675e-01 4.497633744855966675e-01 4.497633744855966675e-01 4.497633744855966675e-01 4.497633744855966675e-01 4.497633744855966675e-01 4.497633744855966675e-01 4.497633744855966675e-01
4.497633744855966675e-01 4.497633744855966675e-01 4.497633744855966675e-01 4.497633744855966675e-01 5.476234567901234751e-01 5.476234567901234751e-01 1.873585341955712735e+01 6.801875275437599555e+01 4.237553403058722523e+01 7.537297677722457934e+01 1.457843147062149001e+02 1.028120436159843791e+02 1.533682700840913959e+01 4.719412964737256466e+00 4.497633744855966675e-01 4.497633744855966675e-01 4.497633744855966675e-01 4.497633744855966675e-01 4.497633744855966675e-01 4.497633744855966675e-01 4.497633744855966675e-01 4.497633744855966675e-01
4.497633744855966675e-01 4.497633744855966675e-01 4.497633744855966675e-01 4.497633744855966675e-01 5.476234567901234751e-01 1.801964472879553414e+00 1.873585341955712735e+01 6.801875275437599555e+01 3.434849537651182061e+01 8.325483942329367437e+01 1.148480413137620673e+02 4.250042817974593135e+01 1.398608735436374317e+00 1.180891528733458706e+00 4.497633744855966675e-01 4.497633744855966675e-01 4.497633744855966675e-01 4.497633744855966675e-01 4.497633744855966675e-01 4.497633744855966675e-01 4.497633744855966675e-01 4.497633744855966675e-01
4.497633744855966675e-01 4.497633744855966675e-01 4.497633744855966675e-01 4.497633744855966675e-01 5.476234567901234751e-01 7.563271604938271997e-01 6.856223671602512582e+01 8.577897949380196962e+01 8.577897949380196962e+01 8.577897949380196962e+01 9.765531050311840033e+01 2.763416923723165652e+01 1.719784557071596609e+01 1.398608735436374317e+00 4.497633744855966675e-01 4.497633744855966675e-01 4.497633744855966675e-01 4.497633744855966675e-01 4.497633744855966675e-01 4.497633744855966675e-01 4.497633744855966675e-01 4.497633744855966675e-01
4.497633744855966675e-01 4.497633744855966675e-01 4.497633744855966675e-01 4.497633744855966675e-01 5.476234567901234751e-01 1.873585341955712735e+01 4.631176886514941771e+01 1.233197696687370666e+02 1.148480413137620673e+02 1.148480413137620673e+02 4.250042817974593135e+01 1.762462947564639748e+01 1.180891528733458706e+00 4.497633744855966675e-01 4.497633744855966675e-01 4.497633744855966675e-01 4.497633744855966675e-01 4.497633744855966675e-01 4.497633744855966675e-01 4.497633744855966675e-01 4.497633744855966675e-01 4.497633744855966675e-01
4.497633744855966675e-01 4.497633744855966675e-01 4.497633744855966675e-01 4.497633744855966675e-01 4.497633744855966675e-01 7.025718694885362270e-01 6.103287049285125931e+01 9.676542025931367164e+01 1.240423044432419317e+02 1.085167850143039772e+02 2.230645558119869420e+01 1.401280161806324642e+00 7.025718694885362270e-01 4.497633744855966675e-01 4.497633744855966675e-01 4.497633744855966675e-01 4.497633744855966675e-01 4.497633744855966675e-01 4.497633744855966675e-01 4.497633744855966675e-01 4.497633744855966675e-01 4.497633744855966675e-01
4.497633744855966675e-01 4.497633744855966675e-01 4.497633744855966675e-01 4.497633744855966675e-01 4.497633744855966675e-01 5.476234567901234751e-01 1.180891528733458706e+00 1.180891528733458706e+00 1.180891528733458706e+00 1.180891528733458706e+00 1.180891528733458706e+00 9.542336628736156623e-01 4.497633744855966675e-01 4.497633744855966675e-01 4.497633744855966675e-01 4.497633744855966675e-01 4.497633744855966675e-01 4.497633744855966675e-01 4.497633744855966675e-01 4.497633744855966675e-01 4.497633744855966675e-01 4.497633744855966675e-01
