1.356529815792569149e+00 1.356529815792569149e+00 1.356529815792569149e+00 1.356529815792569149e+00 4.497633744855966675e-01 1.342696858857270303e+00 1.342696858857270303e+00 1.119177216167768441e+00 1.094513261071400567e+00 1.354921863446387764e+00 1.274675296978651007e+00 1.481574737733978520e+00 1.448284394189816027e+00 1.194479276895943354e+00 9.369671274679511885e-01 7.563271604938271997e-01 5.072189153439152776e-01 9.838274337348410503e-01 1.237976190476190341e+00 1.173069761025371083e+00 4.497633744855966675e-01 5.072189153439152776e-01
1.356529815792569149e+00 1.356529815792569149e+00 1.356529815792569149e+00 1.356529815792569149e+00 4.497633744855966675e-01 4.497633744855966675e-01 1.546601488402492786e+00 5.072189153439152776e-01 7.025718694885362270e-01 7.025718694885362270e-01 1.033120940420809708e+00 1.617992501898121827e+00 1.499201833223958280e+00 1.194479276895943354e+00 1.072453979276895675e+00 1.274557742396543514e+00 1.283958385341307906e+00 1.283476738375510795e+00 1.171223513775203173e+00 1.194479276895943354e+00 4.497633744855966675e-01 5.072189153439152776e-01
1.356529815792569149e+00 1.356529815792569149e+00 1.356529815792569149e+00 1.356529815792569149e+00 5.072189153439152776e-01 4.497633744855966675e-01 4.497633744855966675e-01 9.935548053633974641e-01 1.297191209066208994e+00 1.036331356096759526e+00 1.094513261071400567e+00 1.546601488402492786e+00 1.394860076800541027e+00 1.094513261071400567e+00 1.094513261071400567e+00 1.094513261071400567e+00 1.198074345750271830e+00 1.342696858857270303e+00 1.198074345750271830e+00 9.838274337348410503e-01 4.497633744855966675e-01 5.072189153439152776e-01
1.356529815792569149e+00 1.356529815792569149e+00 1.397705687830687493e+00 5.072189153439152776e-01 7.563271604938271997e-01 7.563271604938271997e-01 9.838274337348410503e-01 1.342696858857270303e+00 2.859328994308161143e+01 4.283696269351256092e+01 8.381925354790114113e+01 9.343543262260774895e+01 8.381925354790114113e+01 8.381925354790114113e+01 8.381925354790114113e+01 8.381925354790114113e+01 8.381925354790114113e+01 2.204065792596248130e+01 1.567453944422598333e+00 1.546601488402492786e+00 4.497633744855966675e-01 4.497633744855966675e-01
5.072189153439152776e-01 4.497633744855966675e-01 5.072189153439152776e-01 7.563271604938271997e-01 7.563271604938271997e-01 4.283696269351256092e+01 5.554239303643735326e+01 8.381925354790114113e+01 9.366857810231674364e+01 1.500423688097558284e+02 1.664944894655453425e+02 1.670544898221634185e+02 1.670544898221634185e+02 1.666393813004733602e+02 1.666393813004733602e+02 1.664944894655453425e+02 1.670544898221634185e+02 1.647388149307516585e+02 7.236262296479482359e+01 3.714829423925278462e+01 4.497633744855966675e-01 4.497633744855966675e-01
1.171223513775203173e+00 9.542336628736156623e-01 7.563271604938271997e-01 7.563271604938271997e-01 4.283696269351256092e+01 9.247578251238290648e+01 1.500423688097558284e+02 1.664944894655453425e+02 1.664944894655453425e+02 1.664944894655453425e+02 1.669107184429327049e+02 1.669107184429327049e+02 1.669107184429327049e+02 1.669107184429327049e+02 1.664173967661327254e+02 1.549769414381914316e+02 1.662935404852408396e+02 1.656282569193701590e+02 1.325497702689509367e+02 6.674868539236676668e+01 1.342696858857270303e+00 1.119177216167768441e+00
1.401280161806324642e+00 9.935548053633974641e-01 9.071791495912098213e-01 7.563271604938271997e-01 1.195025193486234940e+02 1.670544898221634185e+02 1.664820817277029619e+02 1.662935404852408396e+02 1.662935404852408396e+02 1.662935404852408396e+02 1.493580375180374915e+02 1.662935404852408396e+02 1.662935404852408396e+02 1.656282569193701590e+02 6.115092708333333604e+01 9.856755253329039590e+01 1.557078093751281642e+02 1.103030876253132675e+02 1.644256780492898713e+02 1.325497702689509367e+02 3.714829423925278462e+01 1.401280161806324642e+00
1.394860076800541027e+00 1.472856846958441546e+00 1.486628417107583644e+00 6.339863973015424392e+01 1.285669322415385807e+02 1.669107184429327049e+02 1.664820817277029619e+02 1.664173967661327254e+02 1.851317215377138892e+00 1.333656663109014096e+00 1.203907633004745215e+01 1.851317215377138892e+00 2.038790367525499025e+00 2.038790367525499025e+00 1.842191647227284124e+00 1.593848482766635044e+00 1.673766974229390136e+00 7.537297677722457934e+01 1.366317879028462983e+02 1.453381434370685668e+02 6.282350668043153519e+01 1.342696858857270303e+00
1.431338366473970281e+00 1.668614307575027711e+00 4.283696269351256092e+01 1.482614718441776063e+02 1.670544898221634185e+02 1.669107184429327049e+02 1.663528328761439923e+02 2.319380089301797288e+00 1.617992501898121827e+00 1.333656663109014096e+00 1.405159803696035770e+00 2.319380089301797288e+00 1.832741781761381139e+00 1.493365465960169391e+00 1.333656663109014096e+00 1.333656663109014096e+00 1.421058955315390504e+00 1.297191209066208994e+00 7.537297677722457934e+01 1.476145801225230798e+02 6.706471388902102149e+01 1.648714146800143610e+00
1.415173716450336627e+00 1.499201833223958280e+00 6.677975683421516351e+01 1.425479939674522996e+02 1.554308787138149341e+02 1.549769414381914316e+02 1.656282569193701590e+02 1.653663665305725505e+00 1.354921863446387764e+00 1.546601488402492786e+00 1.448284394189816027e+00 2.038790367525499025e+00 1.531800555023214772e+00 1.546601488402492786e+00 1.394860076800541027e+00 1.514792010508462017e+00 1.264293660930103869e+00 1.297191209066208994e+00 6.595310538899546771e+01 1.240423044432419317e+02 6.656295775739383203e+01 1.531800555023214772e+00
1.431338366473970281e+00 1.654121532473369793e+00 9.313255860498621530e+01 1.643891050313271478e+02 1.664173967661327254e+02 1.557078093751281642e+02 1.851317215377138892e+00 1.333656663109014096e+00 1.342696858857270303e+00 1.264293660930103869e+00 1.356529815792569149e+00 1.796394991142466813e+00 1.605779799721876566e+00 1.547816311747288731e+00 1.654121532473369793e+00 1.361572140077200288e+00 1.229198869630689250e+00 1.034546938447011621e+00 1.297191209066208994e+00 5.889885634460811303e+01 7.150415874910565606e+01 4.250042817974593135e+01
1.415173716450336627e+00 7.563271604938271997e-01 1.285669322415385807e+02 1.646829350872040436e+02 5.042946879588058096e+01 1.946498289191095665e+01 1.401280161806324642e+00 1.171223513775203173e+00 9.542336628736156623e-01 1.034546938447011621e+00 1.283958385341307906e+00 1.283958385341307906e+00 1.514792010508462017e+00 1.531800555023214772e+00 1.394860076800541027e+00 9.542336628736156623e-01 1.009623094175419622e+00 7.563271604938271997e-01 2.637598450055835286e+01 4.001084231353959098e+01 1.233197696687370666e+02 4.250042817974593135e+01
1.297191209066208994e+00 1.297191209066208994e+00 7.004190805668270059e+01 6.115092708333333604e+01 1.803511643946359211e+00 1.421058955315390504e+00 1.342696858857270303e+00 1.227063718355905886e+00 1.009623094175419622e+00 9.838274337348410503e-01 5.072189153439152776e-01 4.497633744855966675e-01 5.072189153439152776e-01 1.546601488402492786e+00 1.394860076800541027e+00 9.369671274679511885e-01 9.071791495912098213e-01 7.563271604938271997e-01 4.231536485890651988e+01 9.839016102176738343e+01 9.765531050311840033e+01 6.131871453079215684e+01
5.072189153439152776e-01 1.297191209066208994e+00 1.509772506682844195e+01 3.404106577249806520e+01 1.477375116086301343e+00 1.342696858857270303e+00 1.372165173707753594e+00 1.194479276895943354e+00 4.497633744855966675e-01 4.497633744855966675e-01 9.071791495912098213e-01 7.563271604938271997e-01 7.563271604938271997e-01 1.354921863446387764e+00 1.072453979276895675e+00 1.173069761025371083e+00 7.563271604938271997e-01 4.283696269351256092e+01 1.547292406147644215e+02 1.547292406147644215e+02 9.765531050311840033e+01 1.617992501898121827e+00
9.071791495912098213e-01 9.071791495912098213e-01 6.677975683421516351e+01 1.453381434370685668e+02 1.342696858857270303e+00 1.546601488402492786e+00 1.394860076800541027e+00 1.654121532473369793e+00 4.497633744855966675e-01 7.025718694885362270e-01 7.563271604938271997e-01 7.563271604938271997e-01 1.009623094175419622e+00 1.424769300411522366e+01 1.009623094175419622e+00 1.394860076800541027e+00 4.283696269351256092e+01 1.670544898221634185e+02 1.647388149307516585e+02 1.085167850143039772e+02 4.250042817974593135e+01 1.493365465960169391e+00
9.838274337348410503e-01 1.756698184791934736e+01 8.885150363574712173e+01 1.639431952440216946e+02 1.664944894655453425e+02 6.564594997427981582e+01 1.567453944422598333e+00 1.546601488402492786e+00 1.342696858857270303e+00 1.009623094175419622e+00 2.859328994308161143e+01 4.283696269351256092e+01 8.388047959735146719e+01 8.381925354790114113e+01 8.381925354790114113e+01 1.666393813004733602e+02 1.669107184429327049e+02 1.554308787138149341e+02 1.656282569193701590e+02 6.271313725789642035e+01 1.617992501898121827e+00 1.401280161806324642e+00
7.563271604938271997e-01 7.563271604938271997e-01 1.080600193413492178e+02 1.458062364035809537e+02 1.670544898221634185e+02 1.664944894655453425e+02 1.664944894655453425e+02 8.388047959735146719e+01 1.193216161315536255e+02 8.352585929345282523e+01 9.366857810231674364e+01 1.500423688097558284e+02 1.670544898221634185e+02 1.670544898221634185e+02 1.669107184429327049e+02 1.663528328761439923e+02 1.656282569193701590e+02 1.510885137426821245e+02 5.917642017396183007e+01 1.908401684431262568e+00 9.542336628736156623e-01 7.025718694885362270e-01
1.593848482766635044e+00 1.297191209066208994e+00 6.103287049285125931e+01 1.354666439559426294e+02 1.662935404852408396e+02 1.656282569193701590e+02 1.670544898221634185e+02 1.664944894655453425e+02 1.655791540911195625e+02 1.654229331033899086e+02 1.667083138957390531e+02 1.669107184429327049e+02 1.554308787138149341e+02 1.662935404852408396e+02 1.549769414381914316e+02 1.656282569193701590e+02 5.891983274553023620e+01 1.838355559339545309e+01 1.333656663109014096e+00 9.542336628736156623e-01 9.542336628736156623e-01 7.563271604938271997e-01
1.832741781761381139e+00 1.333656663109014096e+00 1.333656663109014096e+00 5.072189153439152776e-01 3.937030621693121191e+01 1.664244236540424993e+02 1.662935404852408396e+02 1.662935404852408396e+02 1.656282569193701590e+02 1.664244236540424993e+02 1.662935404852408396e+02 1.656282569193701590e+02 9.925688442811303958e+01 1.851317215377138892e+00 1.333656663109014096e+00 1.838355559339545309e+01 1.333656663109014096e+00 1.171223513775203173e+00 9.542336628736156623e-01 5.072189153439152776e-01 1.009623094175419622e+00 7.563271604938271997e-01
1.514792010508462017e+00 5.072189153439152776e-01 5.072189153439152776e-01 2.271207350354278898e+00 2.398587391846432659e+00 5.072189153439152776e-01 6.115092708333333604e+01 9.856755253329039590e+01 9.856755253329039590e+01 5.360201608073906243e+01 5.007785094285969052e+01 4.779785623378530346e+01 1.283476738375510795e+00 1.033120940420809708e+00 1.706502314814814625e+01 5.072189153439152776e-01 5.072189153439152776e-01 1.394860076800541027e+00 4.497633744855966675e-01 1.094513261071400567e+00 4.497633744855966675e-01 7.563271604938271997e-01
4.497633744855966675e-01 4.497633744855966675e-01 4.497633744855966675e-01 5.072189153439152776e-01 5.072189153439152776e-01 1.119177216167768441e+00 1.706502314814814625e+01 1.706502314814814625e+01 5.072189153439152776e-01 5.072189153439152776e-01 5.072189153439152776e-01 1.100056925644604444e+00 1.706502314814814625e+01 1.546601488402492786e+00 5.072189153439152776e-01 4.497633744855966675e-01 4.497633744855966675e-01 5.072189153439152776e-01 4.497633744855966675e-01 4.497633744855966675e-01 4.497633744855966675e-01 4.497633744855966675e-01
1.356529815792569149e+00 1.356529815792569149e+00 1.356529815792569149e+00 4.497633744855966675e-01 5.072189153439152776e-01 4.497633744855966675e-01 4.497633744855966675e-01 4.497633744855966675e-01 4.497633744855966675e-01 4.497633744855966675e-01 5.072189153439152776e-01 4.497633744855966675e-01 5.072189153439152776e-01 5.072189153439152776e-01 5.072189153439152776e-01 5.072189153439152776e-01 1.356529815792569149e+00 1.356529815792569149e+00 1.356529815792569149e+00 1.356529815792569149e+00 1.356529815792569149e+00 1.356529815792569149e+00
