1.135827036082837749e+00 1.135827036082837749e+00 1.135827036082837749e+00 1.135827036082837749e+00 9.246575543797767027e-01 1.140328001794563173e+00 1.646166307098127612e+00 1.587537158033601958e+00 1.454179040501253795e+00 1.135827036082837749e+00 1.135827036082837749e+00 1.135827036082837749e+00 1.135827036082837749e+00 1.135827036082837749e+00 1.546601488402492786e+00 1.394860076800541027e+00 1.394860076800541027e+00 1.135827036082837749e+00 1.135827036082837749e+00 1.140328001794563173e+00 9.246575543797767027e-01 9.246575543797767027e-01
1.135827036082837749e+00 1.135827036082837749e+00 1.135827036082837749e+00 1.135827036082837749e+00 9.246575543797767027e-01 1.207789152015342315e+00 1.207789152015342315e+00 1.394860076800541027e+00 1.135827036082837749e+00 1.135827036082837749e+00 1.135827036082837749e+00 8.388047959735146719e+01 1.455879736315822583e+02 3.470258470773283221e+01 4.850584578612867404e+01 1.135827036082837749e+00 1.327979934072425428e+00 1.514792010508462017e+00 1.354621370247917511e+00 1.135827036082837749e+00 1.135827036082837749e+00 9.246575543797767027e-01
1.135827036082837749e+00 1.135827036082837749e+00 1.135827036082837749e+00 1.135827036082837749e+00 9.246575543797767027e-01 1.135827036082837749e+00 1.135827036082837749e+00 1.135827036082837749e+00 4.283696269351256092e+01 1.443520241069347492e+02 1.503590053383170755e+02 1.662378642367306441e+02 1.674189629629629508e+02 1.299516207206086449e+02 1.455879736315822583e+02 3.423528778350195978e+01 5.489353351868800246e+00 1.333487143273757169e+00 1.402525222055918119e+00 1.327979934072425428e+00 1.135827036082837749e+00 9.246575543797767027e-01
1.140328001794563173e+00 1.140328001794563173e+00 1.135827036082837749e+00 1.135827036082837749e+00 9.246575543797767027e-01 1.200652813800133778e+01 4.283696269351256092e+01 1.171780249845993893e+02 1.674189629629629508e+02 1.662378642367306441e+02 1.662378642367306441e+02 1.662378642367306441e+02 1.665848197556454693e+02 1.674189629629629508e+02 1.658814482519402418e+02 1.658814482519402418e+02 3.400717216599787207e+01 5.489353351868800246e+00 1.135827036082837749e+00 1.333487143273757169e+00 9.246575543797767027e-01 9.246575543797767027e-01
9.246575543797767027e-01 9.246575543797767027e-01 9.246575543797767027e-01 9.246575543797767027e-01 1.135827036082837749e+00 4.283696269351256092e+01 1.148436336334053465e+02 1.674189629629629508e+02 1.663690820404968065e+02 1.666145754432377259e+02 1.547167293490928728e+02 1.536922335390946444e+02 1.618561106895249111e+02 1.663763100038982543e+02 1.662295408320312617e+02 1.666145754432377259e+02 1.325497702689509367e+02 4.043495843549317215e+01 1.546601488402492786e+00 1.135827036082837749e+00 1.135827036082837749e+00 9.246575543797767027e-01
9.246575543797767027e-01 9.246575543797767027e-01 9.246575543797767027e-01 1.140328001794563173e+00 2.964317217999661747e+00 8.325483942329367437e+01 1.626979390749559116e+02 1.662295408320312617e+02 1.658925433600738870e+02 1.658925433600738870e+02 1.261076183488282112e+02 1.687043876602058345e+00 1.687043876602058345e+00 1.687043876602058345e+00 1.557078093751281642e+02 1.634946026173216751e+02 1.658814482519402418e+02 1.603582405567489957e+02 8.315592028661149016e+01 1.327979934072425428e+00 1.135827036082837749e+00 9.246575543797767027e-01
1.135827036082837749e+00 1.135827036082837749e+00 9.246575543797767027e-01 1.749377906645638703e+01 4.159759690990593839e+01 1.268625764728178638e+02 1.457843147062149001e+02 1.658925433600738870e+02 1.261076183488282112e+02 4.423916800693719864e+01 1.832741781761381139e+00 1.639913881767250503e+00 1.766304463120761836e+00 1.639913881767250503e+00 1.684084086415339021e+00 6.103287049285125931e+01 1.063846487399053160e+02 1.634946026173216751e+02 1.658814482519402418e+02 6.772271363554408197e+01 1.333487143273757169e+00 1.135827036082837749e+00
1.135827036082837749e+00 1.140328001794563173e+00 1.140328001794563173e+00 4.283696269351256092e+01 1.171780249845993893e+02 1.585620494268077323e+02 1.658925433600738870e+02 5.833526796907472090e+01 1.684084086415339021e+00 1.687043876602058345e+00 1.835447828868607356e+00 1.546601488402492786e+00 1.431338366473970281e+00 1.333487143273757169e+00 1.140328001794563173e+00 1.405159803696035770e+00 6.103287049285125931e+01 1.063846487399053160e+02 1.652653680755817049e+02 1.658814482519402418e+02 2.440406191776899902e+01 1.135827036082837749e+00
1.135827036082837749e+00 1.333487143273757169e+00 1.448284394189816027e+00 5.744697434910300160e+01 1.628979035086370004e+02 1.659800634450567713e+02 4.371622454395516399e+01 2.222367324845778924e+00 1.333487143273757169e+00 1.405159803696035770e+00 1.405159803696035770e+00 1.394860076800541027e+00 1.333487143273757169e+00 1.207789152015342315e+00 1.207789152015342315e+00 1.405159803696035770e+00 1.405159803696035770e+00 1.063846487399053160e+02 1.662326582194432376e+02 1.662295408320312617e+02 8.315592028661149016e+01 1.333487143273757169e+00
1.207789152015342315e+00 1.135827036082837749e+00 1.709975255147622386e+00 6.595310538899546771e+01 1.466640674190707898e+02 1.624277235897330343e+02 4.864767124699314138e+01 1.548591070098576994e+00 1.333487143273757169e+00 1.394860076800541027e+00 1.135827036082837749e+00 1.135827036082837749e+00 1.135827036082837749e+00 1.135827036082837749e+00 1.135827036082837749e+00 1.207789152015342315e+00 1.140328001794563173e+00 6.116351621048082876e+01 1.219657902706993156e+02 1.497092036043127052e+02 1.658814482519402418e+02 6.290914066739252775e+01
1.135827036082837749e+00 1.140328001794563173e+00 4.283696269351256092e+01 6.760467505909170427e+01 1.585620494268077323e+02 1.028465770833333295e+02 6.201123216344293532e+00 1.548591070098576994e+00 1.687043876602058345e+00 1.431338366473970281e+00 1.327979934072425428e+00 1.135827036082837749e+00 1.135827036082837749e+00 1.207789152015342315e+00 1.333487143273757169e+00 1.333487143273757169e+00 1.431338366473970281e+00 1.405159803696035770e+00 8.378546141975307648e+01 1.556210702161393726e+02 1.659800634450567713e+02 1.239650755716246699e+01
9.246575543797767027e-01 1.140328001794563173e+00 5.568967734848066442e+01 1.134345976759660033e+02 1.503590053383170755e+02 4.371622454395516399e+01 1.548591070098576994e+00 1.766304463120761836e+00 1.673073015453906631e+00 1.709975255147622386e+00 1.608812170226898930e+00 1.140328001794563173e+00 1.514792010508462017e+00 1.291238052222463573e+00 1.135827036082837749e+00 1.135827036082837749e+00 1.405159803696035770e+00 4.283696269351256092e+01 8.378546141975307648e+01 1.663690820404968065e+02 1.666145754432377259e+02 1.239650755716246699e+01
9.246575543797767027e-01 1.140328001794563173e+00 6.760467505909170427e+01 1.458062364035809537e+02 1.658814482519402418e+02 6.772271363554408197e+01 2.222367324845778924e+00 1.333487143273757169e+00 1.546601488402492786e+00 1.327979934072425428e+00 1.405159803696035770e+00 1.333487143273757169e+00 1.431338366473970281e+00 1.402525222055918119e+00 1.604981028584429703e+00 1.454179040501253795e+00 1.135827036082837749e+00 4.283696269351256092e+01 1.626979390749559116e+02 1.662295408320312617e+02 1.659800634450567713e+02 1.239650755716246699e+01
1.333487143273757169e+00 1.405159803696035770e+00 6.760467505909170427e+01 1.663690820404968065e+02 1.510913310684055091e+02 2.222367324845778924e+00 1.548591070098576994e+00 1.333487143273757169e+00 1.207789152015342315e+00 1.402525222055918119e+00 1.454179040501253795e+00 1.546601488402492786e+00 1.581725009827453787e+00 1.402525222055918119e+00 1.546601488402492786e+00 1.581725009827453787e+00 1.135827036082837749e+00 1.148436336334053465e+02 1.663690820404968065e+02 1.666145754432377259e+02 1.028465770833333295e+02 1.548591070098576994e+00
1.140328001794563173e+00 1.454179040501253795e+00 9.350527239858907080e+01 1.609333645154354144e+02 1.636751545331371460e+02 6.656295775739383203e+01 1.548591070098576994e+00 1.333487143273757169e+00 1.372165173707753594e+00 1.207789152015342315e+00 1.687043876602058345e+00 1.684084086415339021e+00 1.333487143273757169e+00 1.140328001794563173e+00 1.291238052222463573e+00 4.283696269351256092e+01 1.148436336334053465e+02 1.585620494268077323e+02 1.658925433600738870e+02 1.028465770833333295e+02 4.779785623378530346e+01 1.608812170226898930e+00
1.431338366473970281e+00 1.715544144554230543e+00 6.595310538899546771e+01 1.315244436006683486e+02 1.574481318918658701e+02 1.325497702689509367e+02 1.477375116086301343e+00 1.135827036082837749e+00 1.135827036082837749e+00 1.372165173707753594e+00 1.402525222055918119e+00 1.546601488402492786e+00 1.394860076800541027e+00 1.135827036082837749e+00 4.231536485890651988e+01 1.171780249845993893e+02 1.635684848803235525e+02 1.659800634450567713e+02 1.028465770833333295e+02 5.833526796907472090e+01 1.832741781761381139e+00 1.639913881767250503e+00
1.394860076800541027e+00 1.709975255147622386e+00 6.116351621048082876e+01 1.219657902706993156e+02 1.458062364035809537e+02 1.213822907909484172e+02 3.470258470773283221e+01 1.135827036082837749e+00 1.135827036082837749e+00 1.135827036082837749e+00 1.135827036082837749e+00 2.142369143956200972e+01 1.135827036082837749e+00 1.135827036082837749e+00 1.443520241069347492e+02 1.443520241069347492e+02 1.658925433600738870e+02 1.028465770833333295e+02 5.786065985081314977e+01 1.622755718405735337e+01 1.604981028584429703e+00 1.709975255147622386e+00
1.431338366473970281e+00 2.080103087683450980e+00 3.697784362390898583e+00 7.004190805668270059e+01 1.630721346498963271e+02 1.634946026173216751e+02 1.658814482519402418e+02 1.299516207206086449e+02 8.388047959735146719e+01 8.388047959735146719e+01 8.241527200144093968e+01 1.455879736315822583e+02 1.443520241069347492e+02 1.503590053383170755e+02 1.384526918975680019e+02 1.658925433600738870e+02 1.261076183488282112e+02 4.423916800693719864e+01 1.548591070098576994e+00 1.333487143273757169e+00 1.207789152015342315e+00 1.394860076800541027e+00
1.835447828868607356e+00 1.687043876602058345e+00 1.687043876602058345e+00 4.729428633531544079e+01 1.063846487399053160e+02 1.630721346498963271e+02 1.458062364035809537e+02 1.658814482519402418e+02 1.526671258404999776e+02 1.631018427297149458e+02 1.526671258404999776e+02 1.526671258404999776e+02 1.517302187024439206e+02 1.658925433600738870e+02 1.027652564578672099e+02 1.687043876602058345e+00 1.684084086415339021e+00 1.608812170226898930e+00 1.333487143273757169e+00 1.135827036082837749e+00 1.207789152015342315e+00 1.135827036082837749e+00
1.140328001794563173e+00 1.712811868575562668e+00 1.587537158033601958e+00 1.405159803696035770e+00 4.729428633531544079e+01 1.063846487399053160e+02 6.750094204964118205e+01 1.687043876602058345e+00 1.687043876602058345e+00 1.687043876602058345e+00 1.687043876602058345e+00 6.750094204964118205e+01 1.557078093751281642e+02 4.779785623378530346e+01 1.639913881767250503e+00 1.678110552146205858e+00 1.587537158033601958e+00 1.405159803696035770e+00 1.333487143273757169e+00 9.246575543797767027e-01 9.246575543797767027e-01 1.140328001794563173e+00
1.135827036082837749e+00 1.135827036082837749e+00 1.207789152015342315e+00 1.140328001794563173e+00 1.405159803696035770e+00 2.523211015800816970e+00 2.515287937370628946e+00 3.697784362390898583e+00 3.697784362390898583e+00 3.697784362390898583e+00 3.697784362390898583e+00 3.697784362390898583e+00 7.488133470650679691e+00 2.222367324845778924e+00 1.333487143273757169e+00 1.135827036082837749e+00 1.135827036082837749e+00 1.135827036082837749e+00 1.135827036082837749e+00 1.135827036082837749e+00 9.246575543797767027e-01 1.207789152015342315e+00
1.135827036082837749e+00 1.135827036082837749e+00 1.135827036082837749e+00 1.135827036082837749e+00 1.140328001794563173e+00 1.405159803696035770e+00 1.687043876602058345e+00 1.135827036082837749e+00 1.135827036082837749e+00 1.135827036082837749e+00 1.135827036082837749e+00 1.687043876602058345e+00 1.687043876602058345e+00 1.488831689590789598e+00 1.135827036082837749e+00 1.135827036082837749e+00 1.135827036082837749e+00 1.135827036082837749e+00 1.140328001794563173e+00 1.135827036082837749e+00 1.135827036082837749e+00 1.135827036082837749e+00
