4.497633744855966675e-01 4.497633744855966675e-01 4.497633744855966675e-01 4.497633744855966675e-01 7.563271604938271997e-01 7.563271604938271997e-01 7.563271604938271997e-01 6.856223671602512582e+01 1.443520241069347492e+02 1.467913878979857145e+02 1.192528282677577494e+02 3.470258470773283221e+01 3.766848842130605224e+00 1.477375116086301343e+00 1.272562523861966666e+00 9.542336628736156623e-01 7.563271604938271997e-01 7.563271604938271997e-01 7.563271604938271997e-01 7.563271604938271997e-01 4.497633744855966675e-01 4.497633744855966675e-01
4.497633744855966675e-01 4.497633744855966675e-01 4.497633744855966675e-01 4.497633744855966675e-01 7.563271604938271997e-01 7.563271604938271997e-01 4.415853451543681985e+01 1.285669322415385807e+02 9.676542025931367164e+01 1.616125471391408723e+02 3.565980613586556558e+01 4.021957127714534863e+01 1.557470180416519590e+01 1.488831689590789598e+00 1.956392687344679082e+00 1.327141927402078592e+00 4.497633744855966675e-01 7.563271604938271997e-01 1.056318377522725616e+00 1.171223513775203173e+00 4.497633744855966675e-01 7.563271604938271997e-01
4.497633744855966675e-01 4.497633744855966675e-01 4.497633744855966675e-01 4.497633744855966675e-01 4.497633744855966675e-01 1.405159803696035770e+00 7.352610073815851521e+00 3.635059288954232670e+01 1.327141927402078592e+00 1.327141927402078592e+00 5.448841390323864609e+00 4.631176886514941771e+01 4.623216281267843186e+01 1.803511643946359211e+00 1.481574737733978520e+00 1.327141927402078592e+00 1.171223513775203173e+00 1.056318377522725616e+00 1.296674430713782522e+00 1.009623094175419622e+00 4.497633744855966675e-01 7.563271604938271997e-01
4.497633744855966675e-01 4.497633744855966675e-01 4.497633744855966675e-01 4.497633744855966675e-01 7.563271604938271997e-01 7.563271604938271997e-01 1.327141927402078592e+00 1.327141927402078592e+00 1.327141927402078592e+00 1.056318377522725616e+00 1.514443107166782765e+00 4.415853451543681985e+01 5.757255908180768245e+01 1.272562523861966666e+00 1.269838793999868765e+00 1.546601488402492786e+00 1.056318377522725616e+00 1.056318377522725616e+00 1.041908095358436315e+00 1.283958385341307906e+00 4.497633744855966675e-01 7.563271604938271997e-01
4.497633744855966675e-01 4.497633744855966675e-01 4.497633744855966675e-01 4.497633744855966675e-01 1.272562523861966666e+00 1.445146169073539877e+00 1.593848482766635044e+00 1.272562523861966666e+00 1.269838793999868765e+00 1.173069761025371083e+00 1.297438915607981302e+00 4.415853451543681985e+01 4.279153873697713095e+01 1.272562523861966666e+00 1.372165173707753594e+00 1.283958385341307906e+00 9.838274337348410503e-01 1.094513261071400567e+00 1.041908095358436315e+00 4.497633744855966675e-01 4.497633744855966675e-01 4.497633744855966675e-01
4.497633744855966675e-01 4.497633744855966675e-01 7.563271604938271997e-01 4.497633744855966675e-01 7.563271604938271997e-01 7.563271604938271997e-01 1.546601488402492786e+00 1.171223513775203173e+00 1.094513261071400567e+00 1.009623094175419622e+00 1.448284394189816027e+00 1.873585341955712735e+01 5.757255908180768245e+01 1.278120361142396133e+00 1.036331356096759526e+00 1.009623094175419622e+00 1.056318377522725616e+00 1.043843496472663279e+00 4.497633744855966675e-01 4.497633744855966675e-01 4.497633744855966675e-01 4.497633744855966675e-01
1.056318377522725616e+00 4.497633744855966675e-01 4.497633744855966675e-01 7.563271604938271997e-01 1.272562523861966666e+00 1.056318377522725616e+00 1.546601488402492786e+00 1.286818453262334572e+00 1.056318377522725616e+00 1.041908095358436315e+00 1.297438915607981302e+00 1.873585341955712735e+01 5.757255908180768245e+01 1.278120361142396133e+00 1.094513261071400567e+00 1.272562523861966666e+00 1.056318377522725616e+00 7.563271604938271997e-01 7.563271604938271997e-01 4.497633744855966675e-01 7.563271604938271997e-01 4.497633744855966675e-01
9.542336628736156623e-01 4.497633744855966675e-01 7.563271604938271997e-01 7.563271604938271997e-01 9.542336628736156623e-01 1.009623094175419622e+00 1.036331356096759526e+00 1.283958385341307906e+00 9.838274337348410503e-01 7.563271604938271997e-01 1.297438915607981302e+00 1.873585341955712735e+01 5.757255908180768245e+01 5.837651753614149008e+00 1.327141927402078592e+00 1.056318377522725616e+00 1.171223513775203173e+00 9.542336628736156623e-01 7.563271604938271997e-01 4.497633744855966675e-01 7.563271604938271997e-01 4.497633744855966675e-01
9.838274337348410503e-01 7.563271604938271997e-01 7.563271604938271997e-01 1.269838793999868765e+00 1.056318377522725616e+00 9.838274337348410503e-01 1.173069761025371083e+00 1.327141927402078592e+00 1.431338366473970281e+00 1.460679930128857551e+00 1.819399392899718082e+00 1.873585341955712735e+01 3.149722227895501092e+01 4.497633744855966675e-01 1.269838793999868765e+00 1.275078792525387694e+00 1.171223513775203173e+00 9.542336628736156623e-01 7.563271604938271997e-01 7.563271604938271997e-01 7.563271604938271997e-01 4.497633744855966675e-01
1.056318377522725616e+00 1.056318377522725616e+00 1.056318377522725616e+00 7.563271604938271997e-01 4.497633744855966675e-01 1.041908095358436315e+00 1.481574737733978520e+00 1.405159803696035770e+00 1.591028558335221055e+00 1.673073015453906631e+00 1.709975255147622386e+00 1.392579971317566212e+01 1.533682700840913959e+01 1.956392687344679082e+00 1.344120889487414150e+00 1.094513261071400567e+00 1.056318377522725616e+00 1.056318377522725616e+00 9.542336628736156623e-01 7.563271604938271997e-01 7.563271604938271997e-01 4.497633744855966675e-01
9.838274337348410503e-01 9.838274337348410503e-01 1.009623094175419622e+00 7.563271604938271997e-01 7.563271604938271997e-01 7.563271604938271997e-01 1.514792010508462017e+00 1.283958385341307906e+00 1.546601488402492786e+00 1.514792010508462017e+00 1.709975255147622386e+00 1.409862365254613259e+01 2.323378165997535660e+00 1.503160061726307672e+00 1.009623094175419622e+00 1.327141927402078592e+00 1.171223513775203173e+00 1.173069761025371083e+00 1.056318377522725616e+00 7.563271604938271997e-01 7.563271604938271997e-01 4.497633744855966675e-01
9.838274337348410503e-01 7.563271604938271997e-01 7.563271604938271997e-01 7.563271604938271997e-01 9.838274337348410503e-01 1.041908095358436315e+00 2.142369143956200972e+01 4.283696269351256092e+01 5.554239303643735326e+01 8.279925399047216672e+01 5.554239303643735326e+01 3.414734310334638678e+01 1.673073015453906631e+00 1.803511643946359211e+00 1.715544144554230543e+00 1.514443107166782765e+00 1.275078792525387694e+00 9.542336628736156623e-01 9.838274337348410503e-01 7.563271604938271997e-01 7.563271604938271997e-01 4.497633744855966675e-01
1.327141927402078592e+00 9.542336628736156623e-01 7.563271604938271997e-01 7.563271604938271997e-01 6.653995145294763347e+01 5.554239303643735326e+01 5.554239303643735326e+01 1.072142475092050944e+02 1.670733713375701086e+02 1.670733713375701086e+02 1.651181394903353521e+02 1.663193580604288115e+02 6.628495412996491609e+01 1.514792010508462017e+00 1.477375116086301343e+00 1.278120361142396133e+00 1.394860076800541027e+00 9.838274337348410503e-01 1.036331356096759526e+00 7.563271604938271997e-01 7.563271604938271997e-01 7.563271604938271997e-01
7.563271604938271997e-01 1.056318377522725616e+00 7.563271604938271997e-01 5.744697434910300160e+01 1.650222919968100257e+02 1.670733713375701086e+02 1.651181394903353521e+02 1.650222919968100257e+02 1.651403606747145716e+02 1.663763100038982543e+02 1.662295408320312617e+02 1.659800634450567713e+02 1.658814482519402418e+02 3.470258470773283221e+01 1.546601488402492786e+00 1.567453944422598333e+00 1.094513261071400567e+00 1.514792010508462017e+00 9.838274337348410503e-01 9.838274337348410503e-01 1.424769300411522366e+01 9.838274337348410503e-01
1.283958385341307906e+00 1.272562523861966666e+00 1.297438915607981302e+00 8.378546141975307648e+01 1.670733713375701086e+02 1.664676100475706164e+02 1.666145754432377259e+02 1.670733713375701086e+02 1.664676100475706164e+02 1.664244236540424993e+02 1.653021682862845125e+02 7.080831298381254157e+01 8.930913613246896432e+01 5.917642017396183007e+01 2.859204690039719665e+01 6.653995145294763347e+01 8.863548475190998488e+01 6.653995145294763347e+01 6.653995145294763347e+01 5.554239303643735326e+01 5.554239303643735326e+01 3.414734310334638678e+01
1.094513261071400567e+00 1.272562523861966666e+00 7.563271604938271997e-01 8.378546141975307648e+01 1.670733713375701086e+02 1.667209739295718975e+02 1.666855389534793517e+02 1.666855389534793517e+02 1.659800634450567713e+02 5.891983274553023620e+01 1.996210165578386597e+00 5.975700541369896257e+00 1.327141927402078592e+00 1.956392687344679082e+00 1.956392687344679082e+00 3.606903213655833440e+01 1.233197696687370666e+02 1.458062364035809537e+02 1.543213501370674408e+02 1.654229331033899086e+02 1.667209739295718975e+02 3.714829423925278462e+01
4.497633744855966675e-01 1.477375116086301343e+00 7.563271604938271997e-01 8.378546141975307648e+01 1.665802249125970889e+02 1.666436559715260159e+02 1.664244236540424993e+02 1.357809269240255503e+02 1.327141927402078592e+00 1.327141927402078592e+00 1.327141927402078592e+00 1.056318377522725616e+00 1.286818453262334572e+00 1.477966288113567561e+00 1.832741781761381139e+00 1.819399392899718082e+00 2.450863949681300724e+00 3.937030621693121191e+01 7.537297677722457934e+01 1.170845121490903722e+02 1.557078093751281642e+02 4.725076451743453276e+01
7.563271604938271997e-01 7.563271604938271997e-01 7.563271604938271997e-01 1.873585341955712735e+01 1.340896254057221029e+02 1.653021682862845125e+02 5.891983274553023620e+01 1.327141927402078592e+00 1.327141927402078592e+00 9.542336628736156623e-01 1.056318377522725616e+00 1.272562523861966666e+00 1.056318377522725616e+00 1.514792010508462017e+00 1.709975255147622386e+00 1.327141927402078592e+00 1.327141927402078592e+00 3.428103506919894983e+01 1.327141927402078592e+00 1.327141927402078592e+00 1.327141927402078592e+00 1.327141927402078592e+00
9.542336628736156623e-01 9.542336628736156623e-01 9.542336628736156623e-01 1.171223513775203173e+00 1.327141927402078592e+00 1.327141927402078592e+00 1.272562523861966666e+00 1.296674430713782522e+00 1.056318377522725616e+00 7.563271604938271997e-01 1.094513261071400567e+00 1.043843496472663279e+00 1.094513261071400567e+00 1.043843496472663279e+00 1.056318377522725616e+00 1.056318377522725616e+00 1.801964472879553414e+00 1.056318377522725616e+00 1.392350589558993157e+00 1.171223513775203173e+00 9.542336628736156623e-01 1.056318377522725616e+00
7.563271604938271997e-01 9.838274337348410503e-01 7.563271604938271997e-01 4.497633744855966675e-01 9.542336628736156623e-01 9.542336628736156623e-01 4.497633744855966675e-01 4.497633744855966675e-01 9.838274337348410503e-01 4.497633744855966675e-01 4.497633744855966675e-01 4.497633744855966675e-01 4.497633744855966675e-01 1.094513261071400567e+00 1.043843496472663279e+00 1.041908095358436315e+00 4.497633744855966675e-01 1.546601488402492786e+00 1.295167102871019438e+00 1.009623094175419622e+00 1.041908095358436315e+00 4.497633744855966675e-01
4.497633744855966675e-01 4.497633744855966675e-01 4.497633744855966675e-01 4.497633744855966675e-01 4.497633744855966675e-01 4.497633744855966675e-01 4.497633744855966675e-01 4.497633744855966675e-01 4.497633744855966675e-01 4.497633744855966675e-01 4.497633744855966675e-01 4.497633744855966675e-01 4.497633744855966675e-01 4.497633744855966675e-01 4.497633744855966675e-01 4.497633744855966675e-01 4.497633744855966675e-01 4.497633744855966675e-01 4.497633744855966675e-01 4.497633744855966675e-01 4.497633744855966675e-01 4.497633744855966675e-01
4.497633744855966675e-01 4.497633744855966675e-01 4.497633744855966675e-01 4.497633744855966675e-01 4.497633744855966675e-01 4.497633744855966675e-01 4.497633744855966675e-01 4.497633744855966675e-01 4.497633744855966675e-01 4.497633744855966675e-01 4.497633744855966675e-01 4.497633744855966675e-01 4.497633744855966675e-01 4.497633744855966675e-01 4.497633744855966675e-01 4.497633744855966675e-01 4.497633744855966675e-01 4.497633744855966675e-01 4.497633744855966675e-01 4.497633744855966675e-01 4.497633744855966675e-01 4.497633744855966675e-01
