1.339878322158603918e+00 1.339878322158603918e+00 1.339878322158603918e+00 4.497633744855966675e-01 9.935548053633974641e-01 1.065050942333714001e+00 1.477375116086301343e+00 1.405159803696035770e+00 1.654121532473369793e+00 1.083934886214702864e+01 1.546601488402492786e+00 1.342696858857270303e+00 1.394860076800541027e+00 1.342696858857270303e+00 2.329930215440687569e+00 1.858739182545980917e+00 2.329930215440687569e+00 1.832741781761381139e+00 1.477375116086301343e+00 1.431338366473970281e+00 1.297191209066208994e+00 4.497633744855966675e-01
1.339878322158603918e+00 1.339878322158603918e+00 1.339878322158603918e+00 5.072189153439152776e-01 1.212679398148148069e+00 1.212679398148148069e+00 1.199298304477813604e+00 1.376239447755261525e+00 1.283958385341307906e+00 4.510519593253968118e+00 5.554239303643735326e+01 5.554239303643735326e+01 1.546601488402492786e+00 1.796394991142466813e+00 2.038790367525499025e+00 2.413763826784579347e+00 2.329930215440687569e+00 1.793828834488985668e+00 1.531800555023214772e+00 1.342696858857270303e+00 1.297191209066208994e+00 4.497633744855966675e-01
1.339878322158603918e+00 1.339878322158603918e+00 1.339878322158603918e+00 4.497633744855966675e-01 1.342696858857270303e+00 1.037620383731494789e+00 1.094513261071400567e+00 3.272844598485779954e+01 4.283696269351256092e+01 1.385961108587440833e+02 1.654229331033899086e+02 1.659652867167715726e+02 1.436564640971114386e+02 7.236262296479482359e+01 1.796394991142466813e+00 2.038790367525499025e+00 1.997328622435447842e+00 2.038790367525499025e+00 1.648714146800143610e+00 1.333656663109014096e+00 1.431338366473970281e+00 7.025718694885362270e-01
1.397705687830687493e+00 5.072189153439152776e-01 5.072189153439152776e-01 8.381692325522982490e-01 1.065050942333714001e+00 1.283958385341307906e+00 4.510519593253968118e+00 5.554239303643735326e+01 1.313481846024373851e+02 1.293206451028665924e+02 1.669530004738343791e+02 1.512103994672075657e+02 1.622996780764249820e+02 1.622575432852226243e+02 1.204298639195127691e+02 1.796394991142466813e+00 1.832741781761381139e+00 1.493365465960169391e+00 1.212679398148148069e+00 1.283476738375510795e+00 1.072453979276895675e+00 9.369671274679511885e-01
4.497633744855966675e-01 4.497633744855966675e-01 1.212679398148148069e+00 1.171223513775203173e+00 9.542336628736156623e-01 1.246340485892284633e+00 1.195025193486234940e+02 1.664820817277029619e+02 9.464823691778120462e+01 6.115092708333333604e+01 8.432515455170009488e+01 8.432515455170009488e+01 7.599277039524261568e+01 1.630529850436275865e+02 1.644256780492898713e+02 1.342696858857270303e+00 1.796394991142466813e+00 1.531800555023214772e+00 1.354921863446387764e+00 1.212679398148148069e+00 1.173069761025371083e+00 4.497633744855966675e-01
4.497633744855966675e-01 5.072189153439152776e-01 1.119177216167768441e+00 1.065050942333714001e+00 9.838274337348410503e-01 9.369671274679511885e-01 7.982917914460884390e+01 1.659818164451368432e+02 1.055905288879672099e+02 1.212679398148148069e+00 1.547816311747288731e+00 1.401280161806324642e+00 1.421058955315390504e+00 8.581459819032280834e+00 6.103287049285125931e+01 1.294650465515640860e+02 1.605881669330980799e+02 1.546601488402492786e+00 1.401280161806324642e+00 1.212679398148148069e+00 1.194479276895943354e+00 4.497633744855966675e-01
1.297191209066208994e+00 9.542336628736156623e-01 1.342696858857270303e+00 1.212679398148148069e+00 1.246340485892284633e+00 3.392187769208634762e+01 1.453381434370685668e+02 1.664173967661327254e+02 2.299246216513732222e+01 1.342696858857270303e+00 1.367752784920592823e+00 1.481574737733978520e+00 1.448284394189816027e+00 1.593848482766635044e+00 4.537299327342180533e+01 7.537297677722457934e+01 1.619407558074584301e+02 6.656295775739383203e+01 1.477375116086301343e+00 1.361572140077200288e+00 1.194479276895943354e+00 4.497633744855966675e-01
1.297191209066208994e+00 1.065050942333714001e+00 9.348875041229920413e-01 1.342696858857270303e+00 1.448284394189816027e+00 4.341516556437389340e+01 1.352095610209589438e+02 7.626796922655121591e+01 1.617992501898121827e+00 1.333656663109014096e+00 1.397136339059534826e+00 1.342696858857270303e+00 1.119177216167768441e+00 1.333656663109014096e+00 1.171223513775203173e+00 6.103287049285125931e+01 1.240423044432419317e+02 1.650394411426714782e+02 1.342696858857270303e+00 1.477375116086301343e+00 1.119177216167768441e+00 1.297191209066208994e+00
1.212679398148148069e+00 1.072453979276895675e+00 1.333656663109014096e+00 1.400556891155800399e+00 1.654121532473369793e+00 8.885150363574712173e+01 1.639431952440216946e+02 5.128441142628829397e+01 1.212679398148148069e+00 1.171223513775203173e+00 7.025718694885362270e-01 8.381692325522982490e-01 5.072189153439152776e-01 1.546601488402492786e+00 5.072189153439152776e-01 1.297191209066208994e+00 7.004190805668270059e+01 1.380861940770135163e+02 1.021171204058079383e+02 1.546601488402492786e+00 1.212679398148148069e+00 1.297191209066208994e+00
1.094513261071400567e+00 1.113292391244989465e+00 1.199298304477813604e+00 1.283958385341307906e+00 5.627598883439882371e+01 1.522603758758005768e+02 6.706471388902102149e+01 1.438275259043307219e+00 1.342696858857270303e+00 1.362319680591320248e+00 4.497633744855966675e-01 5.072189153439152776e-01 5.072189153439152776e-01 5.072189153439152776e-01 8.381692325522982490e-01 9.369671274679511885e-01 1.297191209066208994e+00 7.004190805668270059e+01 7.537045972319091902e+01 1.493365465960169391e+00 1.342696858857270303e+00 1.194479276895943354e+00
9.348875041229920413e-01 5.072189153439152776e-01 1.037620383731494789e+00 9.369671274679511885e-01 8.378546141975307648e+01 1.453381434370685668e+02 8.372004692806937953e+01 2.038790367525499025e+00 1.546601488402492786e+00 1.628791121052313606e+00 9.935548053633974641e-01 1.065050942333714001e+00 4.497633744855966675e-01 4.497633744855966675e-01 9.838274337348410503e-01 9.071791495912098213e-01 1.297191209066208994e+00 4.537299327342180533e+01 2.329930215440687569e+00 1.402554207794499019e+00 1.581725009827453787e+00 5.072189153439152776e-01
1.065050942333714001e+00 9.348875041229920413e-01 4.497633744855966675e-01 9.071791495912098213e-01 1.509772506682844195e+01 1.352095610209589438e+02 6.656295775739383203e+01 2.038790367525499025e+00 1.997328622435447842e+00 1.720350640621634009e+00 1.401280161806324642e+00 1.171223513775203173e+00 4.497633744855966675e-01 8.381692325522982490e-01 9.348875041229920413e-01 1.796394991142466813e+00 1.405159803696035770e+00 1.509772506682844195e+01 2.642381151224940439e+01 1.212679398148148069e+00 9.369671274679511885e-01 4.497633744855966675e-01
4.497633744855966675e-01 5.072189153439152776e-01 5.072189153439152776e-01 9.369671274679511885e-01 1.509772506682844195e+01 1.476145801225230798e+02 7.296712204232132137e+01 1.616615617603053279e+00 2.105490849531864495e+00 2.413763826784579347e+00 1.333656663109014096e+00 1.633953637566137429e+00 8.381692325522982490e-01 8.381692325522982490e-01 1.333656663109014096e+00 1.605779799721876566e+00 1.654121532473369793e+00 1.087710189287132145e+01 4.521236067019400195e+01 1.354921863446387764e+00 1.194479276895943354e+00 4.497633744855966675e-01
4.497633744855966675e-01 8.381692325522982490e-01 7.025718694885362270e-01 9.369671274679511885e-01 6.677975683421516351e+01 1.424960513888889011e+02 1.192528282677577494e+02 1.796394991142466813e+00 1.493365465960169391e+00 1.212679398148148069e+00 1.801964472879553414e+00 9.935548053633974641e-01 8.381692325522982490e-01 1.212679398148148069e+00 1.212679398148148069e+00 1.415173716450336627e+00 4.873687137716461848e+01 9.839016102176738343e+01 3.714829423925278462e+01 1.616615617603053279e+00 1.297191209066208994e+00 4.497633744855966675e-01
4.497633744855966675e-01 5.072189153439152776e-01 5.072189153439152776e-01 9.369671274679511885e-01 1.509772506682844195e+01 1.650394411426714782e+02 1.605881669330980799e+02 6.706471388902102149e+01 1.531800555023214772e+00 1.100056925644604444e+00 8.381692325522982490e-01 8.381692325522982490e-01 9.348875041229920413e-01 1.171223513775203173e+00 1.037620383731494789e+00 1.087710189287132145e+01 9.839016102176738343e+01 1.259919907807245352e+02 6.123185020494434383e+01 1.212679398148148069e+00 1.297191209066208994e+00 5.072189153439152776e-01
4.497633744855966675e-01 4.497633744855966675e-01 4.497633744855966675e-01 9.369671274679511885e-01 4.341516556437389340e+01 1.669530004738343791e+02 1.622575432852226243e+02 1.617992501898121827e+00 1.531800555023214772e+00 9.935548053633974641e-01 1.065050942333714001e+00 1.212679398148148069e+00 1.113292391244989465e+00 9.246575543797767027e-01 4.283696269351256092e+01 5.554239303643735326e+01 9.765531050311840033e+01 7.626796922655121591e+01 2.329930215440687569e+00 1.212679398148148069e+00 4.497633744855966675e-01 5.072189153439152776e-01
4.497633744855966675e-01 4.497633744855966675e-01 4.497633744855966675e-01 8.381692325522982490e-01 1.297191209066208994e+00 1.662326582194432376e+02 1.650394411426714782e+02 1.796394991142466813e+00 1.675283689907904883e+00 1.633953637566137429e+00 1.212679398148148069e+00 1.036331356096759526e+00 1.037620383731494789e+00 4.283696269351256092e+01 1.666393813004733602e+02 1.462634030869999151e+02 6.282350668043153519e+01 3.612305749692721335e+00 1.765377853839893207e+00 1.100056925644604444e+00 4.497633744855966675e-01 5.072189153439152776e-01
7.025718694885362270e-01 4.497633744855966675e-01 1.212679398148148069e+00 1.212679398148148069e+00 1.246340485892284633e+00 7.582484260461760073e+01 1.650394411426714782e+02 1.655308859402557005e+02 1.567453944422598333e+00 1.546601488402492786e+00 1.424769300411522366e+01 3.276175566554354646e+01 7.982917914460884390e+01 1.313481846024373851e+02 1.669530004738343791e+02 1.510885137426821245e+02 1.617992501898121827e+00 1.333656663109014096e+00 1.635438938740562120e+00 1.333656663109014096e+00 4.497633744855966675e-01 5.072189153439152776e-01
9.369671274679511885e-01 8.381692325522982490e-01 1.212679398148148069e+00 1.342696858857270303e+00 1.119177216167768441e+00 1.297191209066208994e+00 1.669530004738343791e+02 1.619407558074584301e+02 1.655308859402557005e+02 1.192528282677577494e+02 8.577897949380196962e+01 5.857234960394077916e+01 9.839016102176738343e+01 1.226430348131130046e+02 9.914223712512283271e+01 1.838355559339545309e+01 1.283476738375510795e+00 1.283476738375510795e+00 1.605779799721876566e+00 1.408195651755201228e+00 4.497633744855966675e-01 5.072189153439152776e-01
5.072189153439152776e-01 5.072189153439152776e-01 5.072189153439152776e-01 1.397136339059534826e+00 5.072189153439152776e-01 5.072189153439152776e-01 5.072189153439152776e-01 1.669530004738343791e+02 1.293206451028665924e+02 1.055905288879672099e+02 1.052115631534445015e+02 6.160179966452889033e+01 6.160179966452889033e+01 2.719229803208063956e+00 1.212679398148148069e+00 1.033120940420809708e+00 1.706502314814814625e+01 1.179127508804178381e+00 1.394860076800541027e+00 1.194479276895943354e+00 4.497633744855966675e-01 1.339878322158603918e+00
4.497633744855966675e-01 4.497633744855966675e-01 4.497633744855966675e-01 4.497633744855966675e-01 4.497633744855966675e-01 4.497633744855966675e-01 5.072189153439152776e-01 5.072189153439152776e-01 5.072189153439152776e-01 5.917642017396183007e+01 1.203907633004745215e+01 1.203907633004745215e+01 9.542336628736156623e-01 5.072189153439152776e-01 4.497633744855966675e-01 4.497633744855966675e-01 4.497633744855966675e-01 4.497633744855966675e-01 4.497633744855966675e-01 4.497633744855966675e-01 1.339878322158603918e+00 1.339878322158603918e+00
1.339878322158603918e+00 1.339878322158603918e+00 1.339878322158603918e+00 1.339878322158603918e+00 1.339878322158603918e+00 1.339878322158603918e+00 5.072189153439152776e-01 4.497633744855966675e-01 5.072189153439152776e-01 1.706502314814814625e+01 1.706502314814814625e+01 5.072189153439152776e-01 4.497633744855966675e-01 4.497633744855966675e-01 1.339878322158603918e+00 1.339878322158603918e+00 1.339878322158603918e+00 1.339878322158603918e+00 1.339878322158603918e+00 1.339878322158603918e+00 1.339878322158603918e+00 1.339878322158603918e+00
