7.652274273728378873e+00 7.652274273728378873e+00 7.652274273728378873e+00 7.652274273728378873e+00 7.652274273728378873e+00 7.652274273728378873e+00 7.652274273728378873e+00 7.652274273728378873e+00 7.652274273728378873e+00 1.111172692683099861e+01 1.111172692683099861e+01 1.111172692683099861e+01 1.111172692683099861e+01 7.652274273728378873e+00 7.652274273728378873e+00 7.652274273728378873e+00 7.652274273728378873e+00 7.652274273728378873e+00 7.652274273728378873e+00 7.652274273728378873e+00 7.652274273728378873e+00 7.652274273728378873e+00
7.652274273728378873e+00 7.652274273728378873e+00 7.652274273728378873e+00 7.652274273728378873e+00 7.652274273728378873e+00 7.652274273728378873e+00 7.652274273728378873e+00 1.646151242965540007e+01 2.031926375091916626e+01 2.579588006004116352e+01 2.579588006004116352e+01 2.480478181883121991e+01 2.480478181883121991e+01 1.902858187653263400e+01 1.665967201206148474e+01 7.652274273728378873e+00 7.652274273728378873e+00 7.652274273728378873e+00 7.652274273728378873e+00 7.652274273728378873e+00 7.652274273728378873e+00 7.652274273728378873e+00
7.652274273728378873e+00 7.652274273728378873e+00 7.652274273728378873e+00 7.652274273728378873e+00 7.652274273728378873e+00 1.111172692683099861e+01 1.646151242965540007e+01 2.926333087078900874e+01 3.907887300165633349e+01 5.519257232078929576e+01 5.468192159319770695e+01 5.468192159319770695e+01 5.164159715322153943e+01 3.986152823693383596e+01 2.785563717741541012e+01 1.665967201206148474e+01 7.652274273728378873e+00 7.652274273728378873e+00 7.652274273728378873e+00 7.652274273728378873e+00 7.652274273728378873e+00 7.652274273728378873e+00
7.652274273728378873e+00 7.652274273728378873e+00 7.652274273728378873e+00 7.652274273728378873e+00 1.111172692683099861e+01 2.335900848058760104e+01 2.926333087078900874e+01 4.476753795029097915e+01 7.110186892076278298e+01 8.231771927772346942e+01 8.688729523718323833e+01 8.315774622338757638e+01 8.051937075894625195e+01 6.524542418453975756e+01 3.986152823693383596e+01 2.785563717741541012e+01 1.665967201206148474e+01 7.652274273728378873e+00 7.652274273728378873e+00 7.652274273728378873e+00 7.652274273728378873e+00 7.652274273728378873e+00
7.652274273728378873e+00 7.652274273728378873e+00 7.652274273728378873e+00 7.652274273728378873e+00 1.646151242965540007e+01 3.147382399078936999e+01 5.387411399918161692e+01 7.110186892076278298e+01 8.315774622338757638e+01 9.487276834126920733e+01 9.487276834126920733e+01 1.051323318731005827e+02 9.923829047299591366e+01 8.023496512233083422e+01 6.524542418453975756e+01 3.986152823693383596e+01 2.785563717741541012e+01 1.665967201206148474e+01 7.652274273728378873e+00 7.652274273728378873e+00 7.652274273728378873e+00 7.652274273728378873e+00
7.652274273728378873e+00 7.652274273728378873e+00 7.652274273728378873e+00 1.646151242965540007e+01 3.068724849374920538e+01 5.272149014198081574e+01 7.813818571114126144e+01 9.185210154568679286e+01 9.185210154568679286e+01 8.874261199840493930e+01 8.167698290264078764e+01 8.167698290264078764e+01 1.040249010767994662e+02 1.051323318731005827e+02 8.467499928512181384e+01 6.524542418453975756e+01 3.986152823693383596e+01 2.785563717741541012e+01 1.665967201206148474e+01 7.652274273728378873e+00 7.652274273728378873e+00 7.652274273728378873e+00
7.652274273728378873e+00 7.652274273728378873e+00 1.646151242965540007e+01 2.461526790816397181e+01 4.579467003790500712e+01 6.928031950261026850e+01 9.185210154568679286e+01 8.787374828356435330e+01 7.560747392903810749e+01 6.222008278464129916e+01 5.530132948171566909e+01 5.986805291352521152e+01 8.844806095342228502e+01 1.081242451775763840e+02 1.135090164635792860e+02 8.467499928512181384e+01 5.940868735929276312e+01 3.986152823693383596e+01 1.902858187653263400e+01 7.652274273728378873e+00 7.652274273728378873e+00 7.652274273728378873e+00
7.652274273728378873e+00 1.111172692683099861e+01 2.236252373296595408e+01 3.843151923946223292e+01 6.587620613252094870e+01 8.708306361056217781e+01 8.787374828356435330e+01 6.832574878526015993e+01 4.918989364160601241e+01 3.284165317215681057e+01 2.805585277308383851e+01 4.782125497234165579e+01 7.687551388861021451e+01 1.203210698816197066e+02 1.303272152808222017e+02 1.135090164635792860e+02 8.467499928512181384e+01 5.056841321019301461e+01 2.404202936817891612e+01 1.111172692683099861e+01 7.652274273728378873e+00 7.652274273728378873e+00
7.652274273728378873e+00 1.646151242965540007e+01 2.950163369822144688e+01 5.440489914187316600e+01 8.708306361056217781e+01 9.185210154568679286e+01 7.654659586350038580e+01 5.179624900066019677e+01 2.730456362592222774e+01 2.059467260839531733e+01 1.603223559861159941e+01 3.554912690624065874e+01 7.687551388861021451e+01 1.104035611427007666e+02 1.277636173694915129e+02 1.182827644967853047e+02 8.134658936811453600e+01 5.314043535137182772e+01 2.404202936817891612e+01 1.422571920203222717e+01 7.652274273728378873e+00 7.652274273728378873e+00
1.111172692683099861e+01 2.236252373296595408e+01 4.579467003790500712e+01 8.123982030814583766e+01 9.762895758804376101e+01 8.787374828356435330e+01 6.887920551591564333e+01 3.876916402761254687e+01 2.059467260839531733e+01 1.111172692683099861e+01 2.050493429340830076e+01 3.475507716969386252e+01 7.687551388861021451e+01 1.104035611427007666e+02 1.290747666601630215e+02 1.182827644967853047e+02 8.134658936811453600e+01 4.323998736967988066e+01 2.373597497170734982e+01 1.111172692683099861e+01 7.652274273728378873e+00 7.652274273728378873e+00
1.111172692683099861e+01 2.236252373296595408e+01 5.440489914187316600e+01 8.123982030814583766e+01 9.185210154568679286e+01 9.208208507984413416e+01 5.805392060104080088e+01 3.108306484875090803e+01 1.861310351947430775e+01 1.646151242965540007e+01 2.461526790816397181e+01 4.646286337496625407e+01 8.123982030814583766e+01 1.224192380358357042e+02 1.290747666601630215e+02 1.060495179018770955e+02 8.134658936811453600e+01 3.837954943437781452e+01 1.665967201206148474e+01 7.652274273728378873e+00 7.652274273728378873e+00 7.652274273728378873e+00
1.111172692683099861e+01 2.436660503380706899e+01 5.992511861684114649e+01 8.708306361056217781e+01 1.097937966329704409e+02 8.134658936811453600e+01 5.684871274836054766e+01 2.909483524821983735e+01 2.579588006004116352e+01 3.319078238920443624e+01 4.832055752777402802e+01 6.691771389574537920e+01 9.651524669189342376e+01 1.203210698816197066e+02 1.260292141163294559e+02 1.037359330748180639e+02 6.053924751424319339e+01 3.837954943437781452e+01 1.665967201206148474e+01 7.652274273728378873e+00 7.652274273728378873e+00 7.652274273728378873e+00
1.111172692683099861e+01 2.436660503380706899e+01 5.992511861684114649e+01 8.844806095342228502e+01 1.097937966329704409e+02 9.227415071802994362e+01 6.524542418453975756e+01 5.468192159319770695e+01 4.226119165025854585e+01 5.560900289945907815e+01 7.110186892076278298e+01 8.742075231107814659e+01 1.127063313796360973e+02 1.229315751807285153e+02 1.290747666601630215e+02 1.060495179018770955e+02 6.611342179988155010e+01 3.171123505074236348e+01 1.861310351947430775e+01 7.652274273728378873e+00 7.652274273728378873e+00 7.652274273728378873e+00
1.111172692683099861e+01 2.280717398950359609e+01 4.819953866221149497e+01 8.167698290264078764e+01 1.020412337891359300e+02 9.923829047299591366e+01 8.023496512233083422e+01 8.495249512773409606e+01 7.110186892076278298e+01 8.315774622338757638e+01 9.487276834126920733e+01 9.762895758804376101e+01 1.020412337891359300e+02 1.145483199540614692e+02 1.148222461852582086e+02 9.667836534584210995e+01 6.721760306750998382e+01 3.171123505074236348e+01 1.861310351947430775e+01 7.652274273728378873e+00 7.652274273728378873e+00 7.652274273728378873e+00
7.652274273728378873e+00 1.997269370018656076e+01 3.622550916134373722e+01 6.066403337280751629e+01 6.864661875761005660e+01 8.167698290264078764e+01 8.380642040388826786e+01 8.380642040388826786e+01 8.380642040388826786e+01 8.380642040388826786e+01 7.560747392903810749e+01 6.864661875761005660e+01 8.167698290264078764e+01 9.110548367566907757e+01 1.081242451775763840e+02 9.667836534584210995e+01 6.721760306750998382e+01 3.171123505074236348e+01 1.861310351947430775e+01 7.652274273728378873e+00 7.652274273728378873e+00 7.652274273728378873e+00
7.652274273728378873e+00 1.111172692683099861e+01 2.348606706422670243e+01 3.458787427178911145e+01 4.494844636469003518e+01 6.175418842436855726e+01 6.864661875761005660e+01 6.864661875761005660e+01 6.864661875761005660e+01 6.222008278464129916e+01 4.908544529942793133e+01 4.908544529942793133e+01 4.782125497234165579e+01 7.687551388861021451e+01 1.081242451775763840e+02 9.667836534584210995e+01 6.721760306750998382e+01 3.171123505074236348e+01 1.861310351947430775e+01 7.652274273728378873e+00 7.652274273728378873e+00 7.652274273728378873e+00
7.652274273728378873e+00 7.652274273728378873e+00 1.578192826130200821e+01 1.997269370018656076e+01 2.805585277308383851e+01 3.458787427178911145e+01 3.573299925653269327e+01 4.353671457798574806e+01 3.573299925653269327e+01 3.061094545194017158e+01 3.061094545194017158e+01 2.554225807220190347e+01 3.622550916134373722e+01 7.687551388861021451e+01 1.081242451775763840e+02 9.667836534584210995e+01 6.721760306750998382e+01 3.171123505074236348e+01 1.861310351947430775e+01 7.652274273728378873e+00 7.652274273728378873e+00 7.652274273728378873e+00
7.652274273728378873e+00 7.652274273728378873e+00 7.652274273728378873e+00 7.652274273728378873e+00 1.578192826130200821e+01 1.578192826130200821e+01 1.578192826130200821e+01 1.578192826130200821e+01 1.578192826130200821e+01 1.578192826130200821e+01 1.578192826130200821e+01 1.603223559861159941e+01 3.375711712272399012e+01 7.687551388861021451e+01 1.038493214672111407e+02 9.667836534584210995e+01 6.611342179988155010e+01 3.171123505074236348e+01 1.861310351947430775e+01 7.652274273728378873e+00 7.652274273728378873e+00 7.652274273728378873e+00
7.652274273728378873e+00 7.652274273728378873e+00 7.652274273728378873e+00 7.652274273728378873e+00 7.652274273728378873e+00 7.652274273728378873e+00 1.111172692683099861e+01 1.111172692683099861e+01 7.652274273728378873e+00 7.652274273728378873e+00 7.652274273728378873e+00 2.050493429340830076e+01 3.375711712272399012e+01 7.687551388861021451e+01 1.038493214672111407e+02 9.667836534584210995e+01 6.611342179988155010e+01 3.171123505074236348e+01 1.861310351947430775e+01 7.652274273728378873e+00 7.652274273728378873e+00 7.652274273728378873e+00
7.652274273728378873e+00 7.652274273728378873e+00 7.652274273728378873e+00 7.652274273728378873e+00 7.652274273728378873e+00 7.652274273728378873e+00 7.652274273728378873e+00 7.652274273728378873e+00 7.652274273728378873e+00 7.652274273728378873e+00 7.652274273728378873e+00 2.050493429340830076e+01 3.375711712272399012e+01 7.687551388861021451e+01 1.038493214672111407e+02 9.667836534584210995e+01 6.244619657795513490e+01 3.171123505074236348e+01 1.861310351947430775e+01 7.652274273728378873e+00 7.652274273728378873e+00 7.652274273728378873e+00
7.652274273728378873e+00 7.652274273728378873e+00 7.652274273728378873e+00 7.652274273728378873e+00 7.652274273728378873e+00 7.652274273728378873e+00 7.652274273728378873e+00 7.652274273728378873e+00 7.652274273728378873e+00 7.652274273728378873e+00 7.652274273728378873e+00 1.111172692683099861e+01 3.375711712272399012e+01 5.732141053195510239e+01 8.907929458861546834e+01 8.787374828356435330e+01 6.053924751424319339e+01 3.108306484875090803e+01 1.861310351947430775e+01 7.652274273728378873e+00 7.652274273728378873e+00 7.652274273728378873e+00
7.652274273728378873e+00 7.652274273728378873e+00 7.652274273728378873e+00 7.652274273728378873e+00 7.652274273728378873e+00 7.652274273728378873e+00 7.652274273728378873e+00 7.652274273728378873e+00 7.652274273728378873e+00 7.652274273728378873e+00 7.652274273728378873e+00 1.111172692683099861e+01 3.375711712272399012e+01 5.986805291352521152e+01 8.380642040388826786e+01 7.654659586350038580e+01 5.314043535137182772e+01 3.026428963084898882e+01 1.665967201206148474e+01 7.652274273728378873e+00 7.652274273728378873e+00 7.652274273728378873e+00
