1.485388371109979122e+00 1.485388371109979122e+00 1.485388371109979122e+00 1.056318377522725616e+00 1.094513261071400567e+00 1.041908095358436315e+00 1.094513261071400567e+00 1.043843496472663279e+00 1.709975255147622386e+00 2.515877698664402917e+00 1.106115288716429035e+01 1.546601488402492786e+00 4.510519593253968118e+00 9.838274337348410503e-01 1.009623094175419622e+00 1.041908095358436315e+00 1.447207943193033142e+00 1.056318377522725616e+00 1.056318377522725616e+00 7.563271604938271997e-01 1.171223513775203173e+00 1.171223513775203173e+00
1.485388371109979122e+00 1.485388371109979122e+00 1.485388371109979122e+00 1.485388371109979122e+00 1.009623094175419622e+00 1.041908095358436315e+00 7.563271604938271997e-01 1.567453944422598333e+00 3.747418962025478972e+00 4.426495452401460362e+00 3.575405222562107355e+00 1.173621208960914686e+01 2.853258733389124302e+01 4.510519593253968118e+00 4.510519593253968118e+00 1.546601488402492786e+00 1.477375116086301343e+00 1.278120361142396133e+00 1.173069761025371083e+00 1.481574737733978520e+00 1.514443107166782765e+00 1.171223513775203173e+00
1.485388371109979122e+00 1.485388371109979122e+00 1.485388371109979122e+00 1.485388371109979122e+00 9.838274337348410503e-01 7.563271604938271997e-01 8.450707595053524201e+00 4.712363882700886464e+00 1.956392687344679082e+00 1.956392687344679082e+00 4.713998502105476440e+00 4.713998502105476440e+00 2.738414544112218252e+01 1.729188700459163641e+01 8.863548475190998488e+01 3.470258470773283221e+01 6.290914066739252775e+01 1.419112085527261646e+00 1.297438915607981302e+00 1.372165173707753594e+00 1.604172947171978114e+00 1.283958385341307906e+00
1.485388371109979122e+00 1.485388371109979122e+00 1.485388371109979122e+00 1.485388371109979122e+00 7.563271604938271997e-01 7.563271604938271997e-01 1.851317215377138892e+00 1.419112085527261646e+00 1.056318377522725616e+00 1.171223513775203173e+00 1.171223513775203173e+00 1.956392687344679082e+00 1.956392687344679082e+00 7.183356760068043023e+00 6.103287049285125931e+01 8.930913613246896432e+01 3.543222223856761843e+01 1.278120361142396133e+00 1.372165173707753594e+00 1.649002885562693699e+00 1.394860076800541027e+00 7.563271604938271997e-01
1.485388371109979122e+00 1.485388371109979122e+00 1.485388371109979122e+00 1.485388371109979122e+00 7.563271604938271997e-01 1.419112085527261646e+00 1.171223513775203173e+00 1.171223513775203173e+00 1.296674430713782522e+00 1.009623094175419622e+00 1.056318377522725616e+00 1.056318377522725616e+00 1.514443107166782765e+00 3.114071111311895734e+00 3.114071111311895734e+00 8.242647251257653807e+01 4.681086948237775403e+01 1.719784557071596609e+01 1.372165173707753594e+00 1.171223513775203173e+00 1.171223513775203173e+00 7.563271604938271997e-01
1.485388371109979122e+00 1.485388371109979122e+00 1.485388371109979122e+00 1.485388371109979122e+00 7.563271604938271997e-01 1.296674430713782522e+00 1.394860076800541027e+00 1.009623094175419622e+00 1.036331356096759526e+00 9.838274337348410503e-01 1.171223513775203173e+00 1.036331356096759526e+00 1.036331356096759526e+00 2.142369143956200972e+01 4.231536485890651988e+01 6.856223671602512582e+01 3.593523530575943870e+00 1.503160061726307672e+00 1.604172947171978114e+00 1.171223513775203173e+00 7.563271604938271997e-01 7.563271604938271997e-01
1.485388371109979122e+00 1.485388371109979122e+00 1.485388371109979122e+00 1.485388371109979122e+00 7.563271604938271997e-01 1.056318377522725616e+00 1.278120361142396133e+00 1.419112085527261646e+00 1.481574737733978520e+00 1.094513261071400567e+00 9.838274337348410503e-01 1.043843496472663279e+00 3.194960020972146708e+01 4.339045047031157765e+01 6.005902460317459202e+01 5.757255908180768245e+01 1.956392687344679082e+00 1.678110552146205858e+00 1.171223513775203173e+00 1.361572140077200288e+00 7.563271604938271997e-01 7.563271604938271997e-01
1.485388371109979122e+00 1.485388371109979122e+00 1.485388371109979122e+00 1.485388371109979122e+00 7.563271604938271997e-01 7.563271604938271997e-01 7.563271604938271997e-01 1.485388371109979122e+00 1.372165173707753594e+00 1.394860076800541027e+00 1.867992560852577810e+01 4.510519593253968118e+00 4.371622454395516399e+01 2.254349324626969775e+01 1.956392687344679082e+00 1.419112085527261646e+00 1.514443107166782765e+00 1.604981028584429703e+00 1.514443107166782765e+00 1.171223513775203173e+00 1.171223513775203173e+00 7.563271604938271997e-01
1.485388371109979122e+00 1.485388371109979122e+00 1.485388371109979122e+00 1.485388371109979122e+00 7.563271604938271997e-01 7.563271604938271997e-01 7.563271604938271997e-01 1.043843496472663279e+00 4.283696269351256092e+01 5.554239303643735326e+01 1.072142475092050944e+02 4.371622454395516399e+01 2.113340273538052116e+01 1.481574737733978520e+00 1.635438938740562120e+00 1.269838793999868765e+00 1.709975255147622386e+00 1.477375116086301343e+00 1.485388371109979122e+00 1.361572140077200288e+00 7.563271604938271997e-01 7.563271604938271997e-01
1.485388371109979122e+00 1.485388371109979122e+00 1.485388371109979122e+00 1.485388371109979122e+00 7.563271604938271997e-01 7.563271604938271997e-01 7.563271604938271997e-01 5.554239303643735326e+01 1.443520241069347492e+02 1.667209739295718975e+02 1.389954741985916939e+02 9.930795990867586909e+01 4.338960267234106993e+01 1.477375116086301343e+00 1.447207943193033142e+00 1.278120361142396133e+00 1.269838793999868765e+00 1.283958385341307906e+00 1.394860076800541027e+00 1.431338366473970281e+00 7.563271604938271997e-01 7.563271604938271997e-01
1.485388371109979122e+00 1.485388371109979122e+00 1.485388371109979122e+00 1.485388371109979122e+00 7.563271604938271997e-01 7.563271604938271997e-01 1.873585341955712735e+01 1.098233314501167683e+02 1.653021682862845125e+02 1.170845121490903722e+02 1.170845121490903722e+02 1.497887454375095899e+02 3.470258470773283221e+01 1.546601488402492786e+00 1.514792010508462017e+00 1.009623094175419622e+00 1.009623094175419622e+00 1.056318377522725616e+00 1.056318377522725616e+00 1.173069761025371083e+00 7.563271604938271997e-01 7.563271604938271997e-01
7.563271604938271997e-01 7.563271604938271997e-01 7.563271604938271997e-01 7.563271604938271997e-01 7.563271604938271997e-01 7.563271604938271997e-01 1.956392687344679082e+00 1.956392687344679082e+00 1.956392687344679082e+00 1.956392687344679082e+00 1.956392687344679082e+00 3.849678338499634833e+01 4.631176886514941771e+01 6.653995145294763347e+01 5.554239303643735326e+01 1.546601488402492786e+00 1.546601488402492786e+00 1.043843496472663279e+00 9.838274337348410503e-01 9.838274337348410503e-01 7.563271604938271997e-01 7.563271604938271997e-01
1.056318377522725616e+00 1.056318377522725616e+00 1.056318377522725616e+00 7.563271604938271997e-01 7.563271604938271997e-01 1.056318377522725616e+00 1.056318377522725616e+00 1.277684628074012885e+01 1.277684628074012885e+01 1.477966288113567561e+00 1.419112085527261646e+00 1.514443107166782765e+00 1.956392687344679082e+00 1.956392687344679082e+00 1.979601224611228716e+01 3.470258470773283221e+01 1.557470180416519590e+01 1.278120361142396133e+00 1.173069761025371083e+00 7.563271604938271997e-01 7.563271604938271997e-01 7.563271604938271997e-01
7.563271604938271997e-01 9.838274337348410503e-01 9.838274337348410503e-01 7.563271604938271997e-01 7.563271604938271997e-01 7.563271604938271997e-01 9.838274337348410503e-01 9.838274337348410503e-01 1.036331356096759526e+00 1.283958385341307906e+00 1.477375116086301343e+00 1.405159803696035770e+00 1.419112085527261646e+00 1.514443107166782765e+00 1.103030876253132675e+02 1.458062364035809537e+02 3.714829423925278462e+01 1.477375116086301343e+00 9.838274337348410503e-01 9.838274337348410503e-01 7.563271604938271997e-01 7.563271604938271997e-01
1.009623094175419622e+00 7.563271604938271997e-01 9.838274337348410503e-01 7.563271604938271997e-01 7.563271604938271997e-01 1.056318377522725616e+00 1.171223513775203173e+00 7.563271604938271997e-01 7.563271604938271997e-01 7.563271604938271997e-01 1.278120361142396133e+00 1.394860076800541027e+00 1.354621370247917511e+00 1.715544144554230543e+00 3.882304711502136030e+01 1.496892906701939978e+02 1.660602592439264242e+02 6.628495412996491609e+01 1.296674430713782522e+00 1.171223513775203173e+00 7.563271604938271997e-01 7.563271604938271997e-01
7.563271604938271997e-01 7.563271604938271997e-01 7.563271604938271997e-01 7.563271604938271997e-01 7.563271604938271997e-01 7.563271604938271997e-01 1.171223513775203173e+00 1.009623094175419622e+00 7.563271604938271997e-01 1.009623094175419622e+00 1.041908095358436315e+00 1.094513261071400567e+00 1.043843496472663279e+00 7.563271604938271997e-01 1.098233314501167683e+02 1.598761989109020476e+02 1.646829350872040436e+02 6.656295775739383203e+01 1.460679930128857551e+00 1.171223513775203173e+00 7.563271604938271997e-01 7.563271604938271997e-01
7.563271604938271997e-01 7.563271604938271997e-01 1.056318377522725616e+00 7.563271604938271997e-01 7.563271604938271997e-01 1.239707957668229055e+00 1.056318377522725616e+00 1.171223513775203173e+00 7.563271604938271997e-01 7.563271604938271997e-01 1.009623094175419622e+00 1.036331356096759526e+00 1.709975255147622386e+00 4.339045047031157765e+01 1.098233314501167683e+02 1.148480413137620673e+02 1.055905288879672099e+02 3.471187685595340611e+01 1.488831689590789598e+00 1.819399392899718082e+00 1.171223513775203173e+00 7.563271604938271997e-01
7.563271604938271997e-01 7.563271604938271997e-01 7.563271604938271997e-01 9.838274337348410503e-01 1.447207943193033142e+00 1.269838793999868765e+00 1.485388371109979122e+00 1.009623094175419622e+00 1.094513261071400567e+00 1.041908095358436315e+00 2.142369143956200972e+01 4.283696269351256092e+01 5.554239303643735326e+01 1.072142475092050944e+02 1.259919907807245352e+02 1.042307544626359430e+02 4.779785623378530346e+01 1.835447828868607356e+00 1.819399392899718082e+00 1.709975255147622386e+00 1.171223513775203173e+00 7.563271604938271997e-01
1.056318377522725616e+00 1.056318377522725616e+00 7.563271604938271997e-01 1.344120889487414150e+00 3.587245830534892210e+00 1.441901485619116796e+00 1.043843496472663279e+00 2.388686108892002125e+01 4.510519593253968118e+00 6.653995145294763347e+01 5.554239303643735326e+01 1.171780249845993893e+02 1.376364116562940580e+02 9.676542025931367164e+01 1.653021682862845125e+02 3.878687720374117909e+00 1.447207943193033142e+00 1.171223513775203173e+00 1.682625380166022033e+00 1.709975255147622386e+00 1.295167102871019438e+00 1.043843496472663279e+00
1.043843496472663279e+00 1.094513261071400567e+00 7.563271604938271997e-01 1.405159803696035770e+00 1.283958385341307906e+00 3.935441164276963555e+00 3.589672646981912685e+00 1.873585341955712735e+01 1.148480413137620673e+02 1.389954741985916939e+02 1.270831225749558797e+02 1.517302187024439206e+02 1.357809269240255503e+02 4.779785623378530346e+01 1.171223513775203173e+00 1.717794143866484102e+00 1.278120361142396133e+00 1.372165173707753594e+00 1.546601488402492786e+00 1.394860076800541027e+00 1.009623094175419622e+00 7.563271604938271997e-01
1.009623094175419622e+00 1.009623094175419622e+00 1.043843496472663279e+00 7.563271604938271997e-01 1.956392687344679082e+00 1.956392687344679082e+00 4.713998502105476440e+00 4.713998502105476440e+00 6.005902460317459202e+01 2.447568025151449334e+01 6.005902460317459202e+01 1.956392687344679082e+00 1.843475183062624723e+01 1.056318377522725616e+00 1.056318377522725616e+00 1.269838793999868765e+00 1.278120361142396133e+00 1.041908095358436315e+00 7.563271604938271997e-01 7.563271604938271997e-01 1.041908095358436315e+00 1.056318377522725616e+00
7.563271604938271997e-01 1.056318377522725616e+00 7.563271604938271997e-01 1.056318377522725616e+00 1.056318377522725616e+00 1.056318377522725616e+00 1.056318377522725616e+00 1.171223513775203173e+00 3.345594557851212070e+00 3.428103506919894983e+01 3.428103506919894983e+01 1.056318377522725616e+00 1.056318377522725616e+00 1.056318377522725616e+00 1.567453944422598333e+00 1.485388371109979122e+00 1.485388371109979122e+00 1.485388371109979122e+00 1.485388371109979122e+00 1.485388371109979122e+00 1.485388371109979122e+00 1.485388371109979122e+00
