5.476234567901234751e-01 5.476234567901234751e-01 5.476234567901234751e-01 5.476234567901234751e-01 5.864103223593963854e-01 5.476234567901234751e-01 5.476234567901234751e-01 7.563271604938271997e-01 1.119177216167768441e+00 1.194479276895943354e+00 7.025718694885362270e-01 7.025718694885362270e-01 1.009623094175419622e+00 5.864103223593963854e-01 9.838274337348410503e-01 9.838274337348410503e-01 1.009623094175419622e+00 1.274675296978651007e+00 1.344120889487414150e+00 1.626550633760466047e+00 1.194479276895943354e+00 7.025718694885362270e-01
5.476234567901234751e-01 5.476234567901234751e-01 5.476234567901234751e-01 5.864103223593963854e-01 5.476234567901234751e-01 5.476234567901234751e-01 9.542336628736156623e-01 9.348875041229920413e-01 1.283958385341307906e+00 1.283958385341307906e+00 5.864103223593963854e-01 5.864103223593963854e-01 7.025718694885362270e-01 5.476234567901234751e-01 7.563271604938271997e-01 7.563271604938271997e-01 1.119177216167768441e+00 1.327643550506185210e+00 1.477375116086301343e+00 1.394860076800541027e+00 1.194479276895943354e+00 5.864103223593963854e-01
5.476234567901234751e-01 5.476234567901234751e-01 5.476234567901234751e-01 5.864103223593963854e-01 5.476234567901234751e-01 5.476234567901234751e-01 9.542336628736156623e-01 1.009623094175419622e+00 7.025718694885362270e-01 7.025718694885362270e-01 7.563271604938271997e-01 7.563271604938271997e-01 9.838274337348410503e-01 1.424769300411522366e+01 1.043843496472663279e+00 1.531800555023214772e+00 1.401280161806324642e+00 1.415173716450336627e+00 1.514792010508462017e+00 1.327643550506185210e+00 9.542336628736156623e-01 7.025718694885362270e-01
5.476234567901234751e-01 5.476234567901234751e-01 5.476234567901234751e-01 5.864103223593963854e-01 5.476234567901234751e-01 1.041908095358436315e+00 1.173069761025371083e+00 9.542336628736156623e-01 7.563271604938271997e-01 7.563271604938271997e-01 1.043843496472663279e+00 4.283696269351256092e+01 5.554239303643735326e+01 5.554239303643735326e+01 1.546601488402492786e+00 1.531800555023214772e+00 1.398608735436374317e+00 1.173069761025371083e+00 1.372165173707753594e+00 9.542336628736156623e-01 7.025718694885362270e-01 7.563271604938271997e-01
5.864103223593963854e-01 5.476234567901234751e-01 5.476234567901234751e-01 5.864103223593963854e-01 5.476234567901234751e-01 1.398608735436374317e+00 1.173069761025371083e+00 1.194479276895943354e+00 7.563271604938271997e-01 4.510519593253968118e+00 4.283696269351256092e+01 1.148436336334053465e+02 1.467913878979857145e+02 1.665196621243903508e+02 1.299516207206086449e+02 8.381925354790114113e+01 1.477375116086301343e+00 1.441901485619116796e+00 1.394860076800541027e+00 5.864103223593963854e-01 7.563271604938271997e-01 7.563271604938271997e-01
1.180891528733458706e+00 1.056318377522725616e+00 5.864103223593963854e-01 7.025718694885362270e-01 5.476234567901234751e-01 1.237976190476190341e+00 1.194479276895943354e+00 1.394860076800541027e+00 4.718229706678780389e+01 4.873687137716461848e+01 1.389954741985916939e+02 7.537297677722457934e+01 1.655271863797292156e+02 1.458062364035809537e+02 1.670544898221634185e+02 1.526671258404999776e+02 6.628495412996491609e+01 1.477375116086301343e+00 1.119177216167768441e+00 5.864103223593963854e-01 7.563271604938271997e-01 7.563271604938271997e-01
1.171223513775203173e+00 9.838274337348410503e-01 7.563271604938271997e-01 9.542336628736156623e-01 7.563271604938271997e-01 1.036331356096759526e+00 4.510519593253968118e+00 4.339045047031157765e+01 3.937030621693121191e+01 1.851317215377138892e+00 1.180891528733458706e+00 1.626550633760466047e+00 6.103287049285125931e+01 1.663683874191651739e+02 1.670544898221634185e+02 1.666145754432377259e+02 1.285142045978697638e+02 2.889550611311936912e+00 1.398608735436374317e+00 5.864103223593963854e-01 7.563271604938271997e-01 5.476234567901234751e-01
1.180891528733458706e+00 1.173069761025371083e+00 9.246575543797767027e-01 1.274675296978651007e+00 1.036331356096759526e+00 4.718229706678780389e+01 7.626796922655121591e+01 2.142935653568970977e+01 1.327643550506185210e+00 1.056318377522725616e+00 1.180891528733458706e+00 1.180891528733458706e+00 1.405159803696035770e+00 1.665612171260808054e+02 1.670544898221634185e+02 1.666145754432377259e+02 8.404720612792824852e+01 1.460679930128857551e+00 1.396955483262673381e+00 1.194479276895943354e+00 7.563271604938271997e-01 5.864103223593963854e-01
1.094513261071400567e+00 1.009623094175419622e+00 1.194479276895943354e+00 1.043843496472663279e+00 1.387181189373897539e+01 7.626796922655121591e+01 6.801875275437599555e+01 1.796394991142466813e+00 5.864103223593963854e-01 1.056318377522725616e+00 1.043843496472663279e+00 1.801411092309240347e+00 4.283696269351256092e+01 1.665612171260808054e+02 1.621221090265499924e+02 1.659800634450567713e+02 3.471187685595340611e+01 1.396955483262673381e+00 1.327643550506185210e+00 9.542336628736156623e-01 7.025718694885362270e-01 7.025718694885362270e-01
1.043843496472663279e+00 1.034546938447011621e+00 1.372165173707753594e+00 1.387181189373897539e+01 1.047529024779248630e+02 4.371622454395516399e+01 4.159642009828250764e+01 2.515877698664402917e+00 1.237976190476190341e+00 9.348875041229920413e-01 1.041908095358436315e+00 4.283696269351256092e+01 5.554239303643735326e+01 1.670733713375701086e+02 1.664676100475706164e+02 8.404720612792824852e+01 1.803511643946359211e+00 1.401280161806324642e+00 1.171223513775203173e+00 5.864103223593963854e-01 5.864103223593963854e-01 7.563271604938271997e-01
1.056318377522725616e+00 1.036331356096759526e+00 7.563271604938271997e-01 1.148436336334053465e+02 1.366509511999244069e+02 1.462634030869999151e+02 7.236262296479482359e+01 1.546601488402492786e+00 1.567453944422598333e+00 1.867992560852577810e+01 4.873687137716461848e+01 1.047529024779248630e+02 1.458062364035809537e+02 1.655271863797292156e+02 1.655271863797292156e+02 3.471187685595340611e+01 1.398608735436374317e+00 1.180891528733458706e+00 1.171223513775203173e+00 5.864103223593963854e-01 5.864103223593963854e-01 5.864103223593963854e-01
1.398608735436374317e+00 1.071660523593004122e+00 6.677975683421516351e+01 1.670733713375701086e+02 1.665196621243903508e+02 1.520356229557713448e+02 1.147702846256649565e+02 1.072142475092050944e+02 1.443520241069347492e+02 9.765531050311840033e+01 5.827039785102990521e+01 1.804810076537295416e+00 1.496892906701939978e+02 1.663763100038982543e+02 7.537045972319091902e+01 2.888174134530532555e+01 1.531800555023214772e+00 1.546601488402492786e+00 1.394860076800541027e+00 1.194479276895943354e+00 7.563271604938271997e-01 5.476234567901234751e-01
1.398608735436374317e+00 1.405159803696035770e+00 1.405159803696035770e+00 1.662326582194432376e+02 1.670544898221634185e+02 1.670544898221634185e+02 1.670544898221634185e+02 1.478757065961403327e+02 1.659800634450567713e+02 1.804810076537295416e+00 1.804810076537295416e+00 4.588690731795646904e+00 7.537297677722457934e+01 1.603965154945740323e+02 6.628495412996491609e+01 2.241508035839006041e+00 1.180891528733458706e+00 1.056318377522725616e+00 1.056318377522725616e+00 1.071660523593004122e+00 7.563271604938271997e-01 5.864103223593963854e-01
1.398608735436374317e+00 1.171223513775203173e+00 1.180891528733458706e+00 1.180891528733458706e+00 1.664244236540424993e+02 1.666855389534793517e+02 1.666855389534793517e+02 1.655271863797292156e+02 1.957776864088232482e+00 1.493365465960169391e+00 1.423719334202813602e+00 1.626550633760466047e+00 5.627598883439882371e+01 1.346553535868958136e+02 6.628495412996491609e+01 1.398608735436374317e+00 9.542336628736156623e-01 1.033120940420809708e+00 1.094513261071400567e+00 1.423719334202813602e+00 1.405159803696035770e+00 5.864103223593963854e-01
1.040010443945629026e+00 1.033120940420809708e+00 7.025718694885362270e-01 1.033120940420809708e+00 1.593848482766635044e+00 1.180891528733458706e+00 1.180891528733458706e+00 1.180891528733458706e+00 1.796394991142466813e+00 1.604981028584429703e+00 1.448284394189816027e+00 1.297438915607981302e+00 1.509772506682844195e+01 1.424960513888889011e+02 8.404720612792824852e+01 1.398608735436374317e+00 1.180891528733458706e+00 1.036331356096759526e+00 1.639920954702635880e+00 1.626550633760466047e+00 1.194479276895943354e+00 5.864103223593963854e-01
7.025718694885362270e-01 7.025718694885362270e-01 1.043843496472663279e+00 1.034546938447011621e+00 1.119177216167768441e+00 1.033120940420809708e+00 1.033120940420809708e+00 1.033120940420809708e+00 1.546601488402492786e+00 1.477375116086301343e+00 1.394860076800541027e+00 4.283696269351256092e+01 1.665612171260808054e+02 1.639431952440216946e+02 8.404720612792824852e+01 1.398608735436374317e+00 1.180891528733458706e+00 1.180891528733458706e+00 1.180891528733458706e+00 1.180891528733458706e+00 1.431338366473970281e+00 5.864103223593963854e-01
7.563271604938271997e-01 7.563271604938271997e-01 5.476234567901234751e-01 5.476234567901234751e-01 1.034546938447011621e+00 1.171223513775203173e+00 1.283958385341307906e+00 5.864103223593963854e-01 1.056318377522725616e+00 7.025718694885362270e-01 7.025718694885362270e-01 7.563271604938271997e-01 1.670733713375701086e+02 1.663528328761439923e+02 8.404720612792824852e+01 1.477375116086301343e+00 1.094513261071400567e+00 1.180891528733458706e+00 1.171223513775203173e+00 1.033120940420809708e+00 7.025718694885362270e-01 7.563271604938271997e-01
5.864103223593963854e-01 5.476234567901234751e-01 5.476234567901234751e-01 1.180891528733458706e+00 1.180891528733458706e+00 9.246575543797767027e-01 1.071660523593004122e+00 1.056318377522725616e+00 9.542336628736156623e-01 9.348875041229920413e-01 7.563271604938271997e-01 8.378546141975307648e+01 1.670544898221634185e+02 1.666145754432377259e+02 8.404720612792824852e+01 1.477375116086301343e+00 1.398608735436374317e+00 1.398608735436374317e+00 1.171223513775203173e+00 1.283958385341307906e+00 7.025718694885362270e-01 5.864103223593963854e-01
7.563271604938271997e-01 7.563271604938271997e-01 1.056318377522725616e+00 1.398608735436374317e+00 1.180891528733458706e+00 1.194479276895943354e+00 1.173069761025371083e+00 1.119177216167768441e+00 9.542336628736156623e-01 1.056318377522725616e+00 1.036331356096759526e+00 4.283696269351256092e+01 1.670544898221634185e+02 1.666145754432377259e+02 8.404720612792824852e+01 1.804810076537295416e+00 1.534995867825748483e+00 1.297438915607981302e+00 1.394860076800541027e+00 7.025718694885362270e-01 7.563271604938271997e-01 5.864103223593963854e-01
7.025718694885362270e-01 5.476234567901234751e-01 1.094513261071400567e+00 1.043843496472663279e+00 1.009623094175419622e+00 1.237976190476190341e+00 1.033120940420809708e+00 1.394860076800541027e+00 1.173069761025371083e+00 9.838274337348410503e-01 1.034546938447011621e+00 1.405159803696035770e+00 1.533688717247239879e+02 1.658814482519402418e+02 8.404720612792824852e+01 1.832741781761381139e+00 1.493365465960169391e+00 1.274675296978651007e+00 1.194479276895943354e+00 5.864103223593963854e-01 7.563271604938271997e-01 5.476234567901234751e-01
5.476234567901234751e-01 5.864103223593963854e-01 5.864103223593963854e-01 5.864103223593963854e-01 1.094513261071400567e+00 1.009623094175419622e+00 1.094513261071400567e+00 1.398608735436374317e+00 1.173069761025371083e+00 1.274675296978651007e+00 1.297438915607981302e+00 1.405159803696035770e+00 1.509772506682844195e+01 1.348797626174020650e+02 4.250042817974593135e+01 1.858739182545980917e+00 1.429708232990234640e+00 1.171223513775203173e+00 5.864103223593963854e-01 5.476234567901234751e-01 5.476234567901234751e-01 5.864103223593963854e-01
5.476234567901234751e-01 5.476234567901234751e-01 5.476234567901234751e-01 5.476234567901234751e-01 5.864103223593963854e-01 5.864103223593963854e-01 1.009623094175419622e+00 1.398608735436374317e+00 1.296674430713782522e+00 1.327643550506185210e+00 1.119177216167768441e+00 7.563271604938271997e-01 1.509772506682844195e+01 8.930913613246896432e+01 4.250042817974593135e+01 1.803511643946359211e+00 1.171223513775203173e+00 9.542336628736156623e-01 5.864103223593963854e-01 5.476234567901234751e-01 5.864103223593963854e-01 5.476234567901234751e-01
